(-2190.67, -1532.21)
(-2188.67, -1530.21)
(-2185.67, -1528.21)
(-2182.67, -1526.21)
(-2179.67, -1523.21)
(-2175.67, -1520.21)
(-2171.67, -1517.21)
(-2166.67, -1514.21)
(-2162.67, -1510.21)
(-2157.67, -1507.21)
(-2152.67, -1503.21)
(-2147.67, -1499.21)
(-2143.67, -1495.21)
(-2138.67, -1490.21)
(-2133.67, -1486.21)
(-2128.67, -1481.21)
(-2123.67, -1477.21)
(-2119.67, -1472.21)
(-2114.67, -1467.21)
(-2110.67, -1462.21)
(-2110.67, -1462.21)
(-2107.67, -1457.21)
(-2103.67, -1452.21)
(-2100.68, -1447.21)
(-2097.68, -1441.21)
(-2095.68, -1436.21)
(-2092.68, -1430.21)
(-2090.68, -1424.21)
(-2087.68, -1418.21)
(-2085.68, -1412.21)
(-2082.68, -1407.21)
(-2079.68, -1401.21)
(-2076.68, -1394.21)
(-2073.68, -1387.21)
(-2069.68, -1380.21)
(-2064.68, -1373.21)
(-2059.68, -1366.21)
(-2054.68, -1359.21)
(-2047.68, -1351.21)
(-2040.68, -1343.21)
(-2040.68, -1343.21)
(-2033.68, -1335.21)
(-2024.68, -1326.21)
(-2014.68, -1316.21)
(-2004.68, -1305.21)
(-1993.68, -1294.21)
(-1981.69, -1283.21)
(-1969.69, -1271.21)
(-1957.69, -1259.21)
(-1945.69, -1248.21)
(-1932.69, -1236.21)
(-1920.69, -1225.21)
(-1907.69, -1214.21)
(-1895.69, -1204.21)
(-1883.7, -1195.21)
(-1871.7, -1186.21)
(-1860.7, -1179.21)
(-1849.7, -1172.21)
(-1840.7, -1167.21)
(-1830.7, -1163.21)
(-1830.7, -1163.21)
(-1822.7, -1161.21)
(-1814.7, -1160.21)
(-1806.7, -1160.21)
(-1799.7, -1161.21)
(-1792.7, -1163.21)
(-1786.7, -1166.21)
(-1779.7, -1169.21)
(-1773.7, -1174.21)
(-1767.7, -1178.21)
(-1761.7, -1183.21)
(-1756.7, -1188.21)
(-1750.7, -1194.21)
(-1744.7, -1199.21)
(-1739.7, -1204.21)
(-1733.7, -1209.21)
(-1728.7, -1213.21)
(-1722.7, -1217.21)
(-1716.7, -1221.21)
(-1710.7, -1223.21)
(-1710.7, -1223.21)
(-1704.7, -1225.21)
(-1698.7, -1227.21)
(-1692.7, -1228.21)
(-1686.7, -1229.21)
(-1680.7, -1230.21)
(-1674.7, -1231.21)
(-1668.7, -1231.21)
(-1662.7, -1232.21)
(-1656.7, -1232.21)
(-1651.7, -1233.21)
(-1645.71, -1233.21)
(-1639.71, -1234.21)
(-1633.71, -1235.21)
(-1628.71, -1235.21)
(-1622.71, -1236.21)
(-1617.71, -1238.21)
(-1611.71, -1239.21)
(-1606.71, -1241.21)
(-1600.71, -1243.21)
(-1600.71, -1243.21)
(-1595.71, -1246.21)
(-1590.71, -1249.21)
(-1585.71, -1253.21)
(-1580.71, -1257.21)
(-1575.71, -1262.21)
(-1570.71, -1267.21)
(-1565.71, -1272.21)
(-1561.71, -1277.21)
(-1556.71, -1283.21)
(-1551.71, -1288.21)
(-1547.71, -1292.21)
(-1542.71, -1297.21)
(-1537.71, -1301.21)
(-1533.71, -1305.21)
(-1528.71, -1308.21)
(-1524.71, -1311.21)
(-1519.71, -1312.21)
(-1515.71, -1313.21)
(-1510.71, -1313.21)
(-1510.71, -1313.21)
(-1506.7, -1312.21)
(-1502.7, -1310.21)
(-1498.7, -1308.21)
(-1494.7, -1304.21)
(-1490.7, -1300.21)
(-1486.7, -1296.21)
(-1482.7, -1291.21)
(-1479.7, -1286.21)
(-1475.7, -1280.21)
(-1471.7, -1274.21)
(-1467.7, -1268.21)
(-1463.7, -1262.21)
(-1459.7, -1256.21)
(-1455.7, -1250.21)
(-1450.7, -1244.21)
(-1446.7, -1238.21)
(-1441.7, -1233.21)
(-1436.7, -1228.21)
(-1430.7, -1223.21)
(-1430.7, -1223.21)
(-1425.7, -1219.21)
(-1419.7, -1214.21)
(-1413.7, -1209.21)
(-1407.7, -1203.21)
(-1401.7, -1198.21)
(-1394.7, -1192.21)
(-1388.7, -1187.21)
(-1381.7, -1181.21)
(-1374.7, -1176.21)
(-1368.7, -1171.21)
(-1361.7, -1166.21)
(-1353.7, -1162.21)
(-1346.7, -1158.21)
(-1339.7, -1155.21)
(-1331.7, -1153.21)
(-1324.7, -1152.21)
(-1316.7, -1151.21)
(-1308.7, -1152.21)
(-1300.7, -1153.21)
(-1300.7, -1153.21)
(-1292.7, -1156.21)
(-1284.7, -1160.21)
(-1275.7, -1164.21)
(-1266.7, -1170.21)
(-1257.7, -1176.21)
(-1248.7, -1183.21)
(-1239.7, -1191.21)
(-1229.7, -1199.21)
(-1220.7, -1207.21)
(-1210.7, -1217.21)
(-1200.7, -1226.21)
(-1191.7, -1236.21)
(-1182.7, -1245.21)
(-1173.7, -1255.21)
(-1164.7, -1265.21)
(-1155.7, -1275.21)
(-1146.7, -1285.21)
(-1138.7, -1294.21)
(-1130.7, -1303.21)
(-1130.7, -1303.21)
(-1123.7, -1313.21)
(-1117.7, -1324.21)
(-1111.7, -1335.21)
(-1106.7, -1348.21)
(-1101.7, -1361.21)
(-1097.7, -1374.21)
(-1092.7, -1388.21)
(-1088.7, -1401.21)
(-1084.7, -1414.21)
(-1079.7, -1427.21)
(-1075.7, -1439.21)
(-1069.7, -1451.21)
(-1064.7, -1461.21)
(-1057.7, -1471.21)
(-1050.7, -1478.21)
(-1042.7, -1485.21)
(-1032.7, -1489.21)
(-1022.7, -1492.21)
(-1010.7, -1492.21)
(-1010.7, -1492.21)
(-997.702, -1490.21)
(-982.702, -1484.21)
(-965.702, -1475.21)
(-948.702, -1463.21)
(-929.702, -1450.21)
(-909.701, -1435.21)
(-888.701, -1418.21)
(-867.701, -1402.21)
(-846.701, -1384.21)
(-824.701, -1366.21)
(-803.701, -1349.21)
(-782.701, -1332.21)
(-761.701, -1317.21)
(-741.701, -1303.21)
(-722.701, -1291.21)
(-705.701, -1282.21)
(-688.702, -1276.21)
(-673.702, -1273.21)
(-660.702, -1273.21)
(-660.702, -1273.21)
(-649.702, -1278.21)
(-639.702, -1285.21)
(-630.702, -1296.21)
(-623.702, -1309.21)
(-616.702, -1325.21)
(-610.702, -1342.21)
(-605.702, -1361.21)
(-601.702, -1382.21)
(-597.702, -1403.21)
(-593.702, -1424.21)
(-589.702, -1446.21)
(-586.702, -1468.21)
(-582.702, -1490.21)
(-578.702, -1511.21)
(-574.702, -1531.21)
(-569.702, -1549.21)
(-564.702, -1566.21)
(-558.702, -1580.21)
(-550.702, -1592.21)
(-550.702, -1592.21)
(-543.702, -1603.21)
(-534.702, -1612.21)
(-526.702, -1621.21)
(-517.702, -1629.21)
(-509.702, -1636.21)
(-499.702, -1643.21)
(-490.702, -1649.21)
(-481.702, -1654.21)
(-471.702, -1659.21)
(-461.702, -1663.21)
(-451.702, -1667.21)
(-441.702, -1670.21)
(-431.702, -1673.21)
(-421.702, -1675.21)
(-411.702, -1677.21)
(-401.702, -1679.21)
(-391.702, -1680.21)
(-380.702, -1681.21)
(-370.702, -1682.21)
(-370.702, -1682.21)
(-360.702, -1682.21)
(-350.702, -1681.21)
(-339.702, -1679.21)
(-328.702, -1676.21)
(-317.702, -1673.21)
(-305.702, -1669.21)
(-294.702, -1664.21)
(-282.702, -1659.21)
(-271.702, -1654.21)
(-260.702, -1648.21)
(-249.702, -1643.21)
(-238.702, -1638.21)
(-227.702, -1634.21)
(-216.702, -1630.21)
(-206.702, -1626.21)
(-197.702, -1624.21)
(-187.702, -1622.21)
(-179.702, -1622.21)
(-170.702, -1622.21)
(-170.702, -1622.21)
(-163.702, -1624.21)
(-155.702, -1625.21)
(-147.702, -1626.21)
(-140.702, -1627.21)
(-133.702, -1629.21)
(-126.702, -1631.21)
(-119.702, -1634.21)
(-112.702, -1637.21)
(-106.702, -1640.21)
(-101.702, -1645.21)
(-95.7016, -1650.21)
(-90.7016, -1656.21)
(-86.7016, -1663.21)
(-82.7016, -1671.21)
(-79.7016, -1681.21)
(-76.7016, -1691.21)
(-73.7016, -1703.21)
(-71.7016, -1717.21)
(-70.7016, -1732.21)
(-70.7016, -1732.21)
(-70.7016, -1750.21)
(-70.7016, -1770.2)
(-70.7016, -1793.2)
(-72.7016, -1818.2)
(-73.7016, -1844.21)
(-75.7016, -1873.21)
(-78.7016, -1902.21)
(-81.7016, -1932.21)
(-84.7016, -1963.21)
(-88.7016, -1994.21)
(-92.7016, -2025.21)
(-97.7016, -2056.21)
(-102.702, -2085.21)
(-108.702, -2114.21)
(-113.702, -2142.21)
(-120.702, -2168.21)
(-126.702, -2192.21)
(-133.702, -2213.21)
(-140.702, -2232.21)
(-140.702, -2232.21)
(-148.702, -2250.21)
(-157.702, -2266.21)
(-166.702, -2282.21)
(-176.702, -2298.21)
(-187.702, -2313.21)
(-198.702, -2326.21)
(-209.702, -2339.21)
(-221.702, -2351.21)
(-233.702, -2362.21)
(-245.702, -2372.21)
(-258.702, -2381.21)
(-270.702, -2388.21)
(-282.702, -2395.2)
(-294.702, -2400.2)
(-306.702, -2403.2)
(-318.702, -2405.2)
(-329.702, -2406.2)
(-340.702, -2405.2)
(-350.702, -2402.2)
(-350.702, -2402.2)
(-360.702, -2397.2)
(-370.702, -2390.21)
(-380.702, -2381.21)
(-390.702, -2369.21)
(-400.702, -2355.21)
(-410.702, -2340.21)
(-419.702, -2324.21)
(-429.702, -2306.21)
(-438.702, -2287.21)
(-447.702, -2268.21)
(-456.702, -2248.21)
(-465.702, -2229.21)
(-474.702, -2209.21)
(-482.702, -2189.21)
(-491.702, -2170.21)
(-498.702, -2151.21)
(-506.702, -2134.21)
(-513.702, -2117.21)
(-520.702, -2102.21)
(-520.702, -2102.21)
(-527.702, -2088.21)
(-533.702, -2074.21)
(-539.702, -2059.21)
(-544.702, -2045.21)
(-548.702, -2030.21)
(-553.702, -2016.21)
(-557.702, -2002.21)
(-561.702, -1988.21)
(-565.702, -1974.21)
(-569.702, -1961.21)
(-573.702, -1948.21)
(-577.702, -1935.21)
(-581.702, -1923.21)
(-585.702, -1911.21)
(-590.702, -1900.21)
(-594.702, -1889.21)
(-599.702, -1880.21)
(-605.702, -1871.21)
(-610.702, -1862.21)
(-610.702, -1862.21)
(-617.702, -1855.21)
(-623.702, -1848.21)
(-630.702, -1842.21)
(-637.702, -1836.21)
(-644.702, -1831.2)
(-652.702, -1826.2)
(-659.702, -1822.2)
(-667.702, -1819.2)
(-675.702, -1816.2)
(-682.702, -1813.2)
(-690.702, -1811.2)
(-698.701, -1809.2)
(-706.701, -1807.2)
(-714.701, -1806.2)
(-721.701, -1805.2)
(-729.701, -1804.2)
(-736.701, -1803.2)
(-743.701, -1803.2)
(-750.701, -1802.2)
(-750.701, -1802.2)
(-757.701, -1802.2)
(-764.701, -1800.2)
(-771.701, -1799.2)
(-778.701, -1797.2)
(-785.701, -1795.2)
(-792.701, -1794.2)
(-800.701, -1792.2)
(-806.701, -1791.2)
(-813.701, -1790.2)
(-820.701, -1791.2)
(-827.701, -1792.2)
(-833.701, -1794.2)
(-839.701, -1797.2)
(-845.701, -1802.2)
(-851.701, -1808.2)
(-856.701, -1816.2)
(-861.701, -1826.2)
(-866.701, -1838.21)
(-870.701, -1852.21)
(-870.701, -1852.21)
(-874.701, -1869.21)
(-877.701, -1890.21)
(-880.701, -1914.21)
(-882.701, -1940.21)
(-884.701, -1969.21)
(-886.701, -1999.21)
(-887.701, -2032.21)
(-888.701, -2065.21)
(-889.701, -2098.21)
(-890.701, -2132.21)
(-891.701, -2166.21)
(-892.701, -2199.21)
(-893.701, -2232.21)
(-895.701, -2263.21)
(-897.701, -2292.21)
(-899.701, -2319.21)
(-902.701, -2343.21)
(-906.701, -2364.21)
(-910.701, -2382.21)
(-910.701, -2382.21)
(-915.702, -2397.2)
(-921.702, -2410.2)
(-927.702, -2422.2)
(-934.702, -2430.2)
(-941.702, -2438.2)
(-948.702, -2445.2)
(-955.702, -2450.2)
(-963.702, -2454.2)
(-971.702, -2457.2)
(-979.702, -2459.2)
(-988.702, -2461.2)
(-996.702, -2461.2)
(-1004.7, -2462.2)
(-1012.7, -2462.2)
(-1020.7, -2461.2)
(-1028.7, -2461.2)
(-1036.7, -2461.2)
(-1043.7, -2461.2)
(-1050.7, -2461.2)
(-1050.7, -2461.2)
(-1057.7, -2462.2)
(-1064.7, -2463.2)
(-1070.7, -2465.2)
(-1077.7, -2466.2)
(-1083.7, -2467.2)
(-1089.7, -2469.2)
(-1096.7, -2470.21)
(-1102.7, -2470.21)
(-1108.7, -2470.21)
(-1114.7, -2469.2)
(-1120.7, -2467.2)
(-1126.7, -2464.2)
(-1132.7, -2460.2)
(-1139.7, -2454.2)
(-1145.7, -2447.2)
(-1151.7, -2438.2)
(-1157.7, -2428.2)
(-1164.7, -2417.2)
(-1170.7, -2402.2)
(-1170.7, -2402.2)
(-1177.7, -2385.21)
(-1184.7, -2364.21)
(-1191.7, -2340.21)
(-1198.7, -2313.21)
(-1206.7, -2284.21)
(-1213.7, -2254.21)
(-1221.7, -2221.21)
(-1228.7, -2188.21)
(-1235.7, -2154.21)
(-1243.7, -2120.21)
(-1250.7, -2086.21)
(-1257.7, -2053.21)
(-1264.7, -2021.21)
(-1271.7, -1990.21)
(-1277.7, -1961.21)
(-1284.7, -1935.21)
(-1290.7, -1911.21)
(-1295.7, -1890.21)
(-1300.7, -1872.21)
(-1300.7, -1872.21)
(-1305.7, -1858.21)
(-1309.7, -1846.21)
(-1313.7, -1836.21)
(-1317.7, -1827.2)
(-1320.7, -1821.2)
(-1323.7, -1815.2)
(-1326.7, -1812.2)
(-1329.7, -1809.2)
(-1331.7, -1808.2)
(-1333.7, -1807.2)
(-1336.7, -1807.2)
(-1338.7, -1808.2)
(-1341.7, -1809.2)
(-1344.7, -1810.2)
(-1346.7, -1811.2)
(-1349.7, -1812.2)
(-1353.7, -1812.2)
(-1356.7, -1813.2)
(-1360.7, -1812.2)
(-1360.7, -1812.2)
(-1365.7, -1812.2)
(-1369.7, -1811.2)
(-1374.7, -1811.2)
(-1380.7, -1811.2)
(-1385.7, -1811.2)
(-1390.7, -1812.2)
(-1396.7, -1812.2)
(-1402.7, -1813.2)
(-1407.7, -1815.2)
(-1413.7, -1816.2)
(-1419.7, -1818.2)
(-1425.7, -1820.2)
(-1430.7, -1822.2)
(-1436.7, -1825.2)
(-1441.7, -1828.2)
(-1446.7, -1831.2)
(-1451.7, -1834.2)
(-1456.7, -1838.21)
(-1460.7, -1842.21)
(-1460.7, -1842.21)
(-1465.7, -1847.21)
(-1469.7, -1851.21)
(-1473.7, -1856.21)
(-1477.7, -1860.21)
(-1481.7, -1865.21)
(-1485.7, -1871.21)
(-1489.7, -1876.21)
(-1493.7, -1882.21)
(-1496.7, -1888.21)
(-1500.7, -1895.21)
(-1503.7, -1902.21)
(-1506.7, -1909.21)
(-1509.71, -1917.21)
(-1511.71, -1925.21)
(-1514.71, -1933.21)
(-1516.71, -1942.21)
(-1518.71, -1952.21)
(-1519.71, -1962.21)
(-1520.71, -1972.21)
(-1520.71, -1972.21)
(-1521.71, -1984.21)
(-1521.71, -1997.21)
(-1520.71, -2011.21)
(-1519.71, -2026.21)
(-1517.71, -2042.21)
(-1515.71, -2058.21)
(-1513.71, -2075.21)
(-1510.71, -2092.21)
(-1508.71, -2110.21)
(-1505.7, -2127.21)
(-1503.7, -2144.21)
(-1501.7, -2161.21)
(-1499.7, -2177.21)
(-1498.7, -2193.21)
(-1497.7, -2207.21)
(-1497.7, -2220.21)
(-1497.7, -2233.21)
(-1498.7, -2243.21)
(-1500.7, -2252.21)
(-1500.7, -2252.21)
(-1504.7, -2260.21)
(-1508.71, -2267.21)
(-1513.71, -2274.21)
(-1518.71, -2280.21)
(-1525.71, -2285.21)
(-1531.71, -2290.21)
(-1539.71, -2294.21)
(-1546.71, -2297.21)
(-1554.71, -2300.21)
(-1562.71, -2302.21)
(-1570.71, -2303.21)
(-1578.71, -2303.21)
(-1585.71, -2303.21)
(-1592.71, -2301.21)
(-1599.71, -2299.21)
(-1606.71, -2296.21)
(-1611.71, -2293.21)
(-1616.71, -2288.21)
(-1620.71, -2282.21)
(-1620.71, -2282.21)
(-1624.71, -2275.21)
(-1627.71, -2266.21)
(-1629.71, -2255.21)
(-1631.71, -2243.21)
(-1633.71, -2229.21)
(-1634.71, -2214.21)
(-1635.71, -2198.21)
(-1635.71, -2181.21)
(-1636.71, -2165.21)
(-1636.71, -2147.21)
(-1636.71, -2130.21)
(-1637.71, -2114.21)
(-1637.71, -2097.21)
(-1637.71, -2082.21)
(-1637.71, -2067.21)
(-1638.71, -2053.21)
(-1638.71, -2041.21)
(-1639.71, -2031.21)
(-1640.71, -2022.21)
(-1640.71, -2022.21)
(-1642.71, -2015.21)
(-1643.71, -2009.21)
(-1644.71, -2004.21)
(-1646.71, -2000.21)
(-1647.71, -1997.21)
(-1648.71, -1995.21)
(-1649.7, -1993.21)
(-1651.7, -1992.21)
(-1652.7, -1992.21)
(-1654.7, -1992.21)
(-1655.7, -1992.21)
(-1657.7, -1992.21)
(-1658.7, -1992.21)
(-1660.7, -1993.21)
(-1662.7, -1993.21)
(-1664.7, -1993.21)
(-1666.7, -1993.21)
(-1668.7, -1993.21)
(-1670.7, -1992.21)
(-1670.7, -1992.21)
(-1673.7, -1991.21)
(-1675.7, -1990.21)
(-1677.7, -1989.21)
(-1680.7, -1988.21)
(-1682.7, -1988.21)
(-1684.7, -1987.21)
(-1687.7, -1986.21)
(-1689.7, -1986.21)
(-1692.7, -1985.21)
(-1695.7, -1984.21)
(-1698.7, -1984.21)
(-1701.7, -1984.21)
(-1705.7, -1983.21)
(-1708.7, -1983.21)
(-1712.7, -1983.21)
(-1716.7, -1982.21)
(-1721.7, -1982.21)
(-1725.7, -1982.21)
(-1730.7, -1982.21)
(-1730.7, -1982.21)
(-1736.7, -1982.21)
(-1741.7, -1982.21)
(-1747.7, -1981.21)
(-1752.7, -1980.21)
(-1758.7, -1979.21)
(-1764.7, -1978.21)
(-1771.7, -1978.21)
(-1777.7, -1977.21)
(-1784.7, -1976.21)
(-1791.7, -1976.21)
(-1798.7, -1976.21)
(-1806.7, -1976.21)
(-1814.7, -1977.21)
(-1822.7, -1978.21)
(-1831.7, -1979.21)
(-1840.7, -1981.21)
(-1850.7, -1984.21)
(-1860.7, -1988.21)
(-1870.7, -1992.21)
(-1870.7, -1992.21)
(-1882.7, -1998.21)
(-1894.69, -2004.21)
(-1907.69, -2012.21)
(-1921.69, -2021.21)
(-1936.69, -2030.21)
(-1951.69, -2040.21)
(-1966.69, -2051.21)
(-1982.69, -2062.21)
(-1998.68, -2073.21)
(-2014.68, -2084.21)
(-2030.68, -2095.21)
(-2046.68, -2106.21)
(-2061.68, -2116.21)
(-2076.68, -2126.21)
(-2090.68, -2135.21)
(-2104.67, -2144.21)
(-2117.67, -2151.21)
(-2129.67, -2157.21)
(-2140.67, -2162.21)
(-2140.67, -2162.21)
(-2151.67, -2166.21)
(-2160.67, -2169.21)
(-2170.67, -2171.21)
(-2179.67, -2173.21)
(-2187.67, -2174.21)
(-2195.67, -2175.21)
(-2203.67, -2175.21)
(-2210.67, -2174.21)
(-2217.67, -2173.21)
(-2224.67, -2172.21)
(-2230.67, -2171.21)
(-2236.67, -2169.21)
(-2242.66, -2167.21)
(-2247.66, -2164.21)
(-2252.66, -2162.21)
(-2257.66, -2160.21)
(-2262.66, -2157.21)
(-2266.66, -2155.21)
(-2270.66, -2152.21)
(-2270.66, -2152.21)
(-2275.66, -2150.21)
(-2279.66, -2147.21)
(-2282.66, -2144.21)
(-2286.66, -2141.21)
(-2289.66, -2137.21)
(-2292.66, -2134.21)
(-2295.66, -2130.21)
(-2298.66, -2126.21)
(-2300.66, -2121.21)
(-2302.66, -2117.21)
(-2303.66, -2112.21)
(-2305.66, -2108.21)
(-2305.66, -2103.21)
(-2306.66, -2098.21)
(-2306.66, -2093.21)
(-2305.66, -2088.21)
(-2304.66, -2083.21)
(-2302.66, -2077.21)
(-2300.66, -2072.21)
(-2300.66, -2072.21)
(-2297.66, -2067.21)
(-2293.66, -2062.21)
(-2288.66, -2057.21)
(-2281.66, -2051.21)
(-2274.66, -2046.21)
(-2266.66, -2041.21)
(-2258.66, -2035.21)
(-2250.66, -2030.21)
(-2241.66, -2024.21)
(-2232.67, -2018.21)
(-2224.67, -2012.21)
(-2216.67, -2006.21)
(-2208.67, -1999.21)
(-2201.67, -1992.21)
(-2195.67, -1985.21)
(-2189.67, -1977.21)
(-2185.67, -1969.21)
(-2182.67, -1961.21)
(-2180.67, -1952.21)
(-2180.67, -1952.21)
(-2180.67, -1943.21)
(-2180.67, -1932.21)
(-2182.67, -1920.21)
(-2184.67, -1908.21)
(-2186.67, -1895.21)
(-2190.67, -1881.21)
(-2193.67, -1867.21)
(-2198.67, -1853.21)
(-2203.67, -1839.21)
(-2208.67, -1825.2)
(-2214.67, -1811.2)
(-2220.67, -1798.2)
(-2227.67, -1785.2)
(-2233.67, -1773.2)
(-2241.66, -1763.2)
(-2248.66, -1753.21)
(-2255.66, -1745.21)
(-2263.66, -1738.21)
(-2270.66, -1732.21)
(-2270.66, -1732.21)
(-2279.66, -1729.21)
(-2288.66, -1727.21)
(-2297.66, -1726.21)
(-2308.66, -1727.21)
(-2319.66, -1729.21)
(-2331.66, -1733.21)
(-2343.66, -1736.21)
(-2355.66, -1741.21)
(-2367.66, -1746.21)
(-2380.66, -1751.21)
(-2392.65, -1757.21)
(-2404.65, -1762.21)
(-2415.65, -1767.2)
(-2426.65, -1771.2)
(-2437.65, -1776.2)
(-2447.65, -1779.2)
(-2456.65, -1781.2)
(-2463.65, -1782.2)
(-2470.65, -1782.2)
(-2470.65, -1782.2)
(-2476.65, -1781.2)
(-2482.65, -1779.2)
(-2487.65, -1777.2)
(-2491.65, -1774.2)
(-2495.65, -1770.2)
(-2499.65, -1766.2)
(-2502.65, -1762.21)
(-2504.65, -1757.21)
(-2506.65, -1752.21)
(-2508.65, -1747.21)
(-2510.65, -1742.21)
(-2511.65, -1737.21)
(-2511.65, -1731.21)
(-2512.65, -1726.21)
(-2512.65, -1721.21)
(-2512.65, -1716.21)
(-2512.65, -1711.21)
(-2511.65, -1706.21)
(-2510.65, -1702.21)
(-2510.65, -1702.21)
(-2509.65, -1698.21)
(-2507.65, -1695.21)
(-2505.65, -1691.21)
(-2501.65, -1687.21)
(-2498.65, -1684.21)
(-2494.65, -1680.21)
(-2489.65, -1677.21)
(-2485.65, -1673.21)
(-2480.65, -1670.21)
(-2475.65, -1666.21)
(-2470.65, -1663.21)
(-2465.65, -1659.21)
(-2460.65, -1655.21)
(-2456.65, -1652.21)
(-2452.65, -1648.21)
(-2448.65, -1644.21)
(-2445.65, -1640.21)
(-2442.65, -1636.21)
(-2440.65, -1632.21)
(-2440.65, -1632.21)
(-2439.65, -1628.21)
(-2438.65, -1624.21)
(-2436.65, -1620.21)
(-2435.65, -1616.21)
(-2435.65, -1612.21)
(-2434.65, -1608.21)
(-2434.65, -1604.21)
(-2434.65, -1600.21)
(-2434.65, -1596.21)
(-2434.65, -1591.21)
(-2435.65, -1587.21)
(-2436.65, -1582.21)
(-2437.65, -1577.21)
(-2439.65, -1572.21)
(-2440.65, -1567.21)
(-2442.65, -1561.21)
(-2445.65, -1555.21)
(-2447.65, -1549.21)
(-2450.65, -1542.21)
(-2450.65, -1542.21)
(-2454.65, -1535.21)
(-2459.65, -1526.21)
(-2466.65, -1517.21)
(-2473.65, -1507.21)
(-2481.65, -1497.21)
(-2490.65, -1486.21)
(-2499.65, -1474.21)
(-2508.65, -1463.21)
(-2517.65, -1452.21)
(-2525.65, -1440.21)
(-2534.65, -1430.21)
(-2541.65, -1419.21)
(-2548.65, -1409.21)
(-2554.65, -1401.21)
(-2558.65, -1393.21)
(-2562.64, -1386.21)
(-2563.64, -1381.21)
(-2563.64, -1376.21)
(-2560.64, -1373.21)
(-2560.64, -1373.21)
(-2556.65, -1372.21)
(-2549.65, -1372.21)
(-2541.65, -1373.21)
(-2520.65, -1374.21)
(-2520.65, -1374.21)
(-2511.65, -1374.21)
(-2511.65, -1374.21)
(-2495.65, -1379.21)
(-2495.65, -1379.21)
(-2480.65, -1383.21)
(-2480.65, -1383.21)
(-2455.65, -1393.21)
(-2455.65, -1393.21)
(-2442.65, -1398.21)
(-2442.65, -1398.21)
(-2442.65, -1398.21)
(-2442.65, -1398.21)
(-2382.66, -1443.21)
(-2382.66, -1443.21)
(-2330.66, -1490.21)
(-2330.66, -1490.21)
(-2278.66, -1528.21)
(-2278.66, -1528.21)
(-2250.66, -1535.21)
(-2250.66, -1535.21)
(-2236.67, -1536.21)
(-2236.67, -1536.21)
(-2222.67, -1536.21)
(-2222.67, -1536.21)
(-2203.67, -1536.21)
(-2203.67, -1536.21)
(-2186.67, -1529.21)
(-2186.67, -1529.21)