---
(135.918, -418.13)
(340.926, -430.132)
(338.926, -430.132)
(338.926, -429.132)
(512.927, -429.132)
(621.926, -456.124)
(680.908, -532.132)
(795.911, -632.121)
(795.911, -633.122)
(839.917, -735)
(910.381, -881.802)
(911.381, -958.772)
(910.381, -958.772)
(910.381, -961.772)
(828.371, -1006.75)
(751.367, -1030.75)
(665.368, -1041.76)
(587.117, -1128.4)
(587.117, -1129.4)
(586.117, -1130.4)
(583.117, -1186.38)
(584.117, -1187.38)
(584.117, -1189.38)
(585.117, -1190.38)
(650.097, -1225.33)
(652.097, -1226.33)
(653.096, -1226.33)
(654.096, -1227.33)
(656.096, -1227.33)
(657.096, -1228.33)
(661.096, -1228.33)
(667.096, -1230.33)
(669.096, -1230.33)
(765.096, -1258.28)
(769.096, -1259.28)
(772.095, -1259.28)
(773.095, -1260.28)
(775.095, -1261.28)
(777.096, -1261.28)
(778.096, -1262.28)
(859.1, -1275.28)
(861.1, -1275.28)
(862.1, -1276.28)
(867.1, -1276.28)
(871.1, -1277.28)
(924.104, -1298.28)
(931.135, -1368.25)
(916.136, -1418.25)
(915.136, -1420.25)
(844.13, -1456.25)
(841.129, -1456.25)
(840.13, -1457.25)
(836.129, -1457.25)
(833.129, -1458.25)
(829.129, -1458.25)
(739.126, -1481.25)
(736.125, -1481.25)
(735.125, -1482.25)
(734.125, -1482.25)
(732.125, -1483.25)
(649.127, -1491.25)
(634.147, -1491.25)
(533.148, -1486.25)
(531.148, -1485.25)
(523.148, -1485.25)
(520.148, -1484.25)
(425.148, -1464.25)
(422.148, -1463.25)
(420.148, -1463.25)
(419.148, -1462.25)
(409.148, -1459.25)
(311.143, -1436.25)
(291.142, -1428.25)
(289.142, -1428.25)
(115.114, -1396.24)
(51.1157, -1438.24)
(50.1157, -1438.24)
(42.1161, -1512.24)
(42.1161, -1526.24)
(55.1157, -1637.27)
(55.1157, -1643.27)
(54.1156, -1646.27)
(15.1171, -1722.26)
(12.117, -1724.26)
(9.11688, -1725.26)
(-64.8845, -1746.29)
(-71.8844, -1746.29)
(-77.8846, -1747.29)
(-172.882, -1721.27)
(-184.882, -1713.27)
(-186.882, -1710.27)
(-214.882, -1656.27)
(-214.882, -1650.27)
(-215.882, -1646.27)
(-214.882, -1568.24)
(-213.882, -1565.24)
(-213.882, -1559.24)
(-212.882, -1555.24)
(-205.883, -1493.25)
(-204.882, -1492.25)
(-204.882, -1490.25)
(-202.882, -1488.25)
(-198.882, -1404.25)
(-200.883, -1400.25)
(-200.883, -1398.25)
(-240.883, -1366.25)
(-454.303, -1249.71)
(-455.303, -1248.71)
(-433.303, -1167.8)
(-431.303, -1165.8)
(-431.303, -1163.8)
(-394.303, -1120.83)
(-393.303, -1118.83)
(-390.303, -1115.82)
(-307.301, -1064.87)
(-302.302, -1062.87)
(-218.3, -1037.87)
(-212.3, -1034.87)
(-209.3, -1034.87)
(-130.301, -1004.87)
(-95.6609, -919.576)
(-141.656, -883.578)
(-145.656, -877.578)
(-149.656, -874.578)
(-220.656, -825.68)
(-225.656, -823.679)
(-284.658, -790.688)
(-288.658, -785.688)
(-290.658, -784.688)
(-313.008, -663.032)
(-314.008, -662.032)
(-293.01, -647.029)
(-289.01, -645.029)
(-284.01, -645.029)
(-282.01, -644.028)
(-206.008, -645.029)
(-203.008, -646.029)
(-132.008, -655.031)
(-127.008, -657.031)
(-121.009, -658.031)
(-31.2844, -655.485)
(-12.2837, -619.478)
(-10.2836, -616.478)
(-9.28351, -613.478)
(18.7169, -568.495)
(20.717, -563.495)
(22.7167, -562.494)
(53.7159, -507.493)
(56.7158, -496.493)
(80.716, -459.491)
(87.715, -451.49)
(135.714, -422.488)
(135.714, -421.487)
(136.714, -421.487)
---
(160.424, -505.354)
(199.425, -508.354)
(267.431, -514.354)
(391.433, -525.353)
(502.434, -540.353)
(540.435, -557.352)
(540.435, -558.352)
(576.435, -598.35)
(576.435, -599.35)
(578.435, -600.35)
(626.435, -635.353)
(626.435, -636.353)
(627.435, -636.353)
(628.435, -637.353)
(690.401, -671.951)
(709.401, -708.949)
(709.401, -709.949)
(710.401, -710.949)
(751.401, -781.834)
(751.401, -782.827)
(752.401, -782.827)
(794.401, -857.828)
(792.401, -917.726)
(791.401, -917.726)
(721.401, -935.727)
(719.401, -936.727)
(638.401, -958.706)
(555.402, -1003.69)
(554.402, -1003.69)
(489.376, -1063.98)
(482.376, -1105.95)
(481.376, -1105.95)
(481.376, -1106.95)
(483.376, -1199.93)
(504.376, -1258.84)
(547.376, -1284.84)
(634.376, -1302.84)
(634.376, -1303.84)
(705.376, -1329.84)
(789.376, -1335.84)
(790.376, -1335.85)
(793.376, -1364.86)
(793.376, -1365.86)
(788.376, -1381.86)
(788.376, -1382.86)
(756.376, -1393.86)
(705.376, -1404.86)
(704.376, -1404.86)
(644.376, -1407.86)
(565.376, -1403.86)
(489.376, -1394.86)
(395.379, -1373.86)
(394.378, -1372.86)
(393.378, -1372.86)
(304.378, -1355.87)
(190.369, -1335.87)
(134.329, -1314.33)
(87.3274, -1305.33)
(21.3254, -1340.33)
(21.3254, -1341.33)
(19.3253, -1343.33)
(-26.6768, -1383.34)
(-39.6772, -1435.34)
(-39.6772, -1436.34)
(-39.6772, -1437.34)
(-41.6772, -1499.34)
(-44.6772, -1547.35)
(-45.6772, -1547.35)
(-52.6774, -1598.35)
(-56.9276, -1626.37)
(-76.9282, -1638.38)
(-76.9282, -1639.38)
(-105.928, -1637.38)
(-106.928, -1637.38)
(-114.928, -1610.38)
(-113.928, -1566.38)
(-113.928, -1565.38)
(-105.928, -1514.38)
(-104.928, -1443.38)
(-104.928, -1442.38)
(-98.7114, -1365.02)
(-128.71, -1327.02)
(-129.71, -1326.02)
(-183.71, -1281.02)
(-246.708, -1251.02)
(-307.708, -1231.06)
(-319.708, -1205.09)
(-319.708, -1202.09)
(-289.708, -1182.09)
(-287.708, -1180.09)
(-285.708, -1179.09)
(-242.708, -1161.1)
(-241.708, -1160.1)
(-239.709, -1159.1)
(-171.71, -1130.1)
(-171.71, -1129.1)
(-170.71, -1128.1)
(-81.6714, -1106.14)
(-27.6705, -1056.14)
(-25.6705, -1053.14)
(-25.6705, -1052.14)
(-23.6705, -1050.14)
(16.3295, -976.159)
(16.3295, -975.159)
(14.3295, -901.182)
(14.3295, -900.182)
(-15.6705, -848.281)
(-67.671, -817.281)
(-112.671, -791.281)
(-115.671, -790.281)
(-116.671, -788.281)
(-117.671, -788.281)
(-150.67, -769.281)
(-183.67, -767.281)
(-183.67, -766.281)
(-182.67, -734.315)
(-152.67, -734.315)
(-72.6711, -740.28)
(24.3295, -741.28)
(49.3295, -715.397)
(50.3295, -715.397)
(51.3295, -714.397)
(87.3295, -675.397)
(106.33, -625.396)
(106.33, -624.396)
(111.33, -536.394)
(158.331, -500.395)
---
SCORE_LINE
(155.83, -459.187)
(255.834, -462.187)
(250.834, -462.187)
(244.833, -462.187)
(290.835, -468.187)
(291.835, -468.187)
(318.836, -469.187)
(352.836, -469.187)
(374.836, -469.187)
(375.836, -469.187)
(402.837, -471.187)
(428.836, -473.187)
(448.836, -475.187)
(478.835, -476.187)
(501.835, -484.186)
(502.835, -484.186)
(522.835, -488.186)
(541.835, -498.186)
(542.835, -499.186)
(569.835, -510.186)
(569.835, -511.186)
(591.835, -527.185)
(591.835, -528.185)
(609.835, -545.184)
(611.835, -547.184)
(644.835, -570.184)
(676.835, -602.184)
(703.835, -627.185)
(726.835, -639.185)
(747.835, -656.185)
(760.835, -692.185)
(761.835, -693.185)
(774.835, -720.184)
(775.835, -721.184)
(791.835, -750.133)
(791.835, -751.133)
(809.835, -790.136)
(832.835, -830.137)
(838.835, -871.137)
(838.835, -890.138)
(838.835, -909.141)
(837.835, -925.141)
(835.835, -925.141)
(835.835, -926.141)
(822.835, -956.122)
(804.835, -961.122)
(784.835, -968.123)
(767.835, -974.123)
(757.835, -978.124)
(743.835, -982.109)
(710.452, -983.578)
(667.452, -998.579)
(629.452, -1015.58)
(608.452, -1024.58)
(592.452, -1040.58)
(591.452, -1040.58)
(579.452, -1053.58)
(557.452, -1076.58)
(543.452, -1106.58)
(542.452, -1106.58)
(537.452, -1138.58)
(537.452, -1148.59)
(537.452, -1149.59)
(536.452, -1156.59)
(536.452, -1179.59)
(536.452, -1180.59)
(547.452, -1221.56)
(556.452, -1237.56)
(567.452, -1241.56)
(568.452, -1241.56)
(593.452, -1248.53)
(603.452, -1252.53)
(604.452, -1252.53)
(619.452, -1257.53)
(638.452, -1265.53)
(668.452, -1278.54)
(686.378, -1280.72)
(687.378, -1280.72)
(725.378, -1288.72)
(757.378, -1294.72)
(757.378, -1293.72)
(776.378, -1300.73)
(805.378, -1305.73)
(830.378, -1320.73)
(831.378, -1320.73)
(832.378, -1321.73)
(833.378, -1321.73)
(844.378, -1334.73)
(844.378, -1335.73)
(845.378, -1351.73)
(845.378, -1352.73)
(846.378, -1376.73)
(846.378, -1377.73)
(846.378, -1378.73)
(834.378, -1409.73)
(801.378, -1424.73)
(790.378, -1428.73)
(780.378, -1431.73)
(778.378, -1432.73)
(768.378, -1434.73)
(752.378, -1435.73)
(744.378, -1438.73)
(726.378, -1440.73)
(718.378, -1442.73)
(705.378, -1443.73)
(697.378, -1443.73)
(677.378, -1443.74)
(625.378, -1447.74)
(576.378, -1445.74)
(534.378, -1439.74)
(458.378, -1430.74)
(412.378, -1422.74)
(376.378, -1410.74)
(337.378, -1404.74)
(277.377, -1391.74)
(214.374, -1379.74)
(153.373, -1367.75)
(119.372, -1358.75)
(82.5704, -1352.48)
(81.5704, -1352.48)
(54.5704, -1373.49)
(26.5704, -1402.49)
(26.5704, -1403.49)
(8.57043, -1432.49)
(7.57043, -1458.49)
(1.57043, -1491.49)
(1.57043, -1518.49)
(-1.42957, -1548.49)
(-0.429566, -1584.49)
(-2.42957, -1611.49)
(-2.42957, -1612.49)
(-11.4296, -1660.49)
(-31.4296, -1675.49)
(-35.4296, -1677.49)
(-37.4296, -1678.49)
(-61.4296, -1690.49)
(-99.4296, -1687.49)
(-119.43, -1677.49)
(-141.43, -1667.5)
(-149.43, -1640.5)
(-150.43, -1637.5)
(-161.43, -1609.5)
(-162.43, -1607.5)
(-162.43, -1606.5)
(-164.43, -1579.5)
(-161.43, -1549.5)
(-161.43, -1548.5)
(-161.43, -1514.5)
(-157.43, -1485.5)
(-157.43, -1484.5)
(-157.43, -1454.5)
(-157.43, -1453.5)
(-157.43, -1431.5)
(-157.43, -1429.5)
(-160.43, -1399.5)
(-161.43, -1399.5)
(-169.43, -1365.5)
(-171.43, -1357.5)
(-172.43, -1356.5)
(-182.43, -1346.5)
(-209.429, -1334.5)
(-216.429, -1329.5)
(-238.429, -1320.5)
(-261.429, -1303.5)
(-299.429, -1281.5)
(-300.429, -1280.5)
(-352.429, -1256.5)
(-364.429, -1249.51)
(-368.429, -1239.51)
(-368.429, -1237.51)
(-368.429, -1236.51)
(-375.429, -1218.51)
(-375.429, -1217.51)
(-369.429, -1207.51)
(-368.429, -1202.51)
(-367.429, -1201.51)
(-365.429, -1195.51)
(-364.429, -1194.51)
(-357.429, -1183.51)
(-356.429, -1182.51)
(-348.429, -1168.51)
(-347.429, -1164.51)
(-340.429, -1155.51)
(-332.429, -1150.51)
(-330.429, -1148.51)
(-324.429, -1146.51)
(-313.429, -1132.51)
(-312.429, -1129.51)
(-312.429, -1128.51)
(-288.429, -1116.51)
(-278.427, -1114.5)
(-254.427, -1105.5)
(-238.427, -1102.5)
(-220.427, -1093.5)
(-208.428, -1088.5)
(-191.428, -1086.5)
(-171.428, -1077.5)
(-170.428, -1076.5)
(-158.428, -1067.51)
(-140.428, -1062.51)
(-122.428, -1054.51)
(-100.428, -1036.51)
(-86.4277, -1011.51)
(-74.4277, -983.508)
(-73.4277, -983.508)
(-64.4277, -961.509)
(-61.4277, -928.521)
(-55.4277, -911.521)
(-54.4277, -899.521)
(-60.4277, -883.521)
(-61.4277, -883.521)
(-72.4277, -875.521)
(-72.4277, -874.521)
(-94.4277, -861.521)
(-110.428, -845.521)
(-110.428, -844.521)
(-132.428, -834.521)
(-149.428, -824.521)
(-168.428, -813.521)
(-186.428, -805.521)
(-209.427, -791.521)
(-209.427, -790.521)
(-210.427, -790.521)
(-225.427, -782.521)
(-232.427, -769.521)
(-233.427, -767.521)
(-233.427, -766.521)
(-236.427, -751.521)
(-236.427, -736.521)
(-236.427, -735.521)
(-232.427, -723.555)
(-231.427, -718.555)
(-227.427, -707.555)
(-226.427, -706.555)
(-217.427, -696.555)
(-216.427, -696.555)
(-196.428, -695.555)
(-192.428, -695.555)
(-187.428, -695.555)
(-174.428, -697.555)
(-172.428, -697.555)
(-167.428, -697.555)
(-166.428, -698.555)
(-163.428, -698.555)
(-146.428, -698.555)
(-136.428, -697.555)
(-135.428, -697.555)
(-122.428, -697.555)
(-121.428, -697.555)
(-114.428, -697.555)
(-101.428, -698.555)
(-100.428, -698.555)
(-96.4277, -697.555)
(-85.4277, -693.555)
(-67.378, -696.017)
(-67.378, -697.017)
(-52.378, -696.017)
(-51.378, -696.017)
(-16.378, -689.017)
(-14.378, -689.017)
(9.62201, -681.017)
(21.622, -666.017)
(21.622, -665.017)
(29.622, -652.017)
(29.622, -651.017)
(32.622, -648.017)
(44.622, -629.017)
(50.622, -610.017)
(51.622, -609.017)
(51.622, -607.017)
(61.622, -581.017)
(63.622, -578.017)
(63.622, -577.017)
(72.622, -557.017)
(73.622, -555.017)
(77.622, -525.017)
(78.622, -520.017)
(78.622, -519.017)
(82.622, -506.017)
(83.622, -505.017)
(83.622, -503.017)
---