(135.918, -418.112)
(340.926, -430.114)
(338.926, -430.114)
(338.926, -429.113)
(512.927, -429.113)
(621.926, -456.106)
(680.908, -532.114)
(795.911, -632.103)
(795.911, -633.104)
(839.917, -734.982)
(910.381, -881.79)
(911.381, -958.76)
(910.381, -958.76)
(910.381, -961.76)
(828.371, -1006.74)
(751.367, -1030.74)
(665.368, -1041.74)
(587.117, -1128.39)
(587.117, -1129.39)
(586.117, -1130.39)
(583.117, -1186.37)
(584.117, -1187.37)
(584.117, -1189.37)
(585.117, -1190.37)
(650.097, -1225.31)
(652.097, -1226.31)
(653.096, -1226.31)
(654.096, -1227.31)
(656.096, -1227.31)
(657.096, -1228.31)
(661.096, -1228.31)
(667.096, -1230.32)
(669.096, -1230.32)
(765.096, -1258.27)
(769.096, -1259.27)
(772.095, -1259.27)
(773.095, -1260.27)
(775.095, -1261.27)
(777.096, -1261.27)
(778.096, -1262.27)
(859.1, -1275.27)
(861.1, -1275.27)
(862.1, -1276.27)
(867.1, -1276.27)
(871.1, -1277.27)
(924.104, -1298.27)
(931.135, -1368.24)
(916.136, -1418.23)
(915.136, -1420.23)
(844.13, -1456.23)
(841.129, -1456.23)
(840.13, -1457.23)
(836.129, -1457.23)
(833.129, -1458.23)
(829.129, -1458.23)
(739.126, -1481.24)
(736.125, -1481.24)
(735.125, -1482.24)
(734.125, -1482.24)
(732.125, -1483.24)
(649.127, -1491.24)
(634.147, -1491.24)
(533.148, -1486.24)
(531.148, -1485.24)
(523.148, -1485.24)
(520.148, -1484.24)
(425.148, -1464.24)
(422.148, -1463.24)
(420.148, -1463.24)
(419.148, -1462.24)
(409.148, -1459.24)
(311.143, -1436.24)
(291.142, -1428.24)
(289.142, -1428.24)
(115.114, -1396.23)
(51.1157, -1438.23)
(50.1157, -1438.23)
(42.1161, -1512.23)
(42.1161, -1526.23)
(55.1157, -1637.25)
(55.1157, -1643.25)
(54.1156, -1646.25)
(15.1171, -1722.25)
(12.117, -1724.25)
(9.11688, -1725.25)
(-64.8845, -1746.27)
(-71.8844, -1746.27)
(-77.8846, -1747.27)
(-172.882, -1721.25)
(-184.882, -1713.25)
(-186.882, -1710.25)
(-214.882, -1656.26)
(-214.882, -1650.26)
(-215.882, -1646.26)
(-214.882, -1568.23)
(-213.882, -1565.23)
(-213.882, -1559.23)
(-212.882, -1555.23)
(-205.883, -1493.23)
(-204.882, -1492.23)
(-204.882, -1490.23)
(-202.882, -1488.23)
(-198.882, -1404.23)
(-200.883, -1400.23)
(-200.883, -1398.23)
(-240.883, -1366.24)
(-454.303, -1249.7)
(-455.303, -1248.7)
(-433.303, -1167.79)
(-431.303, -1165.79)
(-431.303, -1163.79)
(-394.303, -1120.81)
(-393.303, -1118.81)
(-390.303, -1115.8)
(-307.301, -1064.86)
(-302.302, -1062.86)
(-218.3, -1037.86)
(-212.3, -1034.86)
(-209.3, -1034.86)
(-130.301, -1004.86)
(-95.6609, -919.564)
(-141.656, -883.566)
(-145.656, -877.566)
(-149.656, -874.566)
(-220.656, -825.668)
(-225.656, -823.667)
(-284.658, -790.676)
(-288.658, -785.676)
(-290.658, -784.676)
(-313.008, -663.014)
(-314.008, -662.014)
(-293.01, -647.011)
(-289.01, -645.011)
(-284.01, -645.011)
(-282.01, -644.01)
(-206.008, -645.011)
(-203.008, -646.011)
(-132.008, -655.013)
(-127.008, -657.013)
(-121.009, -658.013)
(-31.2844, -655.467)
(-12.2837, -619.46)
(-10.2836, -616.46)
(-9.28351, -613.46)
(18.7169, -568.477)
(20.717, -563.477)
(22.7167, -562.476)
(53.7159, -507.475)
(56.7158, -496.475)
(80.716, -459.473)
(87.715, -451.472)
(135.714, -422.47)
(135.714, -421.469)
(136.714, -421.469)
---
(160.424, -505.336)
(199.425, -508.336)
(267.431, -514.336)
(391.433, -525.335)
(502.434, -540.335)
(540.435, -557.334)
(540.435, -558.334)
(576.435, -598.332)
(576.435, -599.332)
(578.435, -600.332)
(626.435, -635.335)
(626.435, -636.335)
(627.435, -636.335)
(628.435, -637.335)
(690.401, -671.933)
(709.401, -708.931)
(709.401, -709.931)
(710.401, -710.931)
(751.401, -781.822)
(751.401, -782.815)
(752.401, -782.815)
(794.401, -857.816)
(792.401, -917.714)
(791.401, -917.714)
(721.401, -935.714)
(719.401, -936.714)
(638.401, -958.694)
(555.402, -1003.68)
(554.402, -1003.68)
(489.376, -1063.97)
(482.376, -1105.94)
(481.376, -1105.94)
(481.376, -1106.94)
(483.376, -1199.92)
(504.376, -1258.83)
(547.376, -1284.83)
(634.376, -1302.83)
(634.376, -1303.83)
(705.376, -1329.83)
(789.376, -1335.83)
(790.376, -1335.83)
(793.376, -1364.84)
(793.376, -1365.84)
(788.376, -1381.84)
(788.376, -1382.84)
(756.376, -1393.84)
(705.376, -1404.85)
(704.376, -1404.85)
(644.376, -1407.85)
(565.376, -1403.85)
(489.376, -1394.85)
(395.379, -1373.85)
(394.378, -1372.85)
(393.378, -1372.85)
(304.378, -1355.85)
(190.369, -1335.85)
(134.329, -1314.32)
(87.3274, -1305.32)
(21.3254, -1340.32)
(21.3254, -1341.32)
(19.3253, -1343.32)
(-26.6768, -1383.33)
(-39.6772, -1435.33)
(-39.6772, -1436.33)
(-39.6772, -1437.33)
(-41.6772, -1499.33)
(-44.6772, -1547.33)
(-45.6772, -1547.33)
(-52.6774, -1598.33)
(-56.9276, -1626.36)
(-76.9282, -1638.36)
(-76.9282, -1639.36)
(-105.928, -1637.37)
(-106.928, -1637.37)
(-114.928, -1610.37)
(-113.928, -1566.37)
(-113.928, -1565.37)
(-105.928, -1514.37)
(-104.928, -1443.37)
(-104.928, -1442.37)
(-98.7114, -1365.01)
(-128.71, -1327.01)
(-129.71, -1326.01)
(-183.71, -1281.01)
(-246.708, -1251.01)
(-307.708, -1231.05)
(-319.708, -1205.08)
(-319.708, -1202.08)
(-289.708, -1182.08)
(-287.708, -1180.08)
(-285.708, -1179.08)
(-242.708, -1161.08)
(-241.708, -1160.08)
(-239.709, -1159.08)
(-171.71, -1130.09)
(-171.71, -1129.09)
(-170.71, -1128.09)
(-81.6714, -1106.13)
(-27.6705, -1056.13)
(-25.6705, -1053.13)
(-25.6705, -1052.13)
(-23.6705, -1050.13)
(16.3295, -976.147)
(16.3295, -975.147)
(14.3295, -901.17)
(14.3295, -900.17)
(-15.6705, -848.269)
(-67.671, -817.269)
(-112.671, -791.269)
(-115.671, -790.269)
(-116.671, -788.269)
(-117.671, -788.269)
(-150.67, -769.269)
(-183.67, -767.269)
(-183.67, -766.269)
(-182.67, -734.297)
(-152.67, -734.297)
(-72.6711, -740.268)
(24.3295, -741.268)
(49.3295, -715.379)
(50.3295, -715.379)
(51.3295, -714.379)
(87.3295, -675.379)
(106.33, -625.378)
(106.33, -624.378)
(111.33, -536.376)
(158.331, -500.377)
---
SCORE_LINE
(155.83, -459.169)
(255.834, -462.169)
(250.834, -462.169)
(244.833, -462.169)
(290.835, -468.169)
(291.835, -468.169)
(318.836, -469.169)
(352.836, -469.169)
(374.836, -469.169)
(375.836, -469.169)
(402.837, -471.169)
(428.836, -473.169)
(448.836, -475.169)
(478.835, -476.169)
(501.835, -484.168)
(502.835, -484.168)
(522.835, -488.168)
(541.835, -498.168)
(542.835, -499.168)
(569.835, -510.168)
(569.835, -511.168)
(591.835, -527.167)
(591.835, -528.167)
(609.835, -545.166)
(611.835, -547.166)
(644.835, -570.166)
(676.835, -602.166)
(703.835, -627.167)
(726.835, -639.167)
(747.835, -656.167)
(760.835, -692.167)
(761.835, -693.167)
(774.835, -720.166)
(775.835, -721.166)
(791.835, -750.121)
(791.835, -751.121)
(809.835, -790.124)
(832.835, -830.125)
(838.835, -871.125)
(838.835, -890.126)
(838.835, -909.129)
(837.835, -925.129)
(835.835, -925.129)
(835.835, -926.129)
(822.835, -956.11)
(804.835, -961.11)
(784.835, -968.111)
(767.835, -974.111)
(757.835, -978.112)
(743.835, -982.097)
(710.452, -983.566)
(667.452, -998.567)
(629.452, -1015.57)
(608.452, -1024.57)
(592.452, -1040.57)
(591.452, -1040.57)
(579.452, -1053.57)
(557.452, -1076.57)
(543.452, -1106.57)
(542.452, -1106.57)
(537.452, -1138.57)
(537.452, -1148.57)
(537.452, -1149.57)
(536.452, -1156.57)
(536.452, -1179.57)
(536.452, -1180.57)
(547.452, -1221.55)
(556.452, -1237.55)
(567.452, -1241.55)
(568.452, -1241.55)
(593.452, -1248.52)
(603.452, -1252.52)
(604.452, -1252.52)
(619.452, -1257.52)
(638.452, -1265.52)
(668.452, -1278.52)
(686.378, -1280.71)
(687.378, -1280.71)
(725.378, -1288.71)
(757.378, -1294.71)
(757.378, -1293.71)
(776.378, -1300.71)
(805.378, -1305.71)
(830.378, -1320.71)
(831.378, -1320.71)
(832.378, -1321.71)
(833.378, -1321.71)
(844.378, -1334.72)
(844.378, -1335.72)
(845.378, -1351.72)
(845.378, -1352.72)
(846.378, -1376.72)
(846.378, -1377.72)
(846.378, -1378.72)
(834.378, -1409.72)
(801.378, -1424.72)
(790.378, -1428.72)
(780.378, -1431.72)
(778.378, -1432.72)
(768.378, -1434.72)
(752.378, -1435.72)
(744.378, -1438.72)
(726.378, -1440.72)
(718.378, -1442.72)
(705.378, -1443.72)
(697.378, -1443.72)
(677.378, -1443.72)
(625.378, -1447.72)
(576.378, -1445.72)
(534.378, -1439.73)
(458.378, -1430.73)
(412.378, -1422.73)
(376.378, -1410.73)
(337.378, -1404.73)
(277.377, -1391.73)
(214.374, -1379.73)
(153.373, -1367.73)
(119.372, -1358.73)
(82.5704, -1352.47)
(81.5704, -1352.47)
(54.5704, -1373.47)
(26.5704, -1402.47)
(26.5704, -1403.47)
(8.57043, -1432.47)
(7.57043, -1458.48)
(1.57043, -1491.48)
(1.57043, -1518.48)
(-1.42957, -1548.48)
(-0.429566, -1584.48)
(-2.42957, -1611.48)
(-2.42957, -1612.48)
(-11.4296, -1660.48)
(-31.4296, -1675.48)
(-35.4296, -1677.48)
(-37.4296, -1678.48)
(-61.4296, -1690.48)
(-99.4296, -1687.48)
(-119.43, -1677.48)
(-141.43, -1667.48)
(-149.43, -1640.48)
(-150.43, -1637.48)
(-161.43, -1609.48)
(-162.43, -1607.48)
(-162.43, -1606.48)
(-164.43, -1579.48)
(-161.43, -1549.48)
(-161.43, -1548.48)
(-161.43, -1514.49)
(-157.43, -1485.49)
(-157.43, -1484.49)
(-157.43, -1454.49)
(-157.43, -1453.49)
(-157.43, -1431.49)
(-157.43, -1429.49)
(-160.43, -1399.49)
(-161.43, -1399.49)
(-169.43, -1365.49)
(-171.43, -1357.49)
(-172.43, -1356.49)
(-182.43, -1346.49)
(-209.429, -1334.49)
(-216.429, -1329.49)
(-238.429, -1320.49)
(-261.429, -1303.49)
(-299.429, -1281.49)
(-300.429, -1280.49)
(-352.429, -1256.49)
(-364.429, -1249.49)
(-368.429, -1239.5)
(-368.429, -1237.5)
(-368.429, -1236.5)
(-375.429, -1218.5)
(-375.429, -1217.5)
(-369.429, -1207.5)
(-368.429, -1202.5)
(-367.429, -1201.5)
(-365.429, -1195.5)
(-364.429, -1194.5)
(-357.429, -1183.5)
(-356.429, -1182.5)
(-348.429, -1168.5)
(-347.429, -1164.5)
(-340.429, -1155.5)
(-332.429, -1150.5)
(-330.429, -1148.5)
(-324.429, -1146.5)
(-313.429, -1132.5)
(-312.429, -1129.5)
(-312.429, -1128.5)
(-288.429, -1116.5)
(-278.427, -1114.49)
(-254.427, -1105.49)
(-238.427, -1102.49)
(-220.427, -1093.49)
(-208.428, -1088.49)
(-191.428, -1086.49)
(-171.428, -1077.49)
(-170.428, -1076.49)
(-158.428, -1067.49)
(-140.428, -1062.49)
(-122.428, -1054.49)
(-100.428, -1036.49)
(-86.4277, -1011.5)
(-74.4277, -983.496)
(-73.4277, -983.496)
(-64.4277, -961.497)
(-61.4277, -928.509)
(-55.4277, -911.509)
(-54.4277, -899.509)
(-60.4277, -883.509)
(-61.4277, -883.509)
(-72.4277, -875.509)
(-72.4277, -874.509)
(-94.4277, -861.509)
(-110.428, -845.509)
(-110.428, -844.509)
(-132.428, -834.509)
(-149.428, -824.509)
(-168.428, -813.509)
(-186.428, -805.509)
(-209.427, -791.509)
(-209.427, -790.509)
(-210.427, -790.509)
(-225.427, -782.509)
(-232.427, -769.509)
(-233.427, -767.509)
(-233.427, -766.509)
(-236.427, -751.509)
(-236.427, -736.509)
(-236.427, -735.509)
(-232.427, -723.537)
(-231.427, -718.537)
(-227.427, -707.537)
(-226.427, -706.537)
(-217.427, -696.537)
(-216.427, -696.537)
(-196.428, -695.537)
(-192.428, -695.537)
(-187.428, -695.537)
(-174.428, -697.537)
(-172.428, -697.537)
(-167.428, -697.537)
(-166.428, -698.537)
(-163.428, -698.537)
(-146.428, -698.537)
(-136.428, -697.537)
(-135.428, -697.537)
(-122.428, -697.537)
(-121.428, -697.537)
(-114.428, -697.537)
(-101.428, -698.537)
(-100.428, -698.537)
(-96.4277, -697.537)
(-85.4277, -693.537)
(-67.378, -695.999)
(-67.378, -696.999)
(-52.378, -695.999)
(-51.378, -695.999)
(-16.378, -688.999)
(-14.378, -688.999)
(9.62201, -680.999)
(21.622, -665.999)
(21.622, -664.999)
(29.622, -651.999)
(29.622, -650.999)
(32.622, -647.999)
(44.622, -628.999)
(50.622, -609.999)
(51.622, -608.999)
(51.622, -606.999)
(61.622, -580.999)
(63.622, -577.999)
(63.622, -576.999)
(72.622, -556.999)
(73.622, -554.999)
(77.622, -524.999)
(78.622, -519.999)
(78.622, -518.999)
(82.622, -505.999)
(83.622, -504.999)
(83.622, -502.999)
---