---
(558.677, -207.856)
(581.679, -216.856)
(619.682, -220.856)
(656.687, -221.856)
(692.689, -227.856)
(718.689, -229.856)
(743.69, -233.856)
(752.69, -236.856)
(1140.7, -213.857)
(1152.7, -204.857)
(1156.7, -198.857)
(1163.7, -189.861)
(1169.7, -177.861)
(1170.7, -173.862)
(1172.7, -171.861)
(1174.7, -165.861)
(1174.7, -151.869)
(1175.7, -130.869)
(1178.7, -103.869)
(1183.7, -78.8707)
(1187.7, -64.864)
(1188.7, -54.8636)
(1192.7, -34.8899)
(1192.7, -29.8896)
(1194.7, -20.8894)
(1194.7, -16.8894)
(1196.7, -11.8894)
(1196.7, -5.89647)
(1198.7, 6.1039)
(1198.7, 38.1043)
(1200.7, 44.1044)
(1200.7, 64.1049)
(1201.7, 76.1051)
(1201.7, 133.105)
(1200.7, 137.105)
(1197.7, 141.105)
(1189.7, 156.105)
(1186.7, 160.105)
(1180.7, 170.105)
(1175.7, 180.105)
(1167.7, 192.105)
(1165.7, 196.105)
(1159.7, 204.105)
(1154.7, 209.105)
(1152.7, 213.105)
(1141.7, 223.105)
(1139.7, 226.105)
(1132.7, 232.105)
(1124.7, 246.105)
(1122.7, 248.105)
(1117.7, 257.105)
(1108.7, 267.105)
(1097.7, 277.105)
(1091.7, 284.105)
(1054.69, 323.106)
(1031.69, 346.107)
(1031.69, 347.107)
(1026.69, 352.107)
(1021.69, 358.107)
(1013.69, 365.107)
(1009.69, 368.107)
(999.691, 374.107)
(974.69, 388.109)
(947.69, 396.108)
(942.69, 399.108)
(903.689, 407.108)
(833.689, 407.108)
(814.69, 410.108)
(807.69, 412.108)
(747.69, 412.108)
(723.689, 410.108)
(643.684, 410.108)
(627.682, 409.108)
(615.682, 408.108)
(599.68, 405.108)
(584.679, 398.108)
(582.679, 398.108)
(582.679, 402.108)
(578.679, 403.108)
(553.677, 403.108)
(512.676, 390.109)
(490.67, 379.107)
(473.669, 372.107)
(466.668, 367.107)
(452.668, 360.107)
(444.667, 355.107)
(416.664, 341.107)
(403.663, 332.106)
(391.664, 318.105)
(385.664, 309.104)
(381.664, 299.104)
(373.664, 286.105)
(362.664, 262.105)
(349.664, 238.105)
(339.664, 216.105)
(332.665, 202.105)
(329.665, 194.105)
(331.665, 193.105)
(331.665, 117.105)
(333.665, 91.1052)
(336.665, 73.1051)
(337.665, 65.1049)
(337.665, 60.105)
(343.664, 42.1044)
(354.664, 23.104)
(361.664, 14.1039)
(376.664, -24.8912)
(387.664, -45.8917)
(402.663, -66.8657)
(413.663, -84.8732)
(423.665, -97.8713)
(431.666, -104.871)
(459.668, -131.871)
(467.668, -141.871)
(471.669, -145.871)
(481.669, -152.871)
(485.669, -156.864)
(490.67, -160.864)
(493.67, -161.864)
(496.67, -164.864)
(506.676, -171.864)
(520.677, -178.864)
(525.677, -180.864)
(531.677, -184.864)
(534.677, -185.864)
(542.677, -190.864)
(547.677, -195.863)
(549.677, -198.86)
(551.677, -199.86)
(552.677, -201.86)
(552.677, -202.86)
(553.677, -202.86)
(553.677, -203.86)
(556.677, -203.86)
(557.677, -210.861)
(560.677, -222.86)
(560.677, -226.86)
(561.678, -231.86)
(561.678, -237.86)
(562.678, -242.86)
(562.678, -253.86)
---
(600.286, -113.14)
(600.286, -114.14)
(600.286, -115.141)
(600.286, -117.14)
(602.286, -119.14)
(603.286, -120.14)
(605.286, -122.141)
(608.286, -124.14)
(610.286, -126.141)
(613.287, -127.141)
(617.287, -129.141)
(620.287, -129.141)
(623.288, -130.14)
(627.288, -131.14)
(633.288, -132.14)
(640.289, -135.141)
(648.29, -137.141)
(654.292, -138.141)
(664.293, -141.141)
(673.293, -143.141)
(677.293, -144.141)
(678.294, -144.141)
(684.294, -146.141)
(700.294, -151.141)
(739.294, -158.137)
(791.294, -164.137)
(856.294, -168.137)
(910.294, -169.137)
(947.295, -169.137)
(978.296, -169.137)
(993.296, -169.137)
(995.296, -169.137)
(996.296, -169.138)
(1002.3, -163.138)
(1011.3, -154.141)
(1023.3, -142.141)
(1034.3, -130.14)
(1043.3, -117.14)
(1050.3, -105.14)
(1055.3, -94.1421)
(1056.3, -93.1421)
(1056.3, -80.142)
(1056.3, -63.1351)
(1056.3, -37.1608)
(1056.3, -6.15965)
(1049.3, 43.8413)
(1045.3, 59.8418)
(1045.3, 64.8417)
(1045.3, 65.8418)
(1043.3, 72.8418)
(1037.3, 96.8419)
(1031.3, 114.842)
(1019.3, 144.842)
(1011.3, 166.842)
(1007.3, 176.842)
(1006.3, 177.842)
(999.296, 188.842)
(993.296, 200.841)
(985.296, 211.842)
(973.295, 228.842)
(957.295, 249.842)
(950.295, 259.842)
(948.295, 261.842)
(818.157, 352.787)
(819.157, 352.787)
(820.157, 352.787)
(737.157, 359.787)
(727.157, 359.787)
(717.157, 358.787)
(700.157, 356.787)
(680.156, 347.787)
(638.152, 318.786)
(615.151, 303.785)
(612.151, 302.785)
(610.151, 305.784)
(609.151, 305.784)
(602.15, 306.784)
(591.15, 306.784)
(575.149, 306.784)
(557.148, 297.785)
(547.148, 294.785)
(538.147, 291.785)
(527.147, 288.785)
(519.147, 283.785)
(514.147, 280.786)
(506.147, 268.786)
(499.141, 253.786)
(497.141, 241.785)
(496.141, 231.785)
(496.141, 223.785)
(496.141, 212.785)
(496.141, 207.785)
(496.141, 201.785)
(498.141, 196.785)
(504.145, 182.785)
(505.146, 181.785)
(505.146, 180.785)
(508.147, 166.785)
(512.147, 150.786)
(516.147, 131.786)
(521.148, 101.786)
(525.147, 78.7855)
(530.147, 60.7854)
(530.147, 58.7854)
(531.147, 58.7854)
(535.147, 44.785)
(539.147, 24.7846)
(544.147, 2.7842)
(558.148, -27.2168)
(570.149, -43.2174)
(572.149, -46.2174)
(572.149, -47.2176)
(575.149, -53.1983)
(577.149, -58.1985)
(578.149, -62.1985)
(579.149, -66.1983)
(580.149, -68.1983)
(580.149, -69.1983)
(580.149, -70.1983)
(581.149, -71.1986)
(582.15, -74.2054)
(583.15, -81.2052)
(584.15, -86.2053)
(584.15, -89.2052)
(584.15, -90.2051)
(585.15, -91.2052)
(585.15, -92.2052)
(586.15, -93.2052)
(614.151, -143.205)
---