(-560.049, 865.268)
(-557.715, 867.233)
(-554.949, 869.439)
(-551.791, 871.877)
(-548.28, 874.537)
(-544.456, 877.412)
(-540.358, 880.493)
(-536.025, 883.771)
(-531.496, 887.236)
(-526.812, 890.881)
(-522.011, 894.696)
(-517.133, 898.674)
(-512.217, 902.804)
(-507.302, 907.079)
(-502.428, 911.489)
(-497.634, 916.026)
(-492.96, 920.681)
(-488.445, 925.446)
(-484.128, 930.311)
(-480.049, 935.268)
(-480.049, 935.268)
(-476.312, 940.324)
(-472.953, 945.495)
(-469.906, 950.786)
(-467.105, 956.201)
(-464.485, 961.744)
(-461.981, 967.42)
(-459.525, 973.233)
(-457.054, 979.187)
(-454.502, 985.287)
(-451.801, 991.537)
(-448.889, 997.942)
(-445.697, 1004.51)
(-442.162, 1011.23)
(-438.216, 1018.13)
(-433.796, 1025.19)
(-428.835, 1032.44)
(-423.267, 1039.86)
(-417.027, 1047.47)
(-410.049, 1055.27)
(-410.049, 1055.27)
(-402.185, 1063.64)
(-393.396, 1072.88)
(-383.784, 1082.85)
(-373.449, 1093.43)
(-362.491, 1104.47)
(-351.011, 1115.86)
(-339.11, 1127.46)
(-326.888, 1139.14)
(-314.446, 1150.77)
(-301.884, 1162.21)
(-289.304, 1173.33)
(-276.805, 1184.02)
(-264.488, 1194.12)
(-252.454, 1203.51)
(-240.804, 1212.07)
(-229.638, 1219.65)
(-219.056, 1226.14)
(-209.159, 1231.38)
(-200.049, 1235.27)
(-200.048, 1235.27)
(-191.594, 1237.73)
(-183.575, 1238.87)
(-175.958, 1238.81)
(-168.706, 1237.68)
(-161.785, 1235.6)
(-155.16, 1232.7)
(-148.796, 1229.08)
(-142.658, 1224.89)
(-136.711, 1220.23)
(-130.92, 1215.24)
(-125.25, 1210.03)
(-119.667, 1204.72)
(-114.134, 1199.45)
(-108.617, 1194.32)
(-103.081, 1189.47)
(-97.4913, 1185.02)
(-91.8127, 1181.09)
(-86.01, 1177.8)
(-80.0486, 1175.27)
(-80.0487, 1175.27)
(-73.9968, 1173.34)
(-67.9493, 1171.73)
(-61.9105, 1170.4)
(-55.8849, 1169.31)
(-49.8767, 1168.42)
(-43.8905, 1167.7)
(-37.9304, 1167.1)
(-32.001, 1166.59)
(-26.1066, 1166.12)
(-20.2515, 1165.66)
(-14.4402, 1165.16)
(-8.677, 1164.6)
(-2.96625, 1163.91)
(2.68768, 1163.08)
(8.28033, 1162.06)
(13.8073, 1160.81)
(19.2644, 1159.28)
(24.647, 1157.45)
(29.951, 1155.27)
(29.951, 1155.27)
(35.1734, 1152.55)
(40.317, 1149.21)
(45.3862, 1145.33)
(50.3855, 1141.01)
(55.3192, 1136.34)
(60.1917, 1131.4)
(65.0072, 1126.29)
(69.7704, 1121.11)
(74.4853, 1115.94)
(79.1566, 1110.88)
(83.7885, 1106.02)
(88.3854, 1101.44)
(92.9516, 1097.25)
(97.4916, 1093.53)
(102.01, 1090.38)
(106.51, 1087.89)
(110.998, 1086.14)
(115.477, 1085.24)
(119.951, 1085.27)
(119.951, 1085.27)
(124.332, 1086.25)
(128.546, 1088.1)
(132.618, 1090.73)
(136.575, 1094.07)
(140.443, 1098.03)
(144.248, 1102.54)
(148.017, 1107.53)
(151.775, 1112.9)
(155.55, 1118.58)
(159.367, 1124.5)
(163.252, 1130.57)
(167.232, 1136.72)
(171.333, 1142.87)
(175.582, 1148.93)
(180.004, 1154.83)
(184.625, 1160.5)
(189.473, 1165.84)
(194.573, 1170.79)
(199.951, 1175.27)
(199.951, 1175.27)
(205.56, 1179.71)
(211.33, 1184.57)
(217.258, 1189.75)
(223.339, 1195.17)
(229.569, 1200.73)
(235.943, 1206.36)
(242.457, 1211.96)
(249.107, 1217.44)
(255.888, 1222.73)
(262.796, 1227.72)
(269.826, 1232.34)
(276.974, 1236.5)
(284.236, 1240.11)
(291.607, 1243.07)
(299.084, 1245.31)
(306.66, 1246.74)
(314.334, 1247.27)
(322.099, 1246.81)
(329.951, 1245.27)
(329.951, 1245.27)
(338.019, 1242.62)
(346.408, 1238.95)
(355.079, 1234.32)
(363.991, 1228.82)
(373.106, 1222.53)
(382.384, 1215.53)
(391.787, 1207.88)
(401.273, 1199.69)
(410.805, 1191.01)
(420.343, 1181.94)
(429.848, 1172.54)
(439.279, 1162.9)
(448.598, 1153.1)
(457.766, 1143.21)
(466.742, 1133.32)
(475.489, 1123.5)
(483.965, 1113.83)
(492.132, 1104.4)
(499.951, 1095.27)
(499.951, 1095.27)
(507.146, 1085.67)
(513.55, 1074.92)
(519.284, 1063.2)
(524.471, 1050.72)
(529.234, 1037.66)
(533.695, 1024.24)
(537.977, 1010.63)
(542.202, 997.049)
(546.493, 983.683)
(550.972, 970.731)
(555.761, 958.389)
(560.984, 946.855)
(566.761, 936.326)
(573.217, 926.998)
(580.473, 919.069)
(588.652, 912.734)
(597.877, 908.191)
(608.269, 905.637)
(619.951, 905.268)
(619.951, 905.268)
(633.255, 907.872)
(648.292, 913.827)
(664.857, 922.719)
(682.745, 934.132)
(701.749, 947.65)
(721.664, 962.858)
(742.285, 979.34)
(763.407, 996.681)
(784.822, 1014.46)
(806.327, 1032.28)
(827.715, 1049.7)
(848.781, 1066.32)
(869.318, 1081.72)
(889.123, 1095.49)
(907.989, 1107.21)
(925.71, 1116.46)
(942.081, 1122.83)
(956.897, 1125.91)
(969.951, 1125.27)
(969.951, 1125.27)
(981.317, 1120.88)
(991.296, 1113.2)
(1000.02, 1102.56)
(1007.63, 1089.3)
(1014.26, 1073.77)
(1020.04, 1056.28)
(1025.11, 1037.19)
(1029.61, 1016.83)
(1033.67, 995.536)
(1037.42, 973.642)
(1041.01, 951.487)
(1044.57, 929.408)
(1048.23, 907.742)
(1052.13, 886.825)
(1056.4, 866.994)
(1061.18, 848.586)
(1066.61, 831.938)
(1072.82, 817.386)
(1079.95, 805.268)
(1079.95, 805.268)
(1087.75, 794.902)
(1095.85, 785.36)
(1104.24, 776.606)
(1112.9, 768.606)
(1121.81, 761.326)
(1130.94, 754.728)
(1140.27, 748.78)
(1149.77, 743.445)
(1159.44, 738.69)
(1169.24, 734.478)
(1179.16, 730.774)
(1189.17, 727.545)
(1199.24, 724.755)
(1209.37, 722.368)
(1219.52, 720.35)
(1229.68, 718.666)
(1239.81, 717.281)
(1249.91, 716.16)
(1259.95, 715.268)
(1259.95, 715.268)
(1270.14, 715.106)
(1280.66, 716.106)
(1291.46, 718.128)
(1302.49, 721.032)
(1313.71, 724.679)
(1325.04, 728.927)
(1336.45, 733.638)
(1347.88, 738.671)
(1359.28, 743.886)
(1370.59, 749.143)
(1381.77, 754.303)
(1392.76, 759.225)
(1403.5, 763.769)
(1413.95, 767.796)
(1424.06, 771.165)
(1433.76, 773.737)
(1443.01, 775.371)
(1451.76, 775.928)
(1459.95, 775.268)
(1459.95, 775.268)
(1467.8, 774.005)
(1475.53, 772.785)
(1483.12, 771.511)
(1490.54, 770.086)
(1497.75, 768.416)
(1504.72, 766.402)
(1511.43, 763.95)
(1517.84, 760.963)
(1523.92, 757.344)
(1529.64, 752.998)
(1534.97, 747.828)
(1539.89, 741.738)
(1544.35, 734.632)
(1548.33, 726.414)
(1551.8, 716.987)
(1554.73, 706.255)
(1557.08, 694.122)
(1558.83, 680.492)
(1559.95, 665.268)
(1559.95, 665.268)
(1560.47, 647.73)
(1560.44, 627.433)
(1559.89, 604.691)
(1558.82, 579.818)
(1557.25, 553.13)
(1555.19, 524.943)
(1552.65, 495.57)
(1549.66, 465.326)
(1546.21, 434.527)
(1542.33, 403.488)
(1538.03, 372.523)
(1533.31, 341.947)
(1528.2, 312.075)
(1522.71, 283.223)
(1516.85, 255.704)
(1510.63, 229.834)
(1504.06, 205.929)
(1497.17, 184.301)
(1489.95, 165.268)
(1489.95, 165.268)
(1482.15, 147.91)
(1473.55, 131.139)
(1464.21, 115.017)
(1454.23, 99.6054)
(1443.67, 84.9648)
(1432.62, 71.1566)
(1421.16, 58.2423)
(1409.36, 46.2827)
(1397.3, 35.3394)
(1385.07, 25.4735)
(1372.73, 16.7463)
(1360.38, 9.21896)
(1348.09, 2.95273)
(1335.93, -1.99118)
(1323.99, -5.55148)
(1312.34, -7.6669)
(1301.07, -8.2764)
(1290.24, -7.31851)
(1279.95, -4.73215)
(1279.95, -4.73215)
(1269.95, 0.0353088)
(1259.97, 7.34103)
(1250.03, 16.9532)
(1240.14, 28.64)
(1230.32, 42.1697)
(1220.58, 57.3104)
(1210.95, 73.8303)
(1201.44, 91.4976)
(1192.08, 110.081)
(1182.87, 129.347)
(1173.83, 149.066)
(1164.99, 169.004)
(1156.36, 188.932)
(1147.95, 208.615)
(1139.79, 227.824)
(1131.89, 246.325)
(1124.28, 263.887)
(1116.96, 280.279)
(1109.95, 295.268)
(1109.95, 295.268)
(1103.39, 309.553)
(1097.35, 323.951)
(1091.79, 338.411)
(1086.63, 352.88)
(1081.83, 367.305)
(1077.32, 381.633)
(1073.06, 395.813)
(1068.98, 409.792)
(1065.02, 423.517)
(1061.14, 436.936)
(1057.27, 449.996)
(1053.35, 462.645)
(1049.34, 474.831)
(1045.17, 486.5)
(1040.78, 497.601)
(1036.12, 508.08)
(1031.14, 517.886)
(1025.76, 526.967)
(1019.95, 535.268)
(1019.95, 535.268)
(1013.74, 542.822)
(1007.22, 549.713)
(1000.44, 555.974)
(993.408, 561.633)
(986.171, 566.723)
(978.754, 571.273)
(971.189, 575.315)
(963.506, 578.878)
(955.735, 581.993)
(947.907, 584.692)
(940.053, 587.004)
(932.204, 588.961)
(924.389, 590.592)
(916.64, 591.929)
(908.988, 593.002)
(901.462, 593.842)
(894.093, 594.479)
(886.913, 594.944)
(879.951, 595.268)
(879.951, 595.268)
(873.058, 595.864)
(866.08, 597.019)
(859.044, 598.57)
(851.976, 600.356)
(844.902, 602.215)
(837.849, 603.985)
(830.842, 605.504)
(823.908, 606.611)
(817.073, 607.143)
(810.364, 606.939)
(803.806, 605.836)
(797.426, 603.674)
(791.25, 600.29)
(785.305, 595.523)
(779.616, 589.21)
(774.21, 581.19)
(769.113, 571.301)
(764.351, 559.381)
(759.951, 545.268)
(759.951, 545.268)
(756.088, 528.12)
(752.866, 507.472)
(750.206, 483.733)
(748.031, 457.307)
(746.261, 428.604)
(744.818, 398.028)
(743.622, 365.987)
(742.596, 332.887)
(741.66, 299.136)
(740.736, 265.139)
(739.744, 231.305)
(738.607, 198.039)
(737.245, 165.749)
(735.58, 134.841)
(733.533, 105.721)
(731.026, 78.7975)
(727.979, 54.4762)
(724.313, 33.164)
(719.951, 15.2679)
(719.951, 15.2679)
(714.918, 0.24527)
(709.329, -12.8077)
(703.235, -24.0265)
(696.688, -33.5468)
(689.743, -41.5043)
(682.45, -48.0344)
(674.863, -53.2728)
(667.034, -57.3549)
(659.015, -60.4167)
(650.86, -62.5933)
(642.619, -64.0207)
(634.347, -64.8343)
(626.095, -65.1695)
(617.916, -65.1622)
(609.862, -64.948)
(601.987, -64.6621)
(594.341, -64.4406)
(586.979, -64.4187)
(579.951, -64.7321)
(579.951, -64.7321)
(573.176, -65.4976)
(566.527, -66.6449)
(559.989, -68.0299)
(553.551, -69.5083)
(547.199, -70.9356)
(540.919, -72.1676)
(534.7, -73.0598)
(528.527, -73.4681)
(522.387, -73.248)
(516.269, -72.2552)
(510.157, -70.3452)
(504.039, -67.3739)
(497.903, -63.1969)
(491.734, -57.6698)
(485.521, -50.6484)
(479.249, -41.9883)
(472.905, -31.5451)
(466.477, -19.1745)
(459.951, -4.73215)
(459.951, -4.73215)
(453.254, 12.6785)
(446.341, 33.584)
(439.25, 57.5728)
(432.014, 84.2342)
(424.669, 113.157)
(417.25, 143.929)
(409.791, 176.141)
(402.328, 209.381)
(394.895, 243.237)
(387.528, 277.299)
(380.262, 311.155)
(373.131, 344.395)
(366.171, 376.606)
(359.416, 407.379)
(352.902, 436.302)
(346.663, 462.963)
(340.735, 486.952)
(335.153, 507.857)
(329.951, 525.268)
(329.951, 525.268)
(325.192, 539.645)
(320.884, 551.833)
(316.978, 561.999)
(313.427, 570.309)
(310.181, 576.93)
(307.194, 582.027)
(304.417, 585.766)
(301.801, 588.315)
(299.299, 589.839)
(296.863, 590.503)
(294.445, 590.476)
(291.995, 589.922)
(289.467, 589.007)
(286.812, 587.899)
(283.982, 586.764)
(280.93, 585.766)
(277.605, 585.074)
(273.962, 584.852)
(269.951, 585.268)
(269.951, 585.268)
(265.58, 585.946)
(260.912, 586.398)
(255.981, 586.619)
(250.823, 586.606)
(245.473, 586.354)
(239.965, 585.858)
(234.334, 585.115)
(228.616, 584.119)
(222.845, 582.866)
(217.057, 581.353)
(211.287, 579.574)
(205.569, 577.526)
(199.938, 575.203)
(194.43, 572.603)
(189.08, 569.719)
(183.922, 566.548)
(178.991, 563.085)
(174.322, 559.327)
(169.952, 555.268)
(169.952, 555.268)
(165.744, 550.984)
(161.554, 546.54)
(157.399, 541.914)
(153.296, 537.084)
(149.263, 532.028)
(145.318, 526.724)
(141.478, 521.15)
(137.76, 515.285)
(134.182, 509.106)
(130.762, 502.592)
(127.517, 495.721)
(124.464, 488.471)
(121.621, 480.82)
(119.005, 472.746)
(116.635, 464.227)
(114.526, 455.242)
(112.698, 445.768)
(111.167, 435.784)
(109.951, 425.268)
(109.951, 425.268)
(109.298, 413.746)
(109.38, 400.875)
(110.1, 386.831)
(111.363, 371.788)
(113.071, 355.921)
(115.13, 339.405)
(117.442, 322.416)
(119.912, 305.128)
(122.443, 287.716)
(124.939, 270.355)
(127.304, 253.219)
(129.441, 236.485)
(131.255, 220.327)
(132.648, 204.919)
(133.526, 190.438)
(133.792, 177.057)
(133.348, 164.952)
(132.1, 154.297)
(129.951, 145.268)
(129.951, 145.268)
(126.811, 137.404)
(122.723, 130.139)
(117.792, 123.491)
(112.124, 117.477)
(105.822, 112.114)
(98.9934, 107.421)
(91.7416, 103.415)
(84.1721, 100.113)
(76.3895, 97.5319)
(68.4991, 95.6905)
(60.6059, 94.6057)
(52.8147, 94.2952)
(45.2305, 94.7763)
(37.9583, 96.0666)
(31.103, 98.1835)
(24.7697, 101.145)
(19.0635, 104.967)
(14.0889, 109.669)
(9.95129, 115.268)
(9.95129, 115.268)
(6.54993, 122.404)
(3.68219, 131.557)
(1.29993, 142.499)
(-0.644958, 155.002)
(-2.20062, 168.84)
(-3.4151, 183.783)
(-4.33649, 199.607)
(-5.01294, 216.081)
(-5.49261, 232.98)
(-5.82361, 250.076)
(-6.05396, 267.141)
(-6.23181, 283.948)
(-6.4054, 300.27)
(-6.62256, 315.879)
(-6.93164, 330.547)
(-7.38074, 344.048)
(-8.01776, 356.153)
(-8.89111, 366.635)
(-10.0487, 375.268)
(-10.0487, 375.268)
(-11.3521, 382.305)
(-12.6365, 388.216)
(-13.9108, 393.091)
(-15.1836, 397.023)
(-16.4637, 400.104)
(-17.7599, 402.425)
(-19.0807, 404.078)
(-20.4352, 405.156)
(-21.8318, 405.749)
(-23.2797, 405.95)
(-24.7871, 405.851)
(-26.3632, 405.543)
(-28.0166, 405.119)
(-29.756, 404.67)
(-31.59, 404.288)
(-33.5276, 404.065)
(-35.5775, 404.093)
(-37.7484, 404.463)
(-40.049, 405.268)
(-40.049, 405.268)
(-42.3933, 406.293)
(-44.7041, 407.262)
(-47.0033, 408.176)
(-49.3126, 409.035)
(-51.6542, 409.838)
(-54.0496, 410.586)
(-56.5208, 411.279)
(-59.0896, 411.916)
(-61.778, 412.498)
(-64.6078, 413.024)
(-67.601, 413.495)
(-70.7792, 413.911)
(-74.1646, 414.271)
(-77.7787, 414.575)
(-81.6438, 414.825)
(-85.7815, 415.019)
(-90.2135, 415.157)
(-94.9622, 415.24)
(-100.049, 415.268)
(-100.049, 415.268)
(-105.357, 415.424)
(-110.77, 415.851)
(-116.311, 416.488)
(-121.999, 417.274)
(-127.859, 418.147)
(-133.911, 419.047)
(-140.177, 419.911)
(-146.679, 420.68)
(-153.44, 421.291)
(-160.48, 421.683)
(-167.823, 421.795)
(-175.488, 421.566)
(-183.5, 420.935)
(-191.878, 419.84)
(-200.646, 418.22)
(-209.826, 416.014)
(-219.438, 413.161)
(-229.505, 409.599)
(-240.049, 405.268)
(-240.049, 405.268)
(-251.373, 399.863)
(-263.686, 393.222)
(-276.872, 385.494)
(-290.811, 376.826)
(-305.386, 367.369)
(-320.479, 357.27)
(-335.971, 346.678)
(-351.744, 335.742)
(-367.681, 324.61)
(-383.663, 313.432)
(-399.572, 302.356)
(-415.29, 291.531)
(-430.699, 281.105)
(-445.681, 271.228)
(-460.117, 262.047)
(-473.89, 253.712)
(-486.882, 246.372)
(-498.974, 240.174)
(-510.049, 235.268)
(-510.049, 235.268)
(-520.329, 231.451)
(-530.127, 228.389)
(-539.463, 226.035)
(-548.352, 224.339)
(-556.812, 223.254)
(-564.861, 222.732)
(-572.517, 222.725)
(-579.797, 223.184)
(-586.717, 224.062)
(-593.297, 225.31)
(-599.553, 226.88)
(-605.503, 228.725)
(-611.164, 230.795)
(-616.554, 233.043)
(-621.69, 235.421)
(-626.59, 237.881)
(-631.272, 240.374)
(-635.752, 242.852)
(-640.049, 245.268)
(-640.049, 245.268)
(-644.186, 247.773)
(-648.164, 250.541)
(-651.959, 253.561)
(-655.55, 256.818)
(-658.914, 260.299)
(-662.032, 263.992)
(-664.879, 267.883)
(-667.435, 271.96)
(-669.677, 276.208)
(-671.584, 280.615)
(-673.134, 285.169)
(-674.304, 289.854)
(-675.074, 294.66)
(-675.421, 299.571)
(-675.324, 304.577)
(-674.759, 309.662)
(-673.707, 314.814)
(-672.144, 320.021)
(-670.049, 325.268)
(-670.049, 325.268)
(-667, 330.507)
(-662.696, 335.718)
(-657.295, 340.926)
(-650.953, 346.157)
(-643.828, 351.438)
(-636.077, 356.794)
(-627.859, 362.253)
(-619.33, 367.84)
(-610.648, 373.581)
(-601.97, 379.503)
(-593.454, 385.632)
(-585.258, 391.995)
(-577.538, 398.617)
(-570.453, 405.524)
(-564.159, 412.744)
(-558.814, 420.302)
(-554.576, 428.225)
(-551.601, 436.538)
(-550.049, 445.268)
(-550.049, 445.268)
(-549.681, 454.839)
(-550.129, 465.551)
(-551.348, 477.24)
(-553.294, 489.747)
(-555.924, 502.907)
(-559.194, 516.561)
(-563.061, 530.546)
(-567.48, 544.699)
(-572.408, 558.86)
(-577.801, 572.867)
(-583.615, 586.557)
(-589.807, 599.768)
(-596.332, 612.34)
(-603.148, 624.11)
(-610.211, 634.917)
(-617.475, 644.597)
(-624.899, 652.99)
(-632.438, 659.935)
(-640.049, 665.268)
(-640.049, 665.268)
(-648.187, 668.843)
(-657.26, 670.737)
(-667.149, 671.124)
(-677.736, 670.181)
(-688.904, 668.082)
(-700.534, 665.001)
(-712.508, 661.114)
(-724.708, 656.596)
(-737.016, 651.622)
(-749.314, 646.366)
(-761.483, 641.003)
(-773.406, 635.71)
(-784.965, 630.659)
(-796.041, 626.027)
(-806.516, 621.989)
(-816.273, 618.719)
(-825.192, 616.392)
(-833.157, 615.183)
(-840.049, 615.268)
(-840.049, 615.268)
(-846.077, 616.421)
(-851.546, 618.261)
(-856.477, 620.726)
(-860.891, 623.756)
(-864.812, 627.288)
(-868.26, 631.263)
(-871.257, 635.618)
(-873.826, 640.292)
(-875.988, 645.224)
(-877.766, 650.353)
(-879.18, 655.618)
(-880.253, 660.957)
(-881.006, 666.309)
(-881.463, 671.613)
(-881.644, 676.807)
(-881.571, 681.831)
(-881.266, 686.623)
(-880.751, 691.123)
(-880.049, 695.268)
(-880.049, 695.268)
(-878.858, 699.162)
(-876.918, 702.958)
(-874.315, 706.67)
(-871.129, 710.311)
(-867.445, 713.893)
(-863.345, 717.43)
(-858.913, 720.935)
(-854.232, 724.421)
(-849.384, 727.901)
(-844.453, 731.388)
(-839.522, 734.896)
(-834.675, 738.438)
(-829.993, 742.026)
(-825.561, 745.673)
(-821.461, 749.394)
(-817.777, 753.201)
(-814.592, 757.106)
(-811.988, 761.125)
(-810.049, 765.268)
(-810.049, 765.268)
(-808.554, 769.428)
(-807.235, 773.503)
(-806.099, 777.519)
(-805.156, 781.504)
(-804.414, 785.482)
(-803.882, 789.481)
(-803.568, 793.527)
(-803.482, 797.646)
(-803.632, 801.864)
(-804.027, 806.207)
(-804.676, 810.702)
(-805.587, 815.374)
(-806.77, 820.251)
(-808.232, 825.358)
(-809.983, 830.722)
(-812.031, 836.369)
(-814.386, 842.324)
(-817.056, 848.615)
(-820.049, 855.268)
(-820.049, 855.268)
(-823.935, 862.667)
(-829.149, 871.081)
(-835.493, 880.36)
(-842.769, 890.357)
(-850.782, 900.923)
(-859.334, 911.909)
(-868.229, 923.165)
(-877.27, 934.545)
(-886.26, 945.898)
(-895.001, 957.076)
(-903.298, 967.93)
(-910.954, 978.312)
(-917.771, 988.073)
(-923.554, 997.064)
(-928.104, 1005.14)
(-931.225, 1012.14)
(-932.721, 1017.93)
(-932.395, 1022.36)
(-930.049, 1025.27)
(-930.049, 1025.27)
(-925.539, 1026.65)
(-918.987, 1026.65)
(-910.594, 1025.4)
(-900.56, 1023.03)
(-889.088, 1019.65)
(-876.378, 1015.38)
(-862.631, 1010.36)
(-848.048, 1004.69)
(-832.832, 998.513)
(-817.182, 991.939)
(-801.301, 985.094)
(-785.389, 978.101)
(-769.648, 971.081)
(-754.278, 964.157)
(-739.482, 957.452)
(-725.459, 951.088)
(-712.412, 945.188)
(-700.541, 939.873)
(-690.049, 935.268)
(-690.049, 935.268)
(-680.438, 931.019)
(-671.085, 926.71)
(-661.999, 922.361)
(-653.189, 917.994)
(-644.663, 913.632)
(-636.43, 909.296)
(-628.499, 905.008)
(-620.878, 900.791)
(-613.577, 896.665)
(-606.604, 892.652)
(-599.967, 888.776)
(-593.676, 885.056)
(-587.739, 881.516)
(-582.166, 878.178)
(-576.964, 875.062)
(-572.142, 872.192)
(-567.71, 869.588)
(-563.676, 867.272)
(-560.049, 865.268)
(-469.049, 870.268)
(-428.049, 900.268)
(-422.049, 910.268)
(-415.049, 924.268)
(-408.049, 930.268)
(-400.049, 942.268)
(-398.049, 948.268)
(-395.049, 961.268)
(-390.049, 967.268)
(-382.049, 985.268)
(-378.049, 998.268)
(-371.049, 1014.27)
(-361.049, 1027.27)
(-351.049, 1034.27)
(-344.049, 1042.27)
(-520.049, 894.268)
(-471.049, 961.268)
(-453.049, 980.268)
(-438.049, 993.268)
(-421.049, 1002.27)
(-410.049, 1014.27)
(-405.049, 1022.27)
(-390.049, 1029.27)
(-380.049, 1033.27)
(-364.049, 1033.27)
(-350.049, 1033.27)
(-338.049, 1018.27)
(-333.049, 1009.27)
(-324.049, 1002.27)
(-313.049, 997.268)
(-303.049, 993.268)
(-290.049, 991.268)
(-278.049, 988.268)
(-250.049, 988.268)
(-233.049, 988.268)
(-210.049, 979.268)
(-197.049, 973.268)
(-186.049, 966.268)
(-172.049, 958.268)
(-161.049, 953.268)
(-150.049, 947.268)
(-142.049, 939.268)
(-134.049, 931.268)
(-125.049, 922.268)
(-115.049, 915.268)
(-94.0487, 909.268)
(-75.0487, 903.268)
(-65.0487, 903.268)
(-49.0487, 907.268)
(-36.0487, 910.268)
(-25.0487, 918.268)
(-9.04871, 928.268)
(0.951294, 941.268)
(15.9513, 962.268)
(25.9513, 971.268)
(-299.049, 936.268)
(-284.049, 953.268)
(-276.049, 969.268)
(-264.049, 979.268)
(-251.049, 986.268)
(-230.049, 998.268)
(-205.049, 997.268)
(-190.049, 981.268)
(-179.049, 973.268)
(-162.049, 958.268)
(-149.049, 949.268)
(-134.049, 940.268)
(-103.049, 906.268)
(-94.0487, 897.268)
(-77.0487, 881.268)
(-65.0487, 863.268)
(-59.0487, 847.268)
(-50.0487, 817.268)
(-301.049, 987.268)
(-283.049, 946.268)
(-264.049, 920.268)
(-234.049, 897.268)
(-204.049, 891.268)
(-182.049, 891.268)
(-150.049, 897.268)
(-126.049, 909.268)
(-96.0487, 926.268)
(-75.0487, 944.268)
(-45.0487, 965.268)
(-15.0487, 989.268)
(10.9513, 1012.27)
(49.9513, 1044.27)
(195.951, 1388.27)
(219.951, 1413.27)
(244.951, 1422.27)
(256.951, 1423.27)
(264.951, 1406.27)
(274.951, 1386.27)
(284.951, 1332.27)
(292.951, 1298.27)
(299.951, 1254.27)
(311.951, 1191.27)
(324.951, 1147.27)
(334.951, 1112.27)
(352.951, 1100.27)
(389.951, 1071.27)
(408.951, 1056.27)
(441.951, 1044.27)
(495.951, 1029.27)
(533.951, 1025.27)
(219.951, 1262.27)
(259.951, 1273.27)
(285.951, 1280.27)
(323.951, 1296.27)
(359.951, 1311.27)
(382.951, 1315.27)
(409.951, 1301.27)
(426.951, 1263.27)
(426.951, 1228.27)
(418.951, 1152.27)
(417.951, 1098.27)
(409.951, 1015.27)
(401.951, 949.268)
(381.951, 842.268)
(362.951, 784.268)
(326.951, 698.268)
(293.951, 666.268)
(258.951, 636.268)
(241.951, 624.268)
(221.951, 624.268)
(203.951, 641.268)
(190.951, 655.268)
(173.951, 687.268)
(156.951, 730.268)
(136.951, 762.268)
(111.951, 812.268)
(94.9513, 850.268)
(73.9513, 908.268)
(55.9513, 959.268)
(29.9513, 1032.27)
(10.9513, 1095.27)
(-16.0487, 1136.27)
(-72.0487, 1191.27)
(-117.049, 1205.27)
(640.951, 1268.27)
(616.951, 1268.27)
(574.951, 1284.27)
(529.951, 1284.27)
(506.951, 1272.27)
(472.951, 1255.27)
(455.951, 1212.27)
(448.951, 1179.27)
(446.951, 1140.27)
(437.951, 1067.27)
(434.951, 1020.27)
(431.951, 954.268)
(417.951, 1012.27)
(416.951, 954.268)
(408.951, 863.268)
(398.951, 831.268)
(384.951, 810.268)
(351.951, 805.268)
(325.951, 804.268)
(307.951, 794.268)
(282.951, 786.268)
(256.951, 787.268)
(240.951, 802.268)
(219.951, 849.268)
(213.951, 885.268)
(194.951, 944.268)
(186.951, 1010.27)
(164.951, 1094.27)
(160.951, 1140.27)
(133.951, 1230.27)
(118.951, 1278.27)
(95.9513, 1367.27)
(65.9513, 1433.27)
(616.951, 1151.27)
(599.951, 1150.27)
(589.951, 1145.27)
(569.951, 1147.27)
(525.951, 1136.27)
(487.951, 1125.27)
(440.951, 1101.27)
(398.951, 1060.27)
(381.951, 1013.27)
(373.951, 947.268)
(375.951, 857.268)
(391.951, 779.268)
(398.951, 688.268)
(390.951, 660.268)
(372.951, 647.268)
(357.951, 650.268)
(344.951, 663.268)
(343.951, 677.268)
(424.951, 693.268)
(426.951, 758.268)
(425.951, 797.268)
(419.951, 843.268)
(410.951, 893.268)
(390.951, 935.268)
(378.951, 935.268)
(359.951, 938.268)
(328.951, 943.268)
(291.951, 944.268)
(248.951, 954.268)
(196.951, 949.268)
(159.951, 940.268)
(83.9513, 904.268)
(36.9513, 865.268)
(-23.0487, 830.268)
(-81.0487, 791.268)
(-127.049, 758.268)
(-166.049, 747.268)
(-207.049, 749.268)
(-225.049, 760.268)
(-248.049, 777.268)
(-242.049, 801.268)
(-223.049, 813.268)
(-183.049, 840.268)
(-154.049, 868.268)
(-124.049, 904.268)
(-121.049, 918.268)
(-122.049, 941.268)
(-124.049, 965.268)
(-137.049, 1026.27)
(-165.049, 1098.27)
(-191.049, 1151.27)
(-230.049, 1184.27)
(-281.049, 1195.27)
(-339.049, 1183.27)
(-378.049, 1162.27)
(-424.049, 1146.27)
(-441.049, 1138.27)
(-453.049, 1151.27)
(-459.049, 1165.27)
(-447.049, 1180.27)
(-434.049, 1187.27)
(-419.049, 1196.27)
(-405.049, 1211.27)
(-388.049, 1235.27)
(-375.049, 1263.27)
(-375.049, 1282.27)
(-384.049, 1312.27)
(-392.049, 1336.27)
(-407.049, 1361.27)
(-434.049, 1400.27)
(-456.049, 1431.27)
(-480.049, 1461.27)
(-499.049, 1473.27)
(-501.049, 1479.27)
(-398.049, 1431.27)
(-316.049, 1389.27)
(-272.049, 1363.27)
(-188.049, 1317.27)
(-152.049, 1315.27)
(-137.049, 1315.27)
(-116.049, 1315.27)
(-105.049, 1313.27)
(-105.049, 1313.27)
