(-762.181, 450.203)
(-759.847, 452.168)
(-757.082, 454.374)
(-753.924, 456.812)
(-750.413, 459.473)
(-746.589, 462.348)
(-742.49, 465.428)
(-738.158, 468.706)
(-733.629, 472.171)
(-728.945, 475.816)
(-724.144, 479.631)
(-719.266, 483.609)
(-714.349, 487.739)
(-709.435, 492.014)
(-704.561, 496.424)
(-699.767, 500.961)
(-695.093, 505.616)
(-690.578, 510.381)
(-686.261, 515.246)
(-682.181, 520.203)
(-682.182, 520.203)
(-678.445, 525.259)
(-675.086, 530.43)
(-672.039, 535.721)
(-669.238, 541.136)
(-666.618, 546.679)
(-664.114, 552.354)
(-661.658, 558.167)
(-659.187, 564.122)
(-656.634, 570.222)
(-653.934, 576.472)
(-651.021, 582.876)
(-647.83, 589.44)
(-644.295, 596.167)
(-640.349, 603.062)
(-635.929, 610.128)
(-630.968, 617.371)
(-625.4, 624.795)
(-619.159, 632.404)
(-612.182, 640.203)
(-612.181, 640.203)
(-604.317, 648.575)
(-595.529, 657.812)
(-585.916, 667.784)
(-575.581, 678.36)
(-564.623, 689.408)
(-553.143, 700.798)
(-541.242, 712.397)
(-529.02, 724.075)
(-516.578, 735.701)
(-504.016, 747.143)
(-491.436, 758.27)
(-478.937, 768.95)
(-466.62, 779.054)
(-454.586, 788.449)
(-442.936, 797.004)
(-431.769, 804.588)
(-421.187, 811.07)
(-411.291, 816.319)
(-402.18, 820.203)
(-402.18, 820.203)
(-393.725, 822.661)
(-385.706, 823.801)
(-378.089, 823.746)
(-370.837, 822.617)
(-363.916, 820.538)
(-357.291, 817.631)
(-350.927, 814.018)
(-344.79, 809.822)
(-338.843, 805.166)
(-333.052, 800.171)
(-327.382, 794.96)
(-321.798, 789.656)
(-316.265, 784.381)
(-310.748, 779.258)
(-305.212, 774.409)
(-299.623, 769.957)
(-293.944, 766.023)
(-288.142, 762.731)
(-282.18, 760.203)
(-282.18, 760.203)
(-276.128, 758.271)
(-270.081, 756.66)
(-264.042, 755.33)
(-258.017, 754.243)
(-252.008, 753.358)
(-246.022, 752.636)
(-240.062, 752.038)
(-234.133, 751.525)
(-228.238, 751.057)
(-222.383, 750.595)
(-216.572, 750.099)
(-210.809, 749.531)
(-205.098, 748.85)
(-199.444, 748.017)
(-193.851, 746.994)
(-188.324, 745.74)
(-182.867, 744.217)
(-177.485, 742.384)
(-172.181, 740.203)
(-172.181, 740.203)
(-166.958, 737.49)
(-161.815, 734.148)
(-156.745, 730.27)
(-151.746, 725.947)
(-146.812, 721.271)
(-141.94, 716.335)
(-137.124, 711.229)
(-132.361, 706.047)
(-127.646, 700.878)
(-122.975, 695.816)
(-118.343, 690.952)
(-113.746, 686.379)
(-109.18, 682.187)
(-104.64, 678.47)
(-100.122, 675.318)
(-95.6213, 672.823)
(-91.1337, 671.078)
(-86.6549, 670.174)
(-82.1805, 670.203)
(-82.1804, 670.203)
(-77.7992, 671.187)
(-73.5858, 673.034)
(-69.5138, 675.666)
(-65.557, 679.003)
(-61.689, 682.967)
(-57.8837, 687.48)
(-54.115, 692.461)
(-50.3564, 697.834)
(-46.5818, 703.518)
(-42.7649, 709.436)
(-38.8795, 715.508)
(-34.8993, 721.656)
(-30.7981, 727.802)
(-26.5495, 733.865)
(-22.1276, 739.769)
(-17.5059, 745.433)
(-12.6583, 750.779)
(-7.55837, 755.729)
(-2.18006, 760.203)
(-2.18006, 760.203)
(3.42864, 764.648)
(9.19909, 769.505)
(15.1271, 774.685)
(21.208, 780.101)
(27.4377, 785.666)
(33.8118, 791.292)
(40.3258, 796.892)
(46.9755, 802.378)
(53.7564, 807.663)
(60.664, 812.659)
(67.6942, 817.28)
(74.8424, 821.436)
(82.1043, 825.042)
(89.4755, 828.009)
(96.9517, 830.249)
(104.528, 831.677)
(112.201, 832.203)
(119.966, 831.741)
(127.819, 830.203)
(127.819, 830.203)
(135.887, 827.557)
(144.276, 823.881)
(152.947, 819.255)
(161.859, 813.757)
(170.974, 807.466)
(180.252, 800.461)
(189.655, 792.82)
(199.142, 784.622)
(208.673, 775.946)
(218.211, 766.87)
(227.716, 757.474)
(237.147, 747.835)
(246.466, 738.034)
(255.634, 728.147)
(264.61, 718.255)
(273.357, 708.436)
(281.833, 698.768)
(290, 689.331)
(297.819, 680.203)
(297.819, 680.203)
(305.014, 670.61)
(311.418, 659.856)
(317.152, 648.139)
(322.339, 635.654)
(327.102, 622.6)
(331.563, 609.172)
(335.845, 595.568)
(340.07, 581.984)
(344.361, 568.618)
(348.84, 555.666)
(353.629, 543.324)
(358.852, 531.79)
(364.63, 521.261)
(371.085, 511.933)
(378.342, 504.004)
(386.521, 497.669)
(395.745, 493.126)
(406.137, 490.572)
(417.819, 490.203)
(417.819, 490.203)
(431.123, 492.807)
(446.16, 498.762)
(462.725, 507.654)
(480.612, 519.067)
(499.616, 532.585)
(519.532, 547.793)
(540.153, 564.275)
(561.274, 581.615)
(582.69, 599.399)
(604.194, 617.211)
(625.582, 634.635)
(646.648, 651.256)
(667.186, 666.657)
(686.99, 680.425)
(705.856, 692.142)
(723.578, 701.394)
(739.949, 707.765)
(754.764, 710.84)
(767.819, 710.203)
(767.819, 710.203)
(779.185, 705.813)
(789.163, 698.131)
(797.889, 687.494)
(805.498, 674.239)
(812.125, 658.701)
(817.908, 641.219)
(822.98, 622.129)
(827.478, 601.767)
(831.537, 580.471)
(835.292, 558.577)
(838.88, 536.422)
(842.436, 514.343)
(846.095, 492.677)
(849.994, 471.76)
(854.267, 451.929)
(859.051, 433.521)
(864.48, 416.873)
(870.691, 402.321)
(877.819, 390.203)
(877.819, 390.203)
(885.613, 379.837)
(893.718, 370.295)
(902.111, 361.542)
(910.771, 353.542)
(919.678, 346.261)
(928.806, 339.664)
(938.135, 333.716)
(947.644, 328.381)
(957.31, 323.625)
(967.112, 319.413)
(977.027, 315.71)
(987.035, 312.481)
(997.112, 309.69)
(1007.24, 307.304)
(1017.39, 305.286)
(1027.54, 303.602)
(1037.68, 302.217)
(1047.78, 301.096)
(1057.82, 300.204)
(1057.82, 300.204)
(1068.01, 300.042)
(1078.53, 301.042)
(1089.33, 303.064)
(1100.36, 305.968)
(1111.57, 309.615)
(1122.91, 313.863)
(1134.32, 318.574)
(1145.75, 323.606)
(1157.15, 328.821)
(1168.46, 334.079)
(1179.64, 339.238)
(1190.63, 344.16)
(1201.37, 348.705)
(1211.82, 352.731)
(1221.93, 356.101)
(1231.63, 358.672)
(1240.88, 360.307)
(1249.63, 360.864)
(1257.82, 360.203)
(1257.82, 360.203)
(1265.67, 358.941)
(1273.4, 357.72)
(1280.99, 356.446)
(1288.41, 355.022)
(1295.62, 353.351)
(1302.59, 351.338)
(1309.3, 348.885)
(1315.71, 345.898)
(1321.79, 342.279)
(1327.51, 337.933)
(1332.84, 332.764)
(1337.76, 326.674)
(1342.22, 319.568)
(1346.2, 311.349)
(1349.67, 301.922)
(1352.6, 291.191)
(1354.95, 279.058)
(1356.7, 265.428)
(1357.82, 250.204)
(1357.82, 250.204)
(1358.33, 232.666)
(1358.31, 212.369)
(1357.75, 189.626)
(1356.69, 164.754)
(1355.12, 138.066)
(1353.06, 109.879)
(1350.52, 80.506)
(1347.53, 50.2626)
(1344.08, 19.4635)
(1340.2, -11.5762)
(1335.9, -42.5415)
(1331.18, -73.1174)
(1326.07, -102.989)
(1320.58, -131.842)
(1314.72, -159.361)
(1308.5, -185.23)
(1301.93, -209.136)
(1295.03, -230.763)
(1287.82, -249.796)
(1287.82, -249.796)
(1280.02, -267.155)
(1271.42, -283.925)
(1262.08, -300.047)
(1252.09, -315.459)
(1241.54, -330.099)
(1230.49, -343.907)
(1219.02, -356.822)
(1207.23, -368.781)
(1195.17, -379.724)
(1182.94, -389.59)
(1170.6, -398.318)
(1158.25, -405.845)
(1145.96, -412.111)
(1133.8, -417.055)
(1121.86, -420.615)
(1110.21, -422.731)
(1098.93, -423.34)
(1088.11, -422.382)
(1077.82, -419.796)
(1077.82, -419.796)
(1067.82, -415.029)
(1057.84, -407.723)
(1047.9, -398.111)
(1038.01, -386.424)
(1028.18, -372.894)
(1018.45, -357.754)
(1008.82, -341.234)
(999.313, -323.566)
(989.946, -304.983)
(980.736, -285.717)
(971.701, -265.999)
(962.859, -246.06)
(954.226, -226.133)
(945.821, -206.449)
(937.661, -187.241)
(929.764, -168.74)
(922.146, -151.177)
(914.826, -134.786)
(907.819, -119.797)
(907.819, -119.797)
(901.258, -105.512)
(895.222, -91.1129)
(889.655, -76.6531)
(884.498, -62.1844)
(879.695, -47.7595)
(875.19, -33.4309)
(870.926, -19.2509)
(866.845, -5.27203)
(862.891, 8.45318)
(859.007, 21.8722)
(855.136, 34.9324)
(851.222, 47.5815)
(847.207, 59.767)
(843.034, 71.4363)
(838.647, 82.537)
(833.989, 93.0166)
(829.003, 102.823)
(823.632, 111.903)
(817.819, 120.204)
(817.819, 120.204)
(811.605, 127.758)
(805.089, 134.649)
(798.303, 140.91)
(791.275, 146.569)
(784.038, 151.659)
(776.622, 156.209)
(769.056, 160.251)
(761.373, 163.814)
(753.602, 166.929)
(745.775, 169.628)
(737.921, 171.94)
(730.071, 173.897)
(722.257, 175.528)
(714.508, 176.865)
(706.855, 177.938)
(699.329, 178.778)
(691.961, 179.415)
(684.78, 179.88)
(677.819, 180.204)
(677.819, 180.204)
(670.925, 180.8)
(663.948, 181.955)
(656.912, 183.506)
(649.844, 185.292)
(642.77, 187.151)
(635.716, 188.921)
(628.709, 190.44)
(621.775, 191.547)
(614.941, 192.079)
(608.231, 191.875)
(601.673, 190.772)
(595.293, 188.61)
(589.118, 185.226)
(583.172, 180.459)
(577.483, 174.146)
(572.077, 166.126)
(566.98, 156.237)
(562.219, 144.317)
(557.819, 130.204)
(557.819, 130.204)
(553.955, 113.056)
(550.733, 92.4083)
(548.074, 68.6689)
(545.898, 42.2438)
(544.129, 13.5398)
(542.685, -17.0364)
(541.49, -49.0776)
(540.463, -82.1772)
(539.527, -115.929)
(538.603, -149.925)
(537.612, -183.759)
(536.474, -217.025)
(535.113, -249.316)
(533.448, -280.224)
(531.401, -309.343)
(528.893, -336.266)
(525.846, -360.588)
(522.181, -381.9)
(517.819, -399.796)
(517.819, -399.796)
(512.786, -414.819)
(507.196, -427.872)
(501.102, -439.09)
(494.556, -448.611)
(487.61, -456.568)
(480.318, -463.098)
(472.73, -468.337)
(464.901, -472.419)
(456.883, -475.48)
(448.727, -477.657)
(440.487, -479.085)
(432.215, -479.898)
(423.963, -480.233)
(415.784, -480.226)
(407.73, -480.012)
(399.855, -479.726)
(392.21, -479.504)
(384.847, -479.483)
(377.82, -479.796)
(377.82, -479.796)
(371.045, -480.561)
(364.395, -481.709)
(357.857, -483.094)
(351.419, -484.572)
(345.067, -485.999)
(338.787, -487.231)
(332.568, -488.124)
(326.395, -488.532)
(320.255, -488.312)
(314.137, -487.319)
(308.025, -485.409)
(301.907, -482.438)
(295.771, -478.261)
(289.602, -472.734)
(283.389, -465.712)
(277.117, -457.052)
(270.773, -446.609)
(264.345, -434.238)
(257.819, -419.796)
(257.819, -419.796)
(251.122, -402.385)
(244.209, -381.48)
(237.118, -357.491)
(229.882, -330.83)
(222.537, -301.907)
(215.118, -271.135)
(207.659, -238.923)
(200.196, -205.684)
(192.763, -171.828)
(185.396, -137.766)
(178.13, -103.909)
(170.999, -70.6697)
(164.039, -38.458)
(157.284, -7.68504)
(150.77, 21.2378)
(144.531, 47.8991)
(138.603, 71.8881)
(133.021, 92.7933)
(127.819, 110.204)
(127.819, 110.204)
(123.06, 124.581)
(118.752, 136.769)
(114.846, 146.935)
(111.295, 155.245)
(108.049, 161.866)
(105.062, 166.963)
(102.285, 170.702)
(99.6693, 173.251)
(97.1675, 174.774)
(94.7314, 175.439)
(92.3127, 175.412)
(89.8633, 174.857)
(87.3354, 173.943)
(84.6806, 172.835)
(81.8508, 171.7)
(78.7979, 170.702)
(75.4738, 170.01)
(71.8305, 169.788)
(67.8197, 170.204)
(67.8197, 170.204)
(63.4489, 170.882)
(58.7805, 171.334)
(53.8498, 171.555)
(48.6917, 171.542)
(43.341, 171.29)
(37.833, 170.794)
(32.2026, 170.051)
(26.4845, 169.055)
(20.714, 167.802)
(14.9261, 166.289)
(9.15558, 164.51)
(3.43755, 162.462)
(-2.193, 160.139)
(-7.70107, 157.539)
(-13.0518, 154.655)
(-18.2099, 151.484)
(-23.1407, 148.021)
(-27.8091, 144.263)
(-32.18, 140.204)
(-32.18, 140.204)
(-36.3876, 135.92)
(-40.5778, 131.476)
(-44.733, 126.85)
(-48.8356, 122.02)
(-52.8683, 116.964)
(-56.8135, 111.66)
(-60.6537, 106.086)
(-64.3714, 100.221)
(-67.9492, 94.0426)
(-71.3696, 87.5286)
(-74.615, 80.6574)
(-77.6679, 73.4071)
(-80.5109, 65.7559)
(-83.1264, 57.6819)
(-85.4971, 49.1631)
(-87.6053, 40.1779)
(-89.4335, 30.7042)
(-90.9643, 20.7202)
(-92.1803, 10.204)
(-92.1804, 10.204)
(-92.8335, -1.31816)
(-92.7519, -14.1889)
(-92.0316, -28.2334)
(-90.7691, -43.2764)
(-89.0604, -59.1432)
(-87.0018, -75.6588)
(-84.6895, -92.6481)
(-82.2198, -109.936)
(-79.6888, -127.349)
(-77.1928, -144.71)
(-74.828, -161.845)
(-72.6907, -178.579)
(-70.8769, -194.738)
(-69.4832, -210.145)
(-68.6055, -224.627)
(-68.3402, -238.008)
(-68.7833, -250.113)
(-70.0314, -260.768)
(-72.1804, -269.797)
(-72.1804, -269.797)
(-75.3208, -277.661)
(-79.4089, -284.926)
(-84.3396, -291.574)
(-90.0081, -297.587)
(-96.3093, -302.95)
(-103.138, -307.643)
(-110.39, -311.649)
(-117.96, -314.951)
(-125.742, -317.532)
(-133.632, -319.373)
(-141.526, -320.458)
(-149.317, -320.769)
(-156.901, -320.288)
(-164.173, -318.997)
(-171.029, -316.88)
(-177.362, -313.919)
(-183.068, -310.097)
(-188.043, -305.395)
(-192.18, -299.796)
(-192.18, -299.796)
(-195.582, -292.66)
(-198.449, -283.507)
(-200.832, -272.565)
(-202.776, -260.062)
(-204.332, -246.225)
(-205.547, -231.281)
(-206.468, -215.458)
(-207.144, -198.983)
(-207.624, -182.084)
(-207.955, -164.989)
(-208.185, -147.923)
(-208.363, -131.116)
(-208.537, -114.794)
(-208.754, -99.1857)
(-209.063, -84.5173)
(-209.512, -71.0167)
(-210.149, -58.9114)
(-211.023, -48.4288)
(-212.18, -39.7963)
(-212.18, -39.7963)
(-213.484, -32.7588)
(-214.768, -26.8483)
(-216.042, -21.973)
(-217.315, -18.0408)
(-218.595, -14.9602)
(-219.891, -12.6391)
(-221.212, -10.9859)
(-222.567, -9.9084)
(-223.963, -9.31503)
(-225.411, -9.11379)
(-226.919, -9.21295)
(-228.495, -9.52061)
(-230.148, -9.94484)
(-231.888, -10.3939)
(-233.722, -10.7759)
(-235.659, -10.9989)
(-237.709, -10.9713)
(-239.88, -10.601)
(-242.181, -9.79615)
(-242.181, -9.79615)
(-244.525, -8.7712)
(-246.836, -7.80168)
(-249.135, -6.88753)
(-251.444, -6.02878)
(-253.786, -5.22549)
(-256.181, -4.47754)
(-258.652, -3.78501)
(-261.221, -3.14789)
(-263.91, -2.56616)
(-266.739, -2.03986)
(-269.733, -1.56892)
(-272.911, -1.15339)
(-276.296, -0.793287)
(-279.91, -0.488568)
(-283.775, -0.23927)
(-287.913, -0.0453611)
(-292.345, 0.0931362)
(-297.094, 0.176236)
(-302.18, 0.203946)
(-302.18, 0.203946)
(-307.488, 0.35995)
(-312.902, 0.787138)
(-318.442, 1.42427)
(-324.131, 2.21006)
(-329.99, 3.08339)
(-336.042, 3.98294)
(-342.308, 4.84752)
(-348.811, 5.61586)
(-355.571, 6.22678)
(-362.611, 6.61893)
(-369.954, 6.7312)
(-377.619, 6.50229)
(-385.631, 5.87102)
(-394.01, 4.77608)
(-402.778, 3.15629)
(-411.957, 0.950423)
(-421.569, -1.9028)
(-431.636, -5.4646)
(-442.18, -9.79615)
(-442.18, -9.79615)
(-453.504, -15.2008)
(-465.818, -21.8418)
(-479.004, -29.5703)
(-492.943, -38.2378)
(-507.518, -47.6955)
(-522.611, -57.7947)
(-538.103, -68.3866)
(-553.876, -79.3225)
(-569.813, -90.4539)
(-585.795, -101.632)
(-601.704, -112.708)
(-617.422, -123.533)
(-632.832, -133.959)
(-647.814, -143.837)
(-662.25, -153.017)
(-676.023, -161.352)
(-689.015, -168.693)
(-701.107, -174.891)
(-712.181, -179.797)
(-712.181, -179.797)
(-722.461, -183.614)
(-732.26, -186.675)
(-741.595, -189.03)
(-750.484, -190.725)
(-758.945, -191.81)
(-766.994, -192.332)
(-774.65, -192.339)
(-781.929, -191.88)
(-788.85, -191.002)
(-795.43, -189.754)
(-801.686, -188.184)
(-807.635, -186.34)
(-813.297, -184.27)
(-818.687, -182.022)
(-823.823, -179.644)
(-828.723, -177.184)
(-833.405, -174.691)
(-837.885, -172.213)
(-842.181, -169.797)
(-842.181, -169.797)
(-846.319, -167.292)
(-850.296, -164.523)
(-854.091, -161.504)
(-857.682, -158.247)
(-861.047, -154.765)
(-864.164, -151.072)
(-867.012, -147.181)
(-869.567, -143.105)
(-871.81, -138.856)
(-873.717, -134.449)
(-875.266, -129.896)
(-876.437, -125.21)
(-877.207, -120.405)
(-877.554, -115.493)
(-877.456, -110.488)
(-876.892, -105.402)
(-875.839, -100.25)
(-874.276, -95.0438)
(-872.181, -89.7967)
(-872.181, -89.7967)
(-869.133, -84.5568)
(-864.829, -79.3461)
(-859.427, -74.1384)
(-853.085, -68.9073)
(-845.96, -63.6266)
(-838.21, -58.2701)
(-829.992, -52.8116)
(-821.463, -47.2247)
(-812.781, -41.4833)
(-804.103, -35.5612)
(-795.587, -29.4319)
(-787.391, -23.0694)
(-779.671, -16.4474)
(-772.585, -9.53962)
(-766.291, -2.31979)
(-760.946, 5.23821)
(-756.708, 13.1607)
(-753.734, 21.474)
(-752.181, 30.2041)
(-752.181, 30.2041)
(-751.814, 39.7755)
(-752.261, 50.487)
(-753.48, 62.1768)
(-755.427, 74.6829)
(-758.057, 87.8437)
(-761.327, 101.497)
(-765.193, 115.482)
(-769.613, 129.635)
(-774.54, 143.796)
(-779.933, 157.803)
(-785.747, 171.493)
(-791.939, 184.704)
(-798.465, 197.276)
(-805.281, 209.046)
(-812.343, 219.853)
(-819.608, 229.533)
(-827.032, 237.927)
(-834.571, 244.871)
(-842.181, 250.204)
(-842.181, 250.204)
(-850.32, 253.779)
(-859.392, 255.673)
(-869.282, 256.06)
(-879.869, 255.117)
(-891.037, 253.018)
(-902.667, 249.937)
(-914.641, 246.05)
(-926.841, 241.532)
(-939.149, 236.558)
(-951.447, 231.302)
(-963.616, 225.94)
(-975.539, 220.646)
(-987.098, 215.595)
(-998.173, 210.964)
(-1008.65, 206.925)
(-1018.41, 203.655)
(-1027.33, 201.328)
(-1035.29, 200.119)
(-1042.18, 200.204)
(-1042.18, 200.204)
(-1048.21, 201.357)
(-1053.68, 203.197)
(-1058.61, 205.662)
(-1063.02, 208.692)
(-1066.94, 212.225)
(-1070.39, 216.199)
(-1073.39, 220.554)
(-1075.96, 225.228)
(-1078.12, 230.16)
(-1079.9, 235.289)
(-1081.31, 240.554)
(-1082.39, 245.893)
(-1083.14, 251.245)
(-1083.6, 256.549)
(-1083.78, 261.743)
(-1083.7, 266.767)
(-1083.4, 271.559)
(-1082.88, 276.059)
(-1082.18, 280.203)
(-1082.18, 280.203)
(-1080.99, 284.098)
(-1079.05, 287.894)
(-1076.45, 291.606)
(-1073.26, 295.246)
(-1069.58, 298.829)
(-1065.48, 302.366)
(-1061.05, 305.87)
(-1056.36, 309.356)
(-1051.52, 312.837)
(-1046.59, 316.324)
(-1041.66, 319.832)
(-1036.81, 323.373)
(-1032.13, 326.961)
(-1027.69, 330.609)
(-1023.59, 334.33)
(-1019.91, 338.136)
(-1016.72, 342.042)
(-1014.12, 346.06)
(-1012.18, 350.204)
(-1012.18, 350.204)
(-1010.69, 354.363)
(-1009.37, 358.438)
(-1008.23, 362.455)
(-1007.29, 366.439)
(-1006.55, 370.418)
(-1006.01, 374.417)
(-1005.7, 378.463)
(-1005.61, 382.581)
(-1005.77, 386.799)
(-1006.16, 391.142)
(-1006.81, 395.637)
(-1007.72, 400.31)
(-1008.9, 405.186)
(-1010.36, 410.293)
(-1012.12, 415.657)
(-1014.16, 421.304)
(-1016.52, 427.259)
(-1019.19, 433.55)
(-1022.18, 440.203)
(-1022.18, 440.203)
(-1026.07, 447.602)
(-1031.28, 456.016)
(-1037.63, 465.296)
(-1044.9, 475.293)
(-1052.91, 485.858)
(-1061.47, 496.844)
(-1070.36, 508.1)
(-1079.4, 519.48)
(-1088.39, 530.832)
(-1097.13, 542.01)
(-1105.43, 552.865)
(-1113.09, 563.247)
(-1119.9, 573.008)
(-1125.69, 581.999)
(-1130.24, 590.071)
(-1133.36, 597.077)
(-1134.85, 602.866)
(-1134.53, 607.291)
(-1132.18, 610.203)
(-1132.18, 610.203)
(-1127.67, 611.58)
(-1121.12, 611.585)
(-1112.73, 610.338)
(-1102.69, 607.963)
(-1091.22, 604.582)
(-1078.51, 600.318)
(-1064.76, 595.292)
(-1050.18, 589.628)
(-1034.96, 583.448)
(-1019.32, 576.874)
(-1003.43, 570.029)
(-987.522, 563.035)
(-971.781, 556.015)
(-956.411, 549.092)
(-941.614, 542.387)
(-927.592, 536.023)
(-914.545, 530.122)
(-902.674, 524.808)
(-892.181, 520.203)
(-892.181, 520.203)
(-882.571, 515.954)
(-873.218, 511.645)
(-864.132, 507.296)
(-855.322, 502.929)
(-846.796, 498.567)
(-838.563, 494.231)
(-830.632, 489.943)
(-823.011, 485.726)
(-815.71, 481.6)
(-808.736, 477.587)
(-802.1, 473.711)
(-795.809, 469.992)
(-789.872, 466.452)
(-784.298, 463.113)
(-779.096, 459.997)
(-774.275, 457.127)
(-769.843, 454.523)
(-765.809, 452.208)
(-762.181, 450.203)
(-671.181, 455.203)
(-630.182, 485.203)
(-624.182, 495.203)
(-617.181, 509.203)
(-610.181, 515.203)
(-602.181, 527.203)
(-600.181, 533.203)
(-597.181, 546.203)
(-592.181, 552.203)
(-584.181, 570.203)
(-580.181, 583.203)
(-573.181, 599.203)
(-563.181, 612.203)
(-553.181, 619.203)
(-546.181, 627.203)
(-722.181, 479.203)
(-673.181, 546.203)
(-655.182, 565.203)
(-640.182, 578.203)
(-623.181, 587.203)
(-612.181, 599.203)
(-607.181, 607.203)
(-592.181, 614.203)
(-582.181, 618.203)
(-566.181, 618.203)
(-552.181, 618.203)
(-540.181, 603.203)
(-535.181, 594.203)
(-526.181, 587.203)
(-515.181, 582.203)
(-505.181, 578.203)
(-492.181, 576.203)
(-480.181, 573.203)
(-452.181, 573.203)
(-435.18, 573.203)
(-412.18, 564.203)
(-399.18, 558.203)
(-388.18, 551.203)
(-374.18, 543.203)
(-363.18, 538.203)
(-352.18, 532.203)
(-344.18, 524.203)
(-336.18, 516.203)
(-327.18, 507.203)
(-317.18, 500.203)
(-296.18, 494.203)
(-277.18, 488.203)
(-267.18, 488.203)
(-251.18, 492.203)
(-238.18, 495.203)
(-227.18, 503.203)
(-211.18, 513.203)
(-201.18, 526.203)
(-186.18, 547.203)
(-176.18, 556.203)
(-501.181, 521.203)
(-486.181, 538.203)
(-478.181, 554.203)
(-466.181, 564.203)
(-453.181, 571.203)
(-432.18, 583.203)
(-407.18, 582.203)
(-392.18, 566.203)
(-381.18, 558.203)
(-364.18, 543.203)
(-351.18, 534.203)
(-336.18, 525.203)
(-305.18, 491.203)
(-296.18, 482.203)
(-279.18, 466.203)
(-267.18, 448.203)
(-261.18, 432.203)
(-252.18, 402.203)
(-503.181, 572.203)
(-485.181, 531.203)
(-466.181, 505.203)
(-436.18, 482.203)
(-406.18, 476.203)
(-384.18, 476.203)
(-352.18, 482.203)
(-328.18, 494.203)
(-298.18, 511.203)
(-277.18, 529.203)
(-247.18, 550.203)
(-217.18, 574.203)
(-191.18, 597.203)
(-152.18, 629.203)
(-6.18008, 973.202)
(17.8199, 998.202)
(42.8197, 1007.2)
(54.8197, 1008.2)
(62.8197, 991.202)
(72.8197, 971.202)
(82.8197, 917.203)
(90.8195, 883.203)
(97.8194, 839.203)
(109.819, 776.203)
(122.819, 732.203)
(132.819, 697.203)
(150.819, 685.203)
(187.819, 656.203)
(206.819, 641.203)
(239.819, 629.203)
(293.819, 614.203)
(331.819, 610.203)
(17.8199, 847.203)
(57.8197, 858.203)
(83.8197, 865.203)
(121.819, 881.203)
(157.819, 896.203)
(180.819, 900.203)
(207.819, 886.203)
(224.819, 848.203)
(224.819, 813.203)
(216.819, 737.203)
(215.819, 683.203)
(207.819, 600.203)
(199.819, 534.203)
(179.819, 427.203)
(160.819, 369.203)
(124.819, 283.204)
(91.8194, 251.204)
(56.8197, 221.204)
(39.8198, 209.204)
(19.8198, 209.204)
(1.81994, 226.204)
(-11.1801, 240.204)
(-28.1802, 272.204)
(-45.1803, 315.204)
(-65.1804, 347.203)
(-90.1804, 397.203)
(-107.18, 435.203)
(-128.18, 493.203)
(-146.18, 544.203)
(-172.18, 617.203)
(-191.18, 680.203)
(-218.18, 721.203)
(-274.18, 776.203)
(-319.18, 790.203)
(438.819, 853.203)
(414.819, 853.203)
(372.82, 869.203)
(327.819, 869.203)
(304.819, 857.203)
(270.819, 840.203)
(253.819, 797.203)
(246.819, 764.203)
(244.819, 725.203)
(235.819, 652.203)
(232.819, 605.203)
(229.819, 539.203)
(215.819, 597.203)
(214.819, 539.203)
(206.819, 448.203)
(196.819, 416.203)
(182.819, 395.203)
(149.819, 390.203)
(123.819, 389.203)
(105.819, 379.203)
(80.8197, 371.203)
(54.8197, 372.203)
(38.8198, 387.203)
(17.8199, 434.203)
(11.8199, 470.203)
(-7.18007, 529.203)
(-15.1801, 595.203)
(-37.1802, 679.203)
(-41.1803, 725.203)
(-68.1804, 815.203)
(-83.1804, 863.203)
(-106.18, 952.203)
(-136.18, 1018.2)
(414.819, 736.203)
(397.82, 735.203)
(387.82, 730.203)
(367.82, 732.203)
(323.819, 721.203)
(285.819, 710.203)
(238.819, 686.203)
(196.819, 645.203)
(179.819, 598.203)
(171.819, 532.203)
(173.819, 442.203)
(189.819, 364.203)
(196.819, 273.204)
(188.819, 245.204)
(170.819, 232.204)
(155.819, 235.204)
(142.819, 248.204)
(141.819, 262.204)
(222.819, 278.204)
(224.819, 343.203)
(223.819, 382.203)
(217.819, 428.203)
(208.819, 478.203)
(188.819, 520.203)
(176.819, 520.203)
(157.819, 523.203)
(126.819, 528.203)
(89.8195, 529.203)
(46.8198, 539.203)
(-5.18006, 534.203)
(-42.1803, 525.203)
(-118.18, 489.203)
(-165.18, 450.203)
(-225.18, 415.203)
(-283.18, 376.203)
(-329.18, 343.203)
(-368.18, 332.203)
(-409.18, 334.203)
(-427.18, 345.203)
(-450.181, 362.203)
(-444.18, 386.203)
(-425.18, 398.203)
(-385.18, 425.203)
(-356.18, 453.203)
(-326.18, 489.203)
(-323.18, 503.203)
(-324.18, 526.203)
(-326.18, 550.203)
(-339.18, 611.203)
(-367.18, 683.203)
(-393.18, 736.203)
(-432.18, 769.203)
(-483.181, 780.203)
(-541.181, 768.203)
(-580.181, 747.203)
(-626.182, 731.203)
(-643.182, 723.203)
(-655.182, 736.203)
(-661.182, 750.203)
(-649.182, 765.203)
(-636.182, 772.203)
(-621.181, 781.203)
(-607.181, 796.203)
(-590.181, 820.203)
(-577.181, 848.203)
(-577.181, 867.203)
(-586.181, 897.203)
(-594.181, 921.203)
(-609.181, 946.203)
(-636.182, 985.202)
(-658.182, 1016.2)
(-682.181, 1046.2)
(-701.181, 1058.2)
(-703.181, 1064.2)
(-600.181, 1016.2)
(-518.181, 974.202)
(-474.181, 948.203)
(-390.18, 902.203)
(-354.18, 900.203)
(-339.18, 900.203)
(-318.18, 900.203)
(-307.18, 898.203)
(-307.18, 898.203)
