(-656.922, 814.535)
(-654.588, 816.5)
(-651.822, 818.706)
(-648.664, 821.144)
(-645.154, 823.804)
(-641.33, 826.679)
(-637.231, 829.76)
(-632.898, 833.037)
(-628.37, 836.503)
(-623.686, 840.148)
(-618.885, 843.963)
(-614.006, 847.94)
(-609.09, 852.071)
(-604.176, 856.346)
(-599.301, 860.756)
(-594.508, 865.293)
(-589.834, 869.948)
(-585.319, 874.713)
(-581.002, 879.578)
(-576.922, 884.535)
(-576.922, 884.535)
(-573.185, 889.591)
(-569.826, 894.762)
(-566.779, 900.053)
(-563.979, 905.468)
(-561.359, 911.011)
(-558.854, 916.687)
(-556.399, 922.5)
(-553.928, 928.454)
(-551.375, 934.554)
(-548.675, 940.804)
(-545.762, 947.209)
(-542.57, 953.773)
(-539.035, 960.5)
(-535.09, 967.394)
(-530.669, 974.461)
(-525.708, 981.704)
(-520.14, 989.128)
(-513.9, 996.737)
(-506.922, 1004.54)
(-506.922, 1004.54)
(-499.058, 1012.91)
(-490.27, 1022.15)
(-480.657, 1032.12)
(-470.322, 1042.69)
(-459.364, 1053.74)
(-447.884, 1065.13)
(-435.983, 1076.73)
(-423.761, 1088.41)
(-411.319, 1100.03)
(-398.757, 1111.48)
(-386.177, 1122.6)
(-373.678, 1133.28)
(-361.361, 1143.39)
(-349.327, 1152.78)
(-337.677, 1161.34)
(-326.511, 1168.92)
(-315.929, 1175.4)
(-306.032, 1180.65)
(-296.922, 1184.54)
(-296.922, 1184.54)
(-288.467, 1186.99)
(-280.448, 1188.13)
(-272.831, 1188.08)
(-265.579, 1186.95)
(-258.658, 1184.87)
(-252.033, 1181.96)
(-245.669, 1178.35)
(-239.531, 1174.16)
(-233.585, 1169.5)
(-227.794, 1164.5)
(-222.124, 1159.29)
(-216.54, 1153.99)
(-211.007, 1148.71)
(-205.49, 1143.59)
(-199.954, 1138.74)
(-194.365, 1134.29)
(-188.686, 1130.36)
(-182.883, 1127.06)
(-176.922, 1124.54)
(-176.922, 1124.54)
(-170.87, 1122.6)
(-164.823, 1120.99)
(-158.784, 1119.66)
(-152.758, 1118.58)
(-146.75, 1117.69)
(-140.764, 1116.97)
(-134.804, 1116.37)
(-128.874, 1115.86)
(-122.98, 1115.39)
(-117.125, 1114.93)
(-111.313, 1114.43)
(-105.55, 1113.86)
(-99.8395, 1113.18)
(-94.1855, 1112.35)
(-88.5929, 1111.33)
(-83.0659, 1110.07)
(-77.6088, 1108.55)
(-72.2262, 1106.72)
(-66.9222, 1104.54)
(-66.9222, 1104.54)
(-61.6998, 1101.82)
(-56.5562, 1098.48)
(-51.4869, 1094.6)
(-46.4877, 1090.28)
(-41.5539, 1085.61)
(-36.6815, 1080.67)
(-31.866, 1075.56)
(-27.1028, 1070.38)
(-22.3879, 1065.21)
(-17.7166, 1060.15)
(-13.0847, 1055.29)
(-8.48781, 1050.71)
(-3.92158, 1046.52)
(0.618398, 1042.8)
(5.13659, 1039.65)
(9.63726, 1037.16)
(14.1248, 1035.41)
(18.6036, 1034.51)
(23.078, 1034.54)
(23.0781, 1034.54)
(27.4593, 1035.52)
(31.6727, 1037.37)
(35.7447, 1040)
(39.7015, 1043.34)
(43.5695, 1047.3)
(47.3748, 1051.81)
(51.1435, 1056.79)
(54.9021, 1062.17)
(58.6767, 1067.85)
(62.4936, 1073.77)
(66.3789, 1079.84)
(70.3591, 1085.99)
(74.4603, 1092.14)
(78.7087, 1098.2)
(83.1307, 1104.1)
(87.7523, 1109.77)
(92.5999, 1115.11)
(97.6998, 1120.06)
(103.078, 1124.54)
(103.078, 1124.54)
(108.687, 1128.98)
(114.457, 1133.84)
(120.385, 1139.02)
(126.466, 1144.43)
(132.696, 1150)
(139.07, 1155.63)
(145.584, 1161.23)
(152.234, 1166.71)
(159.015, 1172)
(165.922, 1176.99)
(172.952, 1181.61)
(180.101, 1185.77)
(187.363, 1189.38)
(194.734, 1192.34)
(202.21, 1194.58)
(209.787, 1196.01)
(217.46, 1196.54)
(225.225, 1196.07)
(233.078, 1194.54)
(233.078, 1194.54)
(241.146, 1191.89)
(249.535, 1188.21)
(258.205, 1183.59)
(267.118, 1178.09)
(276.233, 1171.8)
(285.511, 1164.79)
(294.913, 1157.15)
(304.4, 1148.96)
(313.932, 1140.28)
(323.47, 1131.2)
(332.974, 1121.81)
(342.406, 1112.17)
(351.725, 1102.37)
(360.893, 1092.48)
(369.869, 1082.59)
(378.615, 1072.77)
(387.092, 1063.1)
(395.259, 1053.66)
(403.078, 1044.54)
(403.078, 1044.54)
(410.273, 1034.94)
(416.676, 1024.19)
(422.41, 1012.47)
(427.598, 999.987)
(432.361, 986.933)
(436.822, 973.505)
(441.104, 959.9)
(445.329, 946.317)
(449.62, 932.95)
(454.098, 919.998)
(458.888, 907.656)
(464.11, 896.122)
(469.888, 885.593)
(476.344, 876.265)
(483.6, 868.336)
(491.779, 862.001)
(501.003, 857.458)
(511.395, 854.904)
(523.078, 854.535)
(523.078, 854.535)
(536.381, 857.139)
(551.419, 863.094)
(567.984, 871.986)
(585.871, 883.399)
(604.875, 896.917)
(624.791, 912.125)
(645.412, 928.607)
(666.533, 945.948)
(687.949, 963.732)
(709.453, 981.544)
(730.841, 998.968)
(751.907, 1015.59)
(772.445, 1030.99)
(792.25, 1044.76)
(811.115, 1056.48)
(828.837, 1065.73)
(845.208, 1072.1)
(860.023, 1075.17)
(873.078, 1074.54)
(873.078, 1074.54)
(884.444, 1070.15)
(894.422, 1062.46)
(903.148, 1051.83)
(910.757, 1038.57)
(917.385, 1023.03)
(923.167, 1005.55)
(928.239, 986.462)
(932.736, 966.1)
(936.796, 944.803)
(940.551, 922.909)
(944.139, 900.754)
(947.695, 878.675)
(951.354, 857.009)
(955.253, 836.092)
(959.526, 816.261)
(964.31, 797.853)
(969.739, 781.205)
(975.95, 766.653)
(983.078, 754.535)
(983.078, 754.535)
(990.872, 744.169)
(998.977, 734.627)
(1007.37, 725.873)
(1016.03, 717.873)
(1024.94, 710.592)
(1034.06, 703.995)
(1043.39, 698.047)
(1052.9, 692.712)
(1062.57, 687.956)
(1072.37, 683.745)
(1082.28, 680.041)
(1092.29, 676.812)
(1102.37, 674.022)
(1112.49, 671.635)
(1122.65, 669.617)
(1132.8, 667.933)
(1142.94, 666.548)
(1153.04, 665.427)
(1163.08, 664.535)
(1163.08, 664.535)
(1173.26, 664.373)
(1183.78, 665.373)
(1194.59, 667.395)
(1205.62, 670.299)
(1216.83, 673.946)
(1228.17, 678.194)
(1239.58, 682.905)
(1251.01, 687.938)
(1262.41, 693.153)
(1273.72, 698.41)
(1284.9, 703.57)
(1295.88, 708.492)
(1306.63, 713.036)
(1317.08, 717.063)
(1327.18, 720.432)
(1336.89, 723.004)
(1346.14, 724.638)
(1354.89, 725.195)
(1363.08, 724.535)
(1363.08, 724.535)
(1370.93, 723.272)
(1378.66, 722.052)
(1386.25, 720.778)
(1393.67, 719.353)
(1400.87, 717.682)
(1407.85, 715.669)
(1414.55, 713.217)
(1420.96, 710.229)
(1427.04, 706.611)
(1432.77, 702.265)
(1438.1, 697.095)
(1443.01, 691.005)
(1447.48, 683.899)
(1451.46, 675.681)
(1454.93, 666.254)
(1457.86, 655.522)
(1460.21, 643.389)
(1461.96, 629.758)
(1463.08, 614.535)
(1463.08, 614.535)
(1463.59, 596.997)
(1463.57, 576.7)
(1463.01, 553.957)
(1461.94, 529.085)
(1460.37, 502.397)
(1458.31, 474.21)
(1455.78, 444.837)
(1452.78, 414.594)
(1449.34, 383.795)
(1445.46, 352.755)
(1441.15, 321.79)
(1436.44, 291.214)
(1431.33, 261.343)
(1425.84, 232.49)
(1419.97, 204.972)
(1413.75, 179.102)
(1407.19, 155.196)
(1400.29, 133.569)
(1393.08, 114.536)
(1393.08, 114.536)
(1385.28, 97.1776)
(1376.67, 80.4069)
(1367.34, 64.285)
(1357.35, 48.8731)
(1346.8, 34.2325)
(1335.75, 20.4243)
(1324.28, 7.50991)
(1312.48, -4.44961)
(1300.43, -15.3929)
(1288.19, -25.2588)
(1275.86, -33.986)
(1263.51, -41.5134)
(1251.21, -47.7796)
(1239.06, -52.7235)
(1227.11, -56.2839)
(1215.47, -58.3993)
(1204.19, -59.0088)
(1193.37, -58.0509)
(1183.08, -55.4645)
(1183.08, -55.4645)
(1173.08, -50.697)
(1163.1, -43.3913)
(1153.16, -33.7791)
(1143.26, -22.0923)
(1133.44, -8.56265)
(1123.71, 6.57803)
(1114.08, 23.098)
(1104.57, 40.7652)
(1095.2, 59.3482)
(1085.99, 78.6149)
(1076.96, 98.3334)
(1068.12, 118.272)
(1059.48, 138.199)
(1051.08, 157.883)
(1042.92, 177.091)
(1035.02, 195.592)
(1027.4, 213.155)
(1020.08, 229.546)
(1013.08, 244.535)
(1013.08, 244.535)
(1006.52, 258.82)
(1000.48, 273.219)
(994.913, 287.679)
(989.757, 302.147)
(984.954, 316.572)
(980.449, 330.901)
(976.185, 345.081)
(972.104, 359.059)
(968.15, 372.785)
(964.266, 386.203)
(960.395, 399.264)
(956.481, 411.913)
(952.466, 424.098)
(948.293, 435.768)
(943.906, 446.868)
(939.248, 457.348)
(934.262, 467.154)
(928.891, 476.234)
(923.078, 484.535)
(923.078, 484.535)
(916.864, 492.089)
(910.349, 498.98)
(903.562, 505.241)
(896.535, 510.9)
(889.297, 515.99)
(881.881, 520.54)
(874.316, 524.582)
(866.632, 528.145)
(858.861, 531.26)
(851.034, 533.959)
(843.18, 536.271)
(835.33, 538.228)
(827.516, 539.859)
(819.767, 541.196)
(812.114, 542.269)
(804.588, 543.109)
(797.22, 543.746)
(790.039, 544.211)
(783.078, 544.535)
(783.078, 544.535)
(776.185, 545.131)
(769.207, 546.286)
(762.171, 547.837)
(755.103, 549.623)
(748.029, 551.482)
(740.975, 553.252)
(733.969, 554.771)
(727.035, 555.878)
(720.2, 556.41)
(713.49, 556.206)
(706.932, 555.103)
(700.553, 552.941)
(694.377, 549.557)
(688.431, 544.79)
(682.742, 538.477)
(677.336, 530.457)
(672.239, 520.568)
(667.478, 508.648)
(663.078, 494.535)
(663.078, 494.535)
(659.214, 477.387)
(655.992, 456.74)
(653.333, 433)
(651.158, 406.575)
(649.388, 377.871)
(647.944, 347.295)
(646.749, 315.254)
(645.722, 282.155)
(644.786, 248.403)
(643.862, 214.407)
(642.871, 180.573)
(641.734, 147.307)
(640.372, 115.017)
(638.707, 84.1084)
(636.66, 54.989)
(634.152, 28.0652)
(631.105, 3.7438)
(627.44, -17.5683)
(623.078, -35.4645)
(623.078, -35.4645)
(618.045, -50.4871)
(612.455, -63.5401)
(606.361, -74.7589)
(599.815, -84.2792)
(592.869, -92.2366)
(585.577, -98.7667)
(577.99, -104.005)
(570.16, -108.087)
(562.142, -111.149)
(553.986, -113.326)
(545.746, -114.753)
(537.473, -115.567)
(529.221, -115.902)
(521.042, -115.895)
(512.989, -115.68)
(505.113, -115.394)
(497.468, -115.173)
(490.105, -115.151)
(483.078, -115.464)
(483.078, -115.464)
(476.303, -116.23)
(469.653, -117.377)
(463.116, -118.762)
(456.678, -120.241)
(450.325, -121.668)
(444.046, -122.9)
(437.826, -123.792)
(431.654, -124.2)
(425.514, -123.98)
(419.395, -122.987)
(413.284, -121.078)
(407.166, -118.106)
(401.03, -113.929)
(394.861, -108.402)
(388.647, -101.381)
(382.375, -92.7207)
(376.032, -82.2775)
(369.604, -69.9069)
(363.078, -55.4645)
(363.078, -55.4645)
(356.38, -38.0539)
(349.468, -17.1484)
(342.377, 6.84048)
(335.141, 33.5018)
(327.796, 62.4244)
(320.376, 93.1972)
(312.918, 125.409)
(305.454, 158.648)
(298.022, 192.504)
(290.655, 226.566)
(283.389, 260.423)
(276.258, 293.662)
(269.298, 325.874)
(262.543, 356.646)
(256.029, 385.569)
(249.79, 412.23)
(243.862, 436.219)
(238.28, 457.125)
(233.078, 474.535)
(233.078, 474.535)
(228.319, 488.912)
(224.011, 501.1)
(220.105, 511.266)
(216.554, 519.576)
(213.308, 526.197)
(210.321, 531.294)
(207.543, 535.033)
(204.928, 537.582)
(202.426, 539.105)
(199.99, 539.77)
(197.571, 539.742)
(195.122, 539.188)
(192.594, 538.274)
(189.939, 537.166)
(187.109, 536.031)
(184.056, 535.033)
(180.732, 534.341)
(177.089, 534.119)
(173.078, 534.535)
(173.078, 534.535)
(168.707, 535.213)
(164.039, 535.665)
(159.108, 535.886)
(153.95, 535.873)
(148.599, 535.621)
(143.091, 535.125)
(137.461, 534.382)
(131.743, 533.386)
(125.972, 532.133)
(120.184, 530.62)
(114.414, 528.841)
(108.696, 526.793)
(103.065, 524.47)
(97.5571, 521.869)
(92.2064, 518.986)
(87.0483, 515.815)
(82.1176, 512.352)
(77.4492, 508.593)
(73.0784, 504.535)
(73.0784, 504.535)
(68.8708, 500.251)
(64.6806, 495.807)
(60.5255, 491.181)
(56.4229, 486.351)
(52.3902, 481.295)
(48.445, 475.991)
(44.6048, 470.418)
(40.8871, 464.552)
(37.3093, 458.374)
(33.8889, 451.86)
(30.6435, 444.989)
(27.5906, 437.738)
(24.7476, 430.087)
(22.1321, 422.013)
(19.7614, 413.494)
(17.6532, 404.509)
(15.825, 395.036)
(14.2942, 385.051)
(13.0782, 374.535)
(13.0781, 374.535)
(12.425, 363.013)
(12.5066, 350.143)
(13.2269, 336.098)
(14.4894, 321.055)
(16.1981, 305.189)
(18.2567, 288.673)
(20.569, 271.684)
(23.0387, 254.395)
(25.5697, 236.983)
(28.0657, 219.622)
(30.4304, 202.487)
(32.5678, 185.753)
(34.3816, 169.595)
(35.7753, 154.187)
(36.653, 139.705)
(36.9183, 126.325)
(36.4751, 114.219)
(35.2271, 103.565)
(33.0781, 94.5356)
(33.0781, 94.5356)
(29.9377, 86.6714)
(25.8496, 79.4066)
(20.9189, 72.7583)
(15.2504, 66.7444)
(8.94921, 61.382)
(2.12023, 56.6889)
(-5.13161, 52.6824)
(-12.7011, 49.3802)
(-20.4837, 46.7996)
(-28.374, 44.9582)
(-36.2673, 43.8734)
(-44.0585, 43.5629)
(-51.6427, 44.044)
(-58.9149, 45.3342)
(-65.7702, 47.4512)
(-72.1035, 50.4122)
(-77.8097, 54.235)
(-82.7844, 58.9368)
(-86.9219, 64.5353)
(-86.9219, 64.5353)
(-90.3233, 71.6719)
(-93.191, 80.825)
(-95.5733, 91.7667)
(-97.5182, 104.27)
(-99.0739, 118.107)
(-100.288, 133.051)
(-101.21, 148.874)
(-101.886, 165.349)
(-102.366, 182.248)
(-102.697, 199.344)
(-102.927, 216.409)
(-103.105, 233.216)
(-103.279, 249.537)
(-103.496, 265.146)
(-103.805, 279.815)
(-104.254, 293.315)
(-104.891, 305.42)
(-105.764, 315.903)
(-106.922, 324.535)
(-106.922, 324.535)
(-108.225, 331.573)
(-109.51, 337.483)
(-110.784, 342.359)
(-112.057, 346.291)
(-113.337, 349.371)
(-114.633, 351.692)
(-115.954, 353.346)
(-117.308, 354.423)
(-118.705, 355.016)
(-120.153, 355.218)
(-121.66, 355.119)
(-123.236, 354.811)
(-124.89, 354.387)
(-126.629, 353.938)
(-128.463, 353.556)
(-130.401, 353.333)
(-132.451, 353.36)
(-134.622, 353.731)
(-136.922, 354.535)
(-136.922, 354.535)
(-139.267, 355.56)
(-141.577, 356.53)
(-143.876, 357.444)
(-146.186, 358.303)
(-148.527, 359.106)
(-150.923, 359.854)
(-153.394, 360.546)
(-155.963, 361.184)
(-158.651, 361.765)
(-161.481, 362.292)
(-164.474, 362.762)
(-167.652, 363.178)
(-171.038, 363.538)
(-174.652, 363.843)
(-178.517, 364.092)
(-182.655, 364.286)
(-187.087, 364.425)
(-191.835, 364.508)
(-196.922, 364.535)
(-196.922, 364.535)
(-202.23, 364.691)
(-207.644, 365.119)
(-213.184, 365.756)
(-218.873, 366.542)
(-224.732, 367.415)
(-230.784, 368.314)
(-237.05, 369.179)
(-243.553, 369.947)
(-250.313, 370.558)
(-257.353, 370.95)
(-264.696, 371.063)
(-272.361, 370.834)
(-280.373, 370.202)
(-288.752, 369.107)
(-297.52, 367.488)
(-306.699, 365.282)
(-316.311, 362.429)
(-326.378, 358.867)
(-336.922, 354.535)
(-336.922, 354.535)
(-348.246, 349.131)
(-360.559, 342.49)
(-373.745, 334.761)
(-387.684, 326.094)
(-402.259, 316.636)
(-417.352, 306.537)
(-432.844, 295.945)
(-448.617, 285.009)
(-464.554, 273.878)
(-480.536, 262.7)
(-496.445, 251.624)
(-512.163, 240.799)
(-527.572, 230.373)
(-542.554, 220.495)
(-556.99, 211.315)
(-570.764, 202.98)
(-583.755, 195.639)
(-595.848, 189.441)
(-606.922, 184.535)
(-606.922, 184.535)
(-617.202, 180.719)
(-627.001, 177.657)
(-636.336, 175.302)
(-645.225, 173.607)
(-653.686, 172.522)
(-661.735, 172)
(-669.391, 171.993)
(-676.67, 172.452)
(-683.591, 173.33)
(-690.171, 174.578)
(-696.426, 176.148)
(-702.376, 177.992)
(-708.037, 180.062)
(-713.428, 182.311)
(-718.564, 184.689)
(-723.464, 187.148)
(-728.146, 189.641)
(-732.626, 192.12)
(-736.922, 194.535)
(-736.922, 194.535)
(-741.06, 197.04)
(-745.037, 199.809)
(-748.832, 202.828)
(-752.423, 206.085)
(-755.788, 209.567)
(-758.905, 213.26)
(-761.752, 217.151)
(-764.308, 221.227)
(-766.551, 225.476)
(-768.457, 229.883)
(-770.007, 234.436)
(-771.178, 239.122)
(-771.948, 243.927)
(-772.295, 248.839)
(-772.197, 253.844)
(-771.633, 258.929)
(-770.58, 264.082)
(-769.017, 269.288)
(-766.922, 274.535)
(-766.922, 274.535)
(-763.874, 279.775)
(-759.57, 284.986)
(-754.168, 290.193)
(-747.826, 295.424)
(-740.701, 300.705)
(-732.951, 306.062)
(-724.732, 311.52)
(-716.203, 317.107)
(-707.521, 322.848)
(-698.844, 328.771)
(-690.328, 334.9)
(-682.131, 341.262)
(-674.412, 347.884)
(-667.326, 354.792)
(-661.032, 362.012)
(-655.687, 369.57)
(-651.449, 377.492)
(-648.475, 385.805)
(-646.922, 394.535)
(-646.922, 394.535)
(-646.555, 404.107)
(-647.002, 414.818)
(-648.221, 426.508)
(-650.168, 439.014)
(-652.798, 452.175)
(-656.068, 465.828)
(-659.934, 479.813)
(-664.353, 493.966)
(-669.281, 508.127)
(-674.674, 522.133)
(-680.488, 535.824)
(-686.68, 549.035)
(-693.206, 561.607)
(-700.022, 573.377)
(-707.084, 584.183)
(-714.349, 593.864)
(-721.773, 602.257)
(-729.312, 609.202)
(-736.922, 614.535)
(-736.922, 614.535)
(-745.061, 618.11)
(-754.133, 620.003)
(-764.022, 620.391)
(-774.61, 619.448)
(-785.778, 617.349)
(-797.408, 614.268)
(-809.382, 610.381)
(-821.582, 605.863)
(-833.89, 600.888)
(-846.188, 595.633)
(-858.357, 590.27)
(-870.28, 584.977)
(-881.839, 579.926)
(-892.914, 575.294)
(-903.39, 571.256)
(-913.146, 567.986)
(-922.066, 565.659)
(-930.031, 564.45)
(-936.922, 564.535)
(-936.922, 564.535)
(-942.951, 565.688)
(-948.42, 567.528)
(-953.35, 569.993)
(-957.765, 573.023)
(-961.685, 576.555)
(-965.133, 580.53)
(-968.131, 584.885)
(-970.7, 589.559)
(-972.862, 594.491)
(-974.639, 599.62)
(-976.053, 604.884)
(-977.126, 610.223)
(-977.88, 615.576)
(-978.336, 620.879)
(-978.517, 626.074)
(-978.444, 631.098)
(-978.14, 635.89)
(-977.625, 640.39)
(-976.922, 644.534)
(-976.922, 644.534)
(-975.731, 648.429)
(-973.792, 652.225)
(-971.188, 655.937)
(-968.003, 659.578)
(-964.318, 663.16)
(-960.219, 666.697)
(-955.786, 670.202)
(-951.105, 673.688)
(-946.257, 677.168)
(-941.327, 680.655)
(-936.396, 684.163)
(-931.548, 687.704)
(-926.867, 691.292)
(-922.435, 694.94)
(-918.335, 698.661)
(-914.651, 702.468)
(-911.465, 706.373)
(-908.861, 710.392)
(-906.922, 714.535)
(-906.922, 714.535)
(-905.428, 718.695)
(-904.109, 722.769)
(-902.973, 726.786)
(-902.029, 730.771)
(-901.287, 734.749)
(-900.755, 738.748)
(-900.442, 742.794)
(-900.356, 746.913)
(-900.506, 751.131)
(-900.901, 755.474)
(-901.55, 759.969)
(-902.461, 764.641)
(-903.643, 769.518)
(-905.106, 774.625)
(-906.857, 779.989)
(-908.905, 785.636)
(-911.26, 791.591)
(-913.929, 797.882)
(-916.922, 804.535)
(-916.922, 804.535)
(-920.809, 811.934)
(-926.023, 820.347)
(-932.366, 829.627)
(-939.643, 839.624)
(-947.656, 850.19)
(-956.208, 861.176)
(-965.103, 872.432)
(-974.143, 883.812)
(-983.133, 895.165)
(-991.875, 906.343)
(-1000.17, 917.197)
(-1007.83, 927.579)
(-1014.65, 937.34)
(-1020.43, 946.331)
(-1024.98, 954.404)
(-1028.1, 961.409)
(-1029.59, 967.199)
(-1029.27, 971.624)
(-1026.92, 974.536)
(-1026.92, 974.536)
(-1022.41, 975.913)
(-1015.86, 975.918)
(-1007.47, 974.671)
(-997.434, 972.296)
(-985.961, 968.915)
(-973.251, 964.65)
(-959.504, 959.625)
(-944.922, 953.961)
(-929.706, 947.78)
(-914.056, 941.206)
(-898.175, 934.362)
(-882.263, 927.368)
(-866.521, 920.348)
(-851.152, 913.424)
(-836.355, 906.719)
(-822.333, 900.355)
(-809.286, 894.455)
(-797.415, 889.14)
(-786.922, 884.535)
(-786.922, 884.535)
(-777.312, 880.286)
(-767.959, 875.977)
(-758.873, 871.628)
(-750.063, 867.261)
(-741.537, 862.899)
(-733.304, 858.563)
(-725.373, 854.275)
(-717.752, 850.057)
(-710.45, 845.931)
(-703.477, 841.919)
(-696.841, 838.043)
(-690.55, 834.323)
(-684.613, 830.783)
(-679.039, 827.445)
(-673.837, 824.329)
(-669.016, 821.458)
(-664.584, 818.855)
(-660.55, 816.539)
(-656.922, 814.535)
(-565.922, 819.535)
(-524.922, 849.535)
(-518.922, 859.535)
(-511.922, 873.535)
(-504.922, 879.535)
(-496.922, 891.535)
(-494.922, 897.535)
(-491.922, 910.535)
(-486.922, 916.535)
(-478.922, 934.535)
(-474.922, 947.535)
(-467.922, 963.535)
(-457.922, 976.536)
(-447.922, 983.536)
(-440.922, 991.536)
(-616.922, 843.535)
(-567.922, 910.535)
(-549.922, 929.535)
(-534.922, 942.535)
(-517.922, 951.535)
(-506.922, 963.535)
(-501.922, 971.535)
(-486.922, 978.536)
(-476.922, 982.536)
(-460.922, 982.536)
(-446.922, 982.536)
(-434.922, 967.535)
(-429.922, 958.535)
(-420.922, 951.535)
(-409.922, 946.535)
(-399.922, 942.535)
(-386.922, 940.535)
(-374.922, 937.535)
(-346.922, 937.535)
(-329.922, 937.535)
(-306.922, 928.535)
(-293.922, 922.535)
(-282.922, 915.535)
(-268.922, 907.535)
(-257.922, 902.535)
(-246.922, 896.535)
(-238.922, 888.535)
(-230.922, 880.535)
(-221.922, 871.535)
(-211.922, 864.535)
(-190.922, 858.535)
(-171.922, 852.535)
(-161.922, 852.535)
(-145.922, 856.535)
(-132.922, 859.535)
(-121.922, 867.535)
(-105.922, 877.535)
(-95.9219, 890.535)
(-80.9219, 911.535)
(-70.9219, 920.535)
(-395.922, 885.535)
(-380.922, 902.535)
(-372.922, 918.535)
(-360.922, 928.535)
(-347.922, 935.535)
(-326.922, 947.535)
(-301.922, 946.535)
(-286.922, 930.535)
(-275.922, 922.535)
(-258.922, 907.535)
(-245.922, 898.535)
(-230.922, 889.535)
(-199.922, 855.535)
(-190.922, 846.535)
(-173.922, 830.535)
(-161.922, 812.535)
(-155.922, 796.535)
(-146.922, 766.535)
(-397.922, 936.535)
(-379.922, 895.535)
(-360.922, 869.535)
(-330.922, 846.535)
(-300.922, 840.535)
(-278.922, 840.535)
(-246.922, 846.535)
(-222.922, 858.535)
(-192.922, 875.535)
(-171.922, 893.535)
(-141.922, 914.535)
(-111.922, 938.535)
(-85.9219, 961.535)
(-46.9219, 993.536)
(99.0781, 1337.54)
(123.078, 1362.54)
(148.078, 1371.54)
(160.078, 1372.54)
(168.078, 1355.54)
(178.078, 1335.54)
(188.078, 1281.54)
(196.078, 1247.54)
(203.078, 1203.54)
(215.078, 1140.54)
(228.078, 1096.54)
(238.078, 1061.54)
(256.078, 1049.54)
(293.078, 1020.54)
(312.078, 1005.54)
(345.078, 993.536)
(399.078, 978.536)
(437.078, 974.536)
(123.078, 1211.54)
(163.078, 1222.54)
(189.078, 1229.54)
(227.078, 1245.54)
(263.078, 1260.54)
(286.078, 1264.54)
(313.078, 1250.54)
(330.078, 1212.54)
(330.078, 1177.54)
(322.078, 1101.54)
(321.078, 1047.54)
(313.078, 964.535)
(305.078, 898.535)
(285.078, 791.535)
(266.078, 733.535)
(230.078, 647.535)
(197.078, 615.535)
(162.078, 585.535)
(145.078, 573.535)
(125.078, 573.535)
(107.078, 590.535)
(94.0781, 604.535)
(77.0781, 636.535)
(60.0782, 679.535)
(40.0781, 711.535)
(15.0781, 761.535)
(-1.92189, 799.535)
(-22.9219, 857.535)
(-40.9219, 908.535)
(-66.9219, 981.536)
(-85.9219, 1044.54)
(-112.922, 1085.54)
(-168.922, 1140.54)
(-213.922, 1154.54)
(544.078, 1217.54)
(520.078, 1217.54)
(478.078, 1233.54)
(433.078, 1233.54)
(410.078, 1221.54)
(376.078, 1204.54)
(359.078, 1161.54)
(352.078, 1128.54)
(350.078, 1089.54)
(341.078, 1016.54)
(338.078, 969.535)
(335.078, 903.535)
(321.078, 961.535)
(320.078, 903.535)
(312.078, 812.535)
(302.078, 780.535)
(288.078, 759.535)
(255.078, 754.535)
(229.078, 753.535)
(211.078, 743.535)
(186.078, 735.535)
(160.078, 736.535)
(144.078, 751.535)
(123.078, 798.535)
(117.078, 834.535)
(98.0781, 893.535)
(90.0781, 959.535)
(68.0781, 1043.54)
(64.0782, 1089.54)
(37.0781, 1179.54)
(22.0781, 1227.54)
(-0.921888, 1316.54)
(-30.9219, 1382.54)
(520.078, 1100.54)
(503.078, 1099.54)
(493.078, 1094.54)
(473.078, 1096.54)
(429.078, 1085.54)
(391.078, 1074.54)
(344.078, 1050.54)
(302.078, 1009.54)
(285.078, 962.535)
(277.078, 896.535)
(279.078, 806.535)
(295.078, 728.535)
(302.078, 637.535)
(294.078, 609.535)
(276.078, 596.535)
(261.078, 599.535)
(248.078, 612.535)
(247.078, 626.535)
(328.078, 642.535)
(330.078, 707.535)
(329.078, 746.535)
(323.078, 792.535)
(314.078, 842.535)
(294.078, 884.535)
(282.078, 884.535)
(263.078, 887.535)
(232.078, 892.535)
(195.078, 893.535)
(152.078, 903.535)
(100.078, 898.535)
(63.0782, 889.535)
(-12.9219, 853.535)
(-59.9219, 814.535)
(-119.922, 779.535)
(-177.922, 740.535)
(-223.922, 707.535)
(-262.922, 696.535)
(-303.922, 698.535)
(-321.922, 709.535)
(-344.922, 726.535)
(-338.922, 750.535)
(-319.922, 762.535)
(-279.922, 789.535)
(-250.922, 817.535)
(-220.922, 853.535)
(-217.922, 867.535)
(-218.922, 890.535)
(-220.922, 914.535)
(-233.922, 975.536)
(-261.922, 1047.54)
(-287.922, 1100.54)
(-326.922, 1133.54)
(-377.922, 1144.54)
(-435.922, 1132.54)
(-474.922, 1111.54)
(-520.922, 1095.54)
(-537.922, 1087.54)
(-549.922, 1100.54)
(-555.922, 1114.54)
(-543.922, 1129.54)
(-530.922, 1136.54)
(-515.922, 1145.54)
(-501.922, 1160.54)
(-484.922, 1184.54)
(-471.922, 1212.54)
(-471.922, 1231.54)
(-480.922, 1261.54)
(-488.922, 1285.54)
(-503.922, 1310.54)
(-530.922, 1349.54)
(-552.922, 1380.54)
(-576.922, 1410.54)
(-595.922, 1422.54)
(-597.922, 1428.54)
(-494.922, 1380.54)
(-412.922, 1338.54)
(-368.922, 1312.54)
(-284.922, 1266.54)
(-248.922, 1264.54)
(-233.922, 1264.54)
(-212.922, 1264.54)
(-201.922, 1262.54)
(-201.922, 1262.54)
