(181, 335)
(222, 365)
(228, 375)
(235, 389)
(242, 395)
(250, 407)
(252, 413)
(255, 426)
(260, 432)
(268, 450)
(272, 463)
(279, 479)
(289, 492)
(299, 499)
(306, 507)
(130, 359)
(179, 426)
(197, 445)
(212, 458)
(229, 467)
(240, 479)
(245, 487)
(260, 494)
(270, 498)
(286, 498)
(300, 498)
(312, 483)
(317, 474)
(326, 467)
(337, 462)
(347, 458)
(360, 456)
(372, 453)
(400, 453)
(417, 453)
(440, 444)
(453, 438)
(464, 431)
(478, 423)
(489, 418)
(500, 412)
(508, 404)
(516, 396)
(525, 387)
(535, 380)
(556, 374)
(575, 368)
(585, 368)
(601, 372)
(614, 375)
(625, 383)
(641, 393)
(651, 406)
(666, 427)
(676, 436)
(351, 401)
(366, 418)
(374, 434)
(386, 444)
(399, 451)
(420, 463)
(445, 462)
(460, 446)
(471, 438)
(488, 423)
(501, 414)
(516, 405)
(547, 371)
(556, 362)
(573, 346)
(585, 328)
(591, 312)
(600, 282)
(349, 452)
(367, 411)
(386, 385)
(416, 362)
(446, 356)
(468, 356)
(500, 362)
(524, 374)
(554, 391)
(575, 409)
(605, 430)
(635, 454)
(661, 477)
(700, 509)
(846, 853)
(870, 878)
(895, 887)
(907, 888)
(915, 871)
(925, 851)
(935, 797)
(943, 763)
(950, 719)
(962, 656)
(975, 612)
(985, 577)
(1003, 565)
(1040, 536)
(1059, 521)
(1092, 509)
(1146, 494)
(1184, 490)
(870, 727)
(910, 738)
(936, 745)
(974, 761)
(1010, 776)
(1033, 780)
(1060, 766)
(1077, 728)
(1077, 693)
(1069, 617)
(1068, 563)
(1060, 480)
(1052, 414)
(1032, 307)
(1013, 249)
(977, 163)
(944, 131)
(909, 101)
(892, 89)
(872, 89)
(854, 106)
(841, 120)
(824, 152)
(807, 195)
(787, 227)
(762, 277)
(745, 315)
(724, 373)
(706, 424)
(680, 497)
(661, 560)
(634, 601)
(578, 656)
(533, 670)
(1291, 733)
(1267, 733)
(1225, 749)
(1180, 749)
(1157, 737)
(1123, 720)
(1106, 677)
(1099, 644)
(1097, 605)
(1088, 532)
(1085, 485)
(1082, 419)
(1068, 477)
(1067, 419)
(1059, 328)
(1049, 296)
(1035, 275)
(1002, 270)
(976, 269)
(958, 259)
(933, 251)
(907, 252)
(891, 267)
(870, 314)
(864, 350)
(845, 409)
(837, 475)
(815, 559)
(811, 605)
(784, 695)
(769, 743)
(746, 832)
(716, 898)
(1267, 616)
(1250, 615)
(1240, 610)
(1220, 612)
(1176, 601)
(1138, 590)
(1091, 566)
(1049, 525)
(1032, 478)
(1024, 412)
(1026, 322)
(1042, 244)
(1049, 153)
(1041, 125)
(1023, 112)
(1008, 115)
(995, 128)
(994, 142)
(1075, 158)
(1077, 223)
(1076, 262)
(1070, 308)
(1061, 358)
(1041, 400)
(1029, 400)
(1010, 403)
(979, 408)
(942, 409)
(899, 419)
(847, 414)
(810, 405)
(734, 369)
(687, 330)
(627, 295)
(569, 256)
(523, 223)
(484, 212)
(443, 214)
(425, 225)
(402, 242)
(408, 266)
(427, 278)
(467, 305)
(496, 333)
(526, 369)
(529, 383)
(528, 406)
(526, 430)
(513, 491)
(485, 563)
(459, 616)
(420, 649)
(369, 660)
(311, 648)
(272, 627)
(226, 611)
(209, 603)
(197, 616)
(191, 630)
(203, 645)
(216, 652)
(231, 661)
(245, 676)
(262, 700)
(275, 728)
(275, 747)
(266, 777)
(258, 801)
(243, 826)
(216, 865)
(194, 896)
(170, 926)
(151, 938)
(149, 944)
(252, 896)
(334, 854)
(378, 828)
(462, 782)
(498, 780)
(513, 780)
(534, 780)
(545, 778)