
/* Species #1 : (Size 12) (AF 7.46773) (Age 19)  */


/* Organism #0 Fitness: 9 Error: 1 */
genomestart 0
trait 1 0.0953532 0 0.0321526 0 0.123225 0 0 0 
trait 2 0.2 0 0 0 0 0 0 0 
trait 3 0.3 0 0 0.867297 0 0.264804 0.254707 0 
node 1 1 1 3
node 2 3 1 1
node 3 1 1 1
node 4 1 0 2
gene 3 1 4 -3.91711 0 1 -3.91711 1
gene 1 2 4 8 0 2 8 1
gene 1 3 4 8 0 3 8 1
genomeend 0

/* Organism #1 Fitness: 9 Error: 1 */
genomestart 1
trait 1 0.0953532 0 0.0321526 0 0.123225 0 0 0 
trait 2 0.2 0 0 0 0 0 0 0 
trait 3 0.3 0 0 0.867297 0 0.264804 0.254707 0 
node 1 1 1 3
node 2 3 1 1
node 3 1 1 1
node 4 1 0 2
gene 3 1 4 -3.91711 0 1 -3.91711 1
gene 1 2 4 8 0 2 8 1
gene 1 3 4 8 0 3 8 1
genomeend 1

/* Organism #2 Fitness: 9 Error: 1 */
genomestart 2
trait 1 0.0953532 0 0.0321526 0 0.123225 0 0 0 
trait 2 0.2 0 0 0 0 0 0 0 
trait 3 0.3 0 0 0.867297 0 0.264804 0.254707 0 
node 1 1 1 3
node 2 3 1 1
node 3 1 1 1
node 4 1 0 2
gene 3 1 4 -3.71837 0 1 -3.71837 1
gene 1 2 4 8 0 2 8 1
gene 1 3 4 7.93922 0 3 7.93922 1
genomeend 2

/* Organism #3 Fitness: 4 Error: 2 */
genomestart 3
trait 1 0.0953532 0 0.0321526 0 0.123225 0 0 0 
trait 2 0.2 0 0 0 0 0 0 0 
trait 3 0.3 0 0 0.758885 0 0.231703 0.222869 0 
node 1 1 1 3
node 2 3 1 1
node 3 1 1 1
node 4 1 0 2
gene 3 1 4 -3.86136 0 1 -3.86136 1
gene 1 2 4 -1.30627 0 2 -1.30627 1
gene 1 3 4 8 0 3 8 1
genomeend 3

/* Organism #4 Fitness: 5.61151 Error: 1.63114 */
genomestart 4
trait 1 0.0953532 0 0.0321526 0 0.123225 0 0 0 
trait 2 0.2 0 0 0 0 0 0 0 
trait 3 0.3 0 0 0.433648 0 0.132402 0.127353 0 
node 1 1 1 3
node 2 3 1 1
node 3 2 1 1
node 4 1 0 2
gene 3 1 4 -6.18499 0 1 -6.18499 1
gene 1 2 4 7.68981 0 2 7.68981 1
gene 1 3 4 6.07645 0 3 6.07645 1
genomeend 4

/* Organism #5 Fitness: 9 Error: 1 */
genomestart 5
trait 1 0.0953532 0 0.0321526 0 0.123225 0 0 0 
trait 2 0.2 0 0 0 0 0 0 0 
trait 3 0.3 0 0 0.542061 0 0.165502 0.159192 0 
node 1 1 1 3
node 2 3 1 1
node 3 1 1 1
node 4 2 0 2
gene 3 1 4 -3.36991 0 1 -3.36991 1
gene 1 2 4 6.49807 0 2 6.49807 1
gene 1 3 4 6.64499 0 3 6.64499 1
genomeend 5

/* Organism #6 Fitness: 9 Error: 1 */
genomestart 6
trait 1 0.0953532 0 0.0321526 0 0.123225 0 0 0 
trait 2 0.2 0 0 0 0 0 0 0 
trait 3 0.3 0 0 0.216824 0 0.0662009 0.0636767 0 
node 1 1 1 3
node 2 3 1 1
node 3 1 1 1
node 4 1 0 2
gene 2 1 4 -3.80565 0 1 -3.80565 1
gene 1 2 4 8 0 2 8 1
gene 1 3 4 8 0 3 8 1
genomeend 6

/* Organism #7 Fitness: 4.00151 Error: 1.99962 */
genomestart 7
trait 1 0.0953532 0 0.0321526 0 0.123225 0 0 0 
trait 2 0.2 0 0 0 0 0 0 0 
trait 3 0.3 0 0 0.758885 0 0.231703 0.222869 0 
node 1 1 1 3
node 2 3 1 1
node 3 1 1 1
node 4 1 0 2
gene 3 1 4 1.59998 0 1 1.59998 1
gene 1 2 4 8 0 2 8 1
gene 1 3 4 6.28992 0 3 6.28992 1
genomeend 7

/* Organism #8 Fitness: 9 Error: 1 */
genomestart 8
trait 1 0.0953532 0 0.0321526 0 0.123225 0 0 0 
trait 2 0.2 0 0 0 0 0 0 0 
trait 3 0.3 0 0 0.650473 0 0.198603 0.19103 0 
node 1 1 1 3
node 2 3 1 1
node 3 1 1 1
node 4 1 0 2
gene 3 1 4 -2.95181 0 1 -2.95181 1
gene 1 2 4 8 0 2 8 1
gene 1 3 4 6.8881 0 3 6.8881 1
genomeend 8

/* Organism #9 Fitness: 9 Error: 1 */
genomestart 9
trait 1 0.0953532 0 0.0321526 0 0.123225 0 0 0 
trait 2 0.2 0 0 0 0 0 0 0 
trait 3 0.3 0 0 0.650473 0 0.198603 0.19103 0 
node 1 1 1 3
node 2 3 1 1
node 3 1 1 1
node 4 1 0 2
gene 3 1 4 -4.88171 0 1 -4.88171 1
gene 1 2 4 8 0 2 8 1
gene 3 3 4 8 0 3 8 1
genomeend 9

/* Organism #10 Fitness: 8.99976 Error: 1.00004 */
genomestart 10
trait 1 0.0953532 0 0.0321526 0 0.123225 0 0 0 
trait 2 0.2 0 0 0 0 0 0 0 
trait 3 0.3 0 0 0.542061 0 0.165502 0.159192 0 
node 1 1 1 3
node 2 3 1 1
node 3 1 1 1
node 4 1 0 2
gene 3 1 4 -2.05241 0 1 -2.05241 1
gene 1 2 4 6.36957 0 2 6.36957 1
gene 1 3 4 7.88964 0 3 7.88964 1
genomeend 10

/* Organism #11 Fitness: 4 Error: 2 */
genomestart 11
trait 1 0.0953532 0 0.0321526 0 0.123225 0 0 0 
trait 2 0.2 0 0 0 0 0.036297 0 0 
trait 3 0.3 0 0 0.650473 0 0.198603 0.19103 0 
node 1 3 1 3
node 2 3 1 1
node 3 1 1 1
node 4 1 0 2
gene 3 1 4 -3.29995 0 1 -3.29995 1
gene 1 2 4 5.95335 0 2 5.95335 1
gene 1 3 4 0.106563 0 3 0.106563 1
genomeend 11

/* Species #2 : (Size 13) (AF 6.48649) (Age 16)  */


/* Organism #12 Fitness: 8.99996 Error: 1.00001 */
genomestart 12
trait 1 0.0875 0 0.09281 0 0 0 0.04571 0.100479 
trait 2 0.2 0.0809244 0.29285 0 0 0 0 0 
trait 3 0.3 0 0 0 0 0 0 0 
node 1 1 1 3
node 2 2 1 1
node 3 3 1 1
node 4 1 0 2
node 8 2 0 0
gene 1 1 4 2.91815 0 1 2.91815 1
gene 3 2 4 -5.66422 0 2 -5.66422 0
gene 3 3 4 -5.16597 0 3 -5.16597 1
gene 3 2 8 -5.53793 0 10 -5.53793 1
gene 3 8 4 -7.66269 0 11 -7.66269 1
gene 1 1 8 4.90818 0 107 4.90818 1
genomeend 12

/* Organism #13 Fitness: 4 Error: 2 */
genomestart 13
trait 1 0.0875 0 0.046405 0 0 0 0.04571 0.100479 
trait 2 0.2 0.0809244 0.29285 0 0 0 0 0 
trait 3 0.3 0 0 0 0 0 0 0 
node 1 1 1 3
node 2 2 1 1
node 3 2 1 1
node 4 1 0 2
node 8 2 0 0
gene 1 1 4 4.17894 0 1 4.17894 1
gene 3 2 4 -5.94176 0 2 -5.94176 0
gene 3 3 4 -4.64959 0 3 -4.64959 1
gene 3 2 8 -3.87473 0 10 -3.87473 1
gene 3 8 4 -8 0 11 -8 1
gene 1 1 8 6.33395 0 107 6.33395 1
genomeend 13

/* Organism #14 Fitness: 4 Error: 2 */
genomestart 14
trait 1 0.090625 0 0 0 0 0 0.0342825 0.075359 
trait 2 0.2 0.0812673 0.294091 0 0 0 0 0 
trait 3 0.3 0 0 0 0 0 0 0 
node 1 2 1 3
node 2 2 1 1
node 3 3 1 1
node 4 1 0 2
node 8 2 0 0
gene 1 1 4 1.69491 0 1 1.69491 1
gene 3 2 4 -4.32827 0 2 -4.32827 0
gene 3 3 4 1.80298 0 3 1.80298 1
gene 3 2 8 2.40054 0 10 2.40054 1
gene 3 8 4 -6.07586 0 11 -6.07586 1
gene 1 1 8 4.04256 0 107 4.04256 1
genomeend 14

/* Organism #15 Fitness: 8.80391 Error: 1.03286 */
genomestart 15
trait 1 0.09375 0 0 0 0 0 0.022855 0.0502393 
trait 2 0.2 0.0816102 0.295332 0 0 0 0 0 
trait 3 0.3 0 0 0 0 0 0 0 
node 1 2 1 3
node 2 2 1 1
node 3 3 1 1
node 4 1 0 2
node 8 2 0 0
gene 1 1 4 1.69491 0 1 1.69491 1
gene 3 2 4 -3.1865 0 2 -3.1865 0
gene 3 3 4 -2.38318 0 3 -2.38318 1
gene 3 2 8 -6.22222 0 10 -6.22222 1
gene 3 8 4 -6.41941 0 11 -6.41941 1
gene 1 1 8 3.84833 0 107 3.84833 1
genomeend 15

/* Organism #16 Fitness: 8.91043 Error: 1.01497 */
genomestart 16
trait 1 0.090625 0 0.046405 0 0 0 0.0342825 0.075359 
trait 2 0.2 0.0812673 0.294091 0 0 0 0 0 
trait 3 0.3 0 0 0 0 0 0 0 
node 1 1 1 3
node 2 2 1 1
node 3 3 1 1
node 4 1 0 2
node 8 2 0 0
gene 1 1 4 1.40693 0 1 1.40693 1
gene 3 2 4 -3.45831 0 2 -3.45831 0
gene 3 3 4 -5.72533 0 3 -5.72533 1
gene 3 2 8 -4.41356 0 10 -4.41356 1
gene 3 8 4 -8 0 11 -8 1
gene 1 1 8 3.88697 0 107 3.88697 1
genomeend 16

/* Organism #17 Fitness: 4.00011 Error: 1.99997 */
genomestart 17
trait 1 0 0.0227692 0.046405 0 0 0 0 0.942429 
trait 2 0.2 0.0809244 0.29285 0 0 0 0 0 
trait 3 0.3 0 0 0 0 0 0 0 
node 1 1 1 3
node 2 2 1 1
node 3 3 1 1
node 4 1 0 2
node 8 2 0 0
gene 1 1 4 1.3235 0 1 1.3235 1
gene 3 2 4 -3.74927 0 2 -3.74927 0
gene 3 3 4 -5.20711 0 3 -5.20711 1
gene 3 2 8 -2.50485 0 10 -2.50485 1
gene 3 8 4 -4.43808 0 11 -4.43808 1
gene 1 1 8 2.75961 0 107 2.75961 1
genomeend 17

/* Organism #18 Fitness: 8.99929 Error: 1.00012 */
genomestart 18
trait 1 0.090625 0 0.046405 0 0 0 0.0342825 0.075359 
trait 2 0.2 0.0812673 0.294091 0 0 0 0 0 
trait 3 0.3 0 0 0 0 0 0 0 
node 1 2 1 3
node 2 2 1 1
node 3 3 1 1
node 4 1 0 2
node 8 2 0 0
gene 1 1 4 1.84981 0 1 1.84981 1
gene 3 2 4 -2.1646 0 2 -2.1646 0
gene 3 3 4 -6.16697 0 3 -6.16697 1
gene 3 2 8 -4.25432 0 10 -4.25432 1
gene 3 8 4 -8 0 11 -8 1
gene 1 1 8 2.93834 0 107 2.93834 1
genomeend 18

/* Organism #19 Fitness: 4.00037 Error: 1.99991 */
genomestart 19
trait 1 0.0875 0 0 0 0 0 0.04571 0.100479 
trait 2 0.2 0.0809244 0.29285 0 0 0 0 0 
trait 3 0.3 0 0 0 0 0 0 0 
node 1 1 1 3
node 2 2 1 1
node 3 3 1 1
node 4 1 0 2
node 8 2 0 0
gene 1 1 4 -1.88364 0 1 -1.88364 1
gene 3 2 4 -3.64186 0 2 -3.64186 0
gene 3 3 4 -4.43435 0 3 -4.43435 1
gene 3 2 8 -5.61977 0 10 -5.61977 1
gene 3 8 4 -5.12202 0 11 -5.12202 1
gene 1 1 8 1.56178 0 107 1.56178 1
genomeend 19

/* Organism #20 Fitness: 4.00905 Error: 1.99774 */
genomestart 20
trait 1 0.0875 0 0 0 0 0 0.04571 0.100479 
trait 2 0.2 0.0809244 0.29285 0 0 0 0 0 
trait 3 0.3 0 0 0 0 0 0 0 
node 1 1 1 3
node 2 2 1 1
node 3 3 1 1
node 4 1 0 2
node 8 2 0 0
gene 1 1 4 1.69491 0 1 1.69491 1
gene 3 2 4 -6.12878 0 2 -6.12878 0
gene 3 3 4 -3.68852 0 3 -3.68852 1
gene 3 2 8 -3.99882 0 10 -3.99882 1
gene 3 8 4 0.7816 0 11 0.7816 1
gene 1 1 8 1.54861 0 107 1.54861 1
genomeend 20

/* Organism #21 Fitness: 8.99858 Error: 1.00024 */
genomestart 21
trait 1 0.0875 0 0.046405 0 0 0 0.04571 0.100479 
trait 2 0.2 0.0809244 0.29285 0 0 0 0 0 
trait 3 0.3 0 0 0 0 0 0 0 
node 1 1 1 3
node 2 2 1 1
node 3 3 1 1
node 4 1 0 2
node 8 2 0 0
gene 1 1 4 1.69491 0 1 1.69491 1
gene 3 2 4 -3.95107 0 2 -3.95107 0
gene 3 3 4 -5.16597 0 3 -5.16597 1
gene 3 2 8 -5.53793 0 10 -5.53793 1
gene 3 8 4 -5.19916 0 11 -5.19916 1
gene 1 1 8 2.43191 0 107 2.43191 1
gene 2 3 8 -0.0938017 0 137 -0.0938017 1
genomeend 21

/* Organism #22 Fitness: 6.60376 Error: 1.43022 */
genomestart 22
trait 1 0.090625 0 0 0 0 0 0.0342825 0.075359 
trait 2 0.2 0.0812673 0.294091 0 0 0 0 0 
trait 3 0.470604 0 0 0.645369 0 0.131429 0 0 
node 1 1 1 3
node 2 2 1 1
node 3 3 1 1
node 4 1 0 2
node 8 2 0 0
gene 1 1 4 0.0571116 0 1 0.0571116 1
gene 3 2 4 -3.3262 0 2 -3.3262 0
gene 3 3 4 -4.94817 0 3 -4.94817 1
gene 3 2 8 -3.06667 0 10 -3.06667 1
gene 3 8 4 -3.668 0 11 -3.668 1
gene 1 1 8 0.0375546 0 107 0.0375546 1
genomeend 22

/* Organism #23 Fitness: 3.99955 Error: 2.00011 */
genomestart 23
trait 1 0.0875 0 0.09281 0 0 0 0.04571 0.100479 
trait 2 0.2 0.0809244 0.29285 0 0 0 0 0 
trait 3 0.3 0 0 0 0 0 0 0 
node 1 1 1 3
node 2 2 1 1
node 3 3 1 1
node 4 1 0 2
node 8 2 0 0
gene 1 1 4 2.05429 0 1 2.05429 1
gene 3 2 4 -4.05233 0 2 -4.05233 0
gene 3 3 4 -0.286434 0 3 -0.286434 1
gene 3 2 8 -6.90546 0 10 -6.90546 1
gene 3 8 4 -8 0 11 -8 1
gene 1 1 8 -0.834078 0 107 -0.834078 1
genomeend 23

/* Organism #24 Fitness: 8.99941 Error: 1.0001 */
genomestart 24
trait 1 0.0875 0 0.09281 0 0 0 0.04571 0.100479 
trait 2 0.2 0.0809244 0.29285 0 0 0 0 0 
trait 3 0.3 0 0 0 0 0 0 0 
node 1 1 1 3
node 2 2 1 1
node 3 3 1 1
node 4 1 0 2
node 8 2 0 0
gene 1 1 4 2.03436 0 1 2.03436 1
gene 3 2 4 -6.17202 0 2 -6.17202 0
gene 3 3 4 -7.43791 0 3 -7.43791 1
gene 3 2 8 -6.22614 0 10 -6.22614 1
gene 3 8 4 -7.07992 0 11 -7.07992 1
gene 1 1 8 5.46214 0 107 5.46214 1
genomeend 24

/* Species #3 : (Size 8) (AF 6.29753) (Age 16)  */


/* Organism #25 Fitness: 8.99999 Error: 1 */
genomestart 25
trait 1 0.1 0 0 0 0 0 0 0 
trait 2 0.2 0 0 0 0 0 0 0 
trait 3 0.3 0 0.0107924 0.0386256 0 0 0 0 
node 1 1 1 3
node 2 3 1 1
node 3 3 1 1
node 4 1 0 2
node 9 1 0 0
gene 1 1 4 -3.41401 0 1 -3.41401 1
gene 3 2 4 -5.09902 0 2 -5.09902 1
gene 2 3 4 3.52792 0 3 3.52792 1
gene 2 3 9 1.75915 0 12 1.75915 1
gene 2 9 4 2.8024 0 13 2.8024 1
gene 2 1 9 -1.05641 0 19 -1.05641 1
gene 3 2 9 -1.07885 0 48 -1.07885 1
genomeend 25

/* Organism #26 Fitness: 4.602 Error: 1.85477 */
genomestart 26
trait 1 0.1 0 0 0 0 0 0 0 
trait 2 0.2 0 0 0 0 0 0 0 
trait 3 0.3 0 0.0107924 0.0386256 0 0 0 0 
node 1 1 1 3
node 2 3 1 1
node 3 1 1 1
node 4 1 0 2
node 9 1 0 0
gene 1 1 4 -2.4623 0 1 -2.4623 1
gene 3 2 4 -8 0 2 -8 1
gene 2 3 4 4.22014 0 3 4.22014 0
gene 2 3 9 2.62794 0 12 2.62794 1
gene 2 9 4 4.08485 0 13 4.08485 1
gene 2 1 9 -2.61602 0 19 -2.61602 1
gene 3 2 9 -0.768235 0 48 -0.768235 1
genomeend 26

/* Organism #27 Fitness: 8.92265 Error: 1.01292 */
genomestart 27
trait 1 0.1 0 0 0 0 0 0 0 
trait 2 0.2 0 0 0 0 0 0 0 
trait 3 0.3 0 0.0107924 0.0386256 0 0 0 0 
node 1 1 1 3
node 2 3 1 1
node 3 1 1 1
node 4 1 0 2
node 9 1 0 0
gene 1 1 4 -4.62869 0 1 -4.62869 1
gene 2 2 4 -2.64718 0 2 -2.64718 1
gene 2 3 4 4.97644 0 3 4.97644 1
gene 2 3 9 2.49029 0 12 2.49029 1
gene 2 9 4 5.28021 0 13 5.28021 1
gene 2 1 9 -2.93372 0 19 -2.93372 1
gene 2 2 9 -0.0392741 0 48 -0.0392741 1
genomeend 27

/* Organism #28 Fitness: 8.91455 Error: 1.01428 */
genomestart 28
trait 1 0.1 0 0 0 0 0 0 0 
trait 2 0.2 0 0 0 0 0 0 0 
trait 3 0.3 0 0.0107924 0.0386256 0 0 0 0 
node 1 1 1 3
node 2 3 1 1
node 3 3 1 1
node 4 1 0 2
node 9 1 0 0
gene 1 1 4 -4.22607 0 1 -4.22607 1
gene 3 2 4 -5.09902 0 2 -5.09902 1
gene 2 3 4 3.52792 0 3 3.52792 0
gene 2 3 9 3.05419 0 12 3.05419 1
gene 2 9 4 5.08892 0 13 5.08892 1
gene 2 1 9 -0.00800745 0 19 -0.00800745 1
gene 3 2 9 -1.07885 0 48 -1.07885 1
genomeend 28

/* Organism #29 Fitness: 6.87542 Error: 1.3779 */
genomestart 29
trait 1 0.1 0 0 0 0 0 0 0 
trait 2 0.2 0 0 0 0 0 0 0 
trait 3 0.3 0 0.0107924 0.0386256 0 0 0 0 
node 1 1 1 3
node 2 3 1 1
node 3 1 1 1
node 4 1 0 2
node 9 1 0 0
gene 1 1 4 -4.22607 0 1 -4.22607 1
gene 2 2 4 -5.09902 0 2 -5.09902 1
gene 2 3 4 2.10768 0 3 2.10768 0
gene 2 3 9 2.74491 0 12 2.74491 1
gene 2 9 4 4.32733 0 13 4.32733 1
gene 2 1 9 -0.00800745 0 19 -0.00800745 1
gene 2 2 9 -4.23019 0 48 -4.23019 1
genomeend 29

/* Organism #30 Fitness: 4.01324 Error: 1.99669 */
genomestart 30
trait 1 0.1 0 0 0 0 0 0 0 
trait 2 0.2 0 0 0 0 0 0 0 
trait 3 0.3 0 0.0107924 0.0386256 0 0 0 0 
node 1 1 1 3
node 2 3 1 1
node 3 1 1 1
node 4 1 0 2
node 9 1 0 0
gene 1 1 4 -4.96501 0 1 -4.96501 1
gene 2 2 4 -6.766 0 2 -6.766 1
gene 2 3 4 1.48605 0 3 1.48605 1
gene 2 3 9 2.5294 0 12 2.5294 1
gene 2 9 4 2.32369 0 13 2.32369 1
gene 2 1 9 -1.2349 0 19 -1.2349 1
gene 2 2 9 -1.351 0 48 -1.351 1
genomeend 30

/* Organism #31 Fitness: 4.05242 Error: 1.98694 */
genomestart 31
trait 1 0.1 0 0 0 0 0 0 0 
trait 2 0.2 0 0 0 0 0 0 0 
trait 3 0.3 0 0.0107924 0.0386256 0 0 0 0 
node 1 1 1 3
node 2 3 1 1
node 3 1 1 1
node 4 1 0 2
node 9 1 0 0
gene 1 1 4 -4.95051 0 1 -4.95051 1
gene 2 2 4 -6.52206 0 2 -6.52206 1
gene 2 3 4 1.17866 0 3 1.17866 1
gene 2 3 9 4.65977 0 12 4.65977 1
gene 2 9 4 2.89357 0 13 2.89357 1
gene 2 1 9 -1.39184 0 19 -1.39184 1
gene 2 2 9 -3.30881 0 48 -3.30881 1
genomeend 31

/* Organism #32 Fitness: 4 Error: 2 */
genomestart 32
trait 1 0.1 0 0 0 0 0 0 0 
trait 2 0.2 0 0 0 0 0 0 0 
trait 3 0.3 0 0.0107924 0.0386256 0 0 0 0 
node 1 1 1 3
node 2 3 1 1
node 3 1 1 1
node 4 1 0 2
node 9 1 0 0
gene 1 1 4 -4.40838 0 1 -4.40838 1
gene 2 2 4 -4.10323 0 2 -4.10323 1
gene 2 3 4 1.02864 0 3 1.02864 1
gene 2 3 9 -1.05235 0 12 -1.05235 1
gene 2 9 4 6.02905 0 13 6.02905 1
gene 2 1 9 -4.34098 0 19 -4.34098 1
gene 2 2 9 -2.89076 0 48 -2.89076 1
genomeend 32

/* Species #4 : (Size 12) (AF 8.43499) (Age 15)  */


/* Organism #33 Fitness: 9 Error: 1 */
genomestart 33
trait 1 0.1 0 0 0 0 0 0 0 
trait 2 0.042066 0 0.196226 0 0 0 0.0996546 0.535907 
trait 3 0.254297 0 0 0 0 0 0 0 
node 1 3 1 3
node 2 2 1 1
node 3 2 1 1
node 4 3 0 2
node 10 1 0 0
gene 3 1 4 -3.1974 0 1 -3.1974 1
gene 3 2 4 5.14573 0 2 5.14573 0
gene 3 3 4 7.36226 0 3 7.36226 1
gene 3 2 10 6.00704 0 14 6.00704 1
gene 3 10 4 6.94792 0 15 6.94792 1
gene 2 1 10 -1.5294 0 28 -1.5294 1
genomeend 33

/* Organism #34 Fitness: 8.99999 Error: 1 */
genomestart 34
trait 1 0.1 0 0 0 0 0 0 0 
trait 2 0.0854544 0 0.219032 0 0 0 0.0925364 0.517129 
trait 3 0.254883 0 0 0 0 0 0 0 
node 1 3 1 3
node 2 2 1 1
node 3 2 1 1
node 4 3 0 2
node 10 1 0 0
gene 3 1 4 -4.53238 0 1 -4.53238 1
gene 3 2 4 4.91339 0 2 4.91339 0
gene 3 3 4 7.22717 0 3 7.22717 1
gene 3 2 10 4.83072 0 14 4.83072 1
gene 3 10 4 7.49686 0 15 7.49686 1
gene 2 1 10 -1.15352 0 28 -1.15352 1
genomeend 34

/* Organism #35 Fitness: 8.98035 Error: 1.00328 */
genomestart 35
trait 1 0.1 0 0 0 0 0 0.986767 0 
trait 2 0.0841321 0 0.194973 0 0 0 0.0854182 0.49835 
trait 3 0.255469 0 0 0 0 0 0 0 
node 1 3 1 3
node 2 2 1 1
node 3 2 1 1
node 4 3 0 2
node 10 1 0 0
gene 3 1 4 -2.56105 0 1 -2.56105 1
gene 2 2 4 5.91621 0 2 5.91621 0
gene 3 3 4 5.02411 0 3 5.02411 1
gene 3 2 10 5.97161 0 14 5.97161 1
gene 3 10 4 3.72476 0 15 3.72476 1
gene 2 1 10 -0.374939 0 28 -0.374939 1
genomeend 35

/* Organism #36 Fitness: 8.99949 Error: 1.00009 */
genomestart 36
trait 1 0.1 0 0 0 0 0 0 0 
trait 2 0.042066 0 0.196226 0 0 0 0.0996546 0.535907 
trait 3 0.254297 0 0 0 0 0 0 0 
node 1 3 1 3
node 2 2 1 1
node 3 2 1 1
node 4 3 0 2
node 10 1 0 0
gene 3 1 4 -4.74663 0 1 -4.74663 1
gene 3 2 4 3.66791 0 2 3.66791 0
gene 3 3 4 6.58398 0 3 6.58398 1
gene 3 2 10 4.05237 0 14 4.05237 1
gene 3 10 4 6.6761 0 15 6.6761 1
gene 2 1 10 -0.114896 0 28 -0.114896 1
genomeend 36

/* Organism #37 Fitness: 8.99997 Error: 1.00001 */
genomestart 37
trait 1 0.1 0 0 0 0 0 0.493383 0 
trait 2 0.0630991 0 0.1956 0 0 0 0.0925364 0.517129 
trait 3 0.254883 0 0 0 0 0 0 0 
node 1 3 1 3
node 2 2 1 1
node 3 2 1 1
node 4 3 0 2
node 10 1 0 0
gene 3 1 4 -2.57594 0 1 -2.57594 1
gene 2 2 4 3.53478 0 2 3.53478 0
gene 3 3 4 6.97474 0 3 6.97474 1
gene 3 2 10 5.04656 0 14 5.04656 1
gene 3 10 4 6.94792 0 15 6.94792 1
gene 2 1 10 -0.852929 0 28 -0.852929 1
gene 2 3 10 -0.931663 0 138 -0.931663 1
genomeend 37

/* Organism #38 Fitness: 4 Error: 2 */
genomestart 38
trait 1 0.1 0 0 0 0 0 0 0 
trait 2 0.042066 0 0.196226 0 0 0 0.0996546 0.535907 
trait 3 0.254297 0 0 0 0 0 0 0 
node 1 3 1 3
node 2 2 1 1
node 3 2 1 1
node 4 3 0 2
node 10 1 0 0
gene 3 1 4 -4.36525 0 1 -4.36525 1
gene 3 2 4 7.15179 0 2 7.15179 0
gene 3 3 4 6.25414 0 3 6.25414 1
gene 3 2 10 6.60989 0 14 6.60989 1
gene 3 10 4 8 0 15 8 1
gene 2 1 10 0.75176 0 28 0.75176 1
genomeend 38

/* Organism #39 Fitness: 8.99905 Error: 1.00016 */
genomestart 39
trait 1 0.1 0 0 0 0 0 0 0 
trait 2 0.0854544 0 0.219032 0 0 0 0.0925364 0.517129 
trait 3 0.254883 0 0 0 0 0 0 0 
node 1 3 1 3
node 2 2 1 1
node 3 2 1 1
node 4 3 0 2
node 10 1 0 0
gene 3 1 4 -1.77916 0 1 -1.77916 1
gene 3 2 4 5.12045 0 2 5.12045 0
gene 3 3 4 5.50688 0 3 5.50688 1
gene 3 2 10 5.31461 0 14 5.31461 1
gene 3 10 4 4.77837 0 15 4.77837 1
gene 2 1 10 -1.67328 0 28 -1.67328 1
genomeend 39

/* Organism #40 Fitness: 8.99984 Error: 1.00003 */
genomestart 40
trait 1 0.1 0 0 0 0 0 0.986767 0 
trait 2 0.0841321 0 0.194973 0 0 0 0.0854182 0.49835 
trait 3 0.255469 0 0 0 0 0 0 0 
node 1 3 1 3
node 2 2 1 1
node 3 2 1 1
node 4 3 0 2
node 10 1 0 0
gene 3 1 4 -2.45192 0 1 -2.45192 1
gene 2 2 4 3.12382 0 2 3.12382 0
gene 3 3 4 4.93649 0 3 4.93649 1
gene 3 2 10 5.06869 0 14 5.06869 1
gene 3 10 4 5.60521 0 15 5.60521 1
gene 2 1 10 -0.580759 0 28 -0.580759 1
genomeend 40

/* Organism #41 Fitness: 8.99994 Error: 1.00001 */
genomestart 41
trait 1 0.1 0 0 0 0 0 0.493383 0 
trait 2 0.0630991 0 0.1956 0 0 0 0.0925364 0.517129 
trait 3 0.254883 0 0 0 0 0 0 0 
node 1 3 1 3
node 2 2 1 1
node 3 2 1 1
node 4 3 0 2
node 10 1 0 0
gene 3 1 4 -2.35521 0 1 -2.35521 1
gene 2 2 4 2.91562 0 2 2.91562 0
gene 3 3 4 7.42046 0 3 7.42046 1
gene 3 2 10 7.6085 0 14 7.6085 1
gene 3 10 4 8 0 15 8 1
gene 2 1 10 -3.25627 0 28 -3.25627 1
genomeend 41

/* Organism #42 Fitness: 8.99928 Error: 1.00012 */
genomestart 42
trait 1 0.1 0 0 0 0 0 0 0 
trait 2 0.0854544 0 0.219032 0 0 0 0.0925364 0.517129 
trait 3 0.254883 0 0 0 0 0 0 0 
node 1 3 1 3
node 2 2 1 1
node 3 2 1 1
node 4 3 0 2
node 10 1 0 0
gene 3 1 4 -5.5744 0 1 -5.5744 1
gene 3 2 4 3.70512 0 2 3.70512 0
gene 3 3 4 8 0 3 8 1
gene 3 2 10 6.19227 0 14 6.19227 1
gene 3 10 4 7.41915 0 15 7.41915 1
gene 2 1 10 -2.51753 0 28 -2.51753 1
genomeend 42

/* Organism #43 Fitness: 9 Error: 1 */
genomestart 43
trait 1 0.1 0 0 0 0 0 0 0 
trait 2 0.0637602 0 0.207629 0 0 0 0.0960955 0.526518 
trait 3 0.25459 0 0 0 0 0 0 0 
node 1 3 1 3
node 2 2 1 1
node 3 2 1 1
node 4 3 0 2
node 10 1 0 0
gene 3 1 4 -3.25124 0 1 -3.25124 1
gene 3 2 4 5.02555 0 2 5.02555 1
gene 3 3 4 7.29472 0 3 7.29472 1
gene 3 2 10 5.41888 0 14 5.41888 1
gene 3 10 4 6.63678 0 15 6.63678 1
gene 2 1 10 -1.67636 0 28 -1.67636 1
genomeend 43

/* Organism #44 Fitness: 7.24201 Error: 1.3089 */
genomestart 44
trait 1 0.1 0 0 0 0 0 0.986767 0 
trait 2 0.0841321 0 0.194973 0 0 0 0.0854182 0.49835 
trait 3 0.255469 0 0 0 0 0 0 0 
node 1 3 1 3
node 2 2 1 1
node 3 2 1 1
node 4 3 0 2
node 10 1 0 0
gene 3 1 4 -0.696232 0 1 -0.696232 1
gene 2 2 4 5.8682 0 2 5.8682 0
gene 3 3 4 6.6384 0 3 6.6384 1
gene 3 2 10 4.06209 0 14 4.06209 1
gene 3 10 4 7.50918 0 15 7.50918 1
gene 2 1 10 -0.522379 0 28 -0.522379 1
genomeend 44

/* Species #5 : (Size 10) (AF 5.16147) (Age 13)  */


/* Organism #45 Fitness: 8.99926 Error: 1.00012 */
genomestart 45
trait 1 0.1 0 0 0 0 0 0 0 
trait 2 0.2 0.0877824 0.164104 0 0.365985 0 0 0 
trait 3 0.3 0 0 0 0 0 0 0 
node 1 1 1 3
node 2 2 1 1
node 3 3 1 1
node 4 1 0 2
node 8 1 0 0
node 16 1 0 0
gene 1 1 4 1.31509 0 1 1.31509 1
gene 3 2 4 4.57543 0 2 4.57543 1
gene 2 3 4 -0.142425 0 3 -0.142425 0
gene 3 2 8 -2.23367 0 10 -2.23367 1
gene 3 8 4 -0.114867 0 11 -0.114867 1
gene 2 3 16 1.777 0 31 1.777 1
gene 2 16 4 -8 0 32 -8 1
genomeend 45

/* Organism #46 Fitness: 1.0206 Error: 2.98975 */
genomestart 46
trait 1 0.1 0 0 0 0 0 0 0 
trait 2 0.2 0.0877824 0.164104 0 0.365985 0 0 0 
trait 3 0.3 0 0 0 0 0 0 0 
node 1 1 1 3
node 2 2 1 1
node 3 3 1 1
node 4 1 0 2
node 8 1 0 0
node 16 1 0 0
gene 1 1 4 4.78515 0 1 4.78515 1
gene 3 2 4 6.49334 0 2 6.49334 1
gene 2 3 4 0.742318 0 3 0.742318 0
gene 3 2 8 0.783982 0 10 0.783982 1
gene 3 8 4 0.286065 0 11 0.286065 1
gene 2 3 16 5.28632 0 31 5.28632 1
gene 2 16 4 -8 0 32 -8 1
genomeend 46

/* Organism #47 Fitness: 3.09134 Error: 2.24178 */
genomestart 47
trait 1 0.1 0 0 0 0 0 0 0 
trait 2 0.2 0.0877824 0.164104 0 0.365985 0 0 0 
trait 3 0.3 0 0 0 0 0 0 0 
node 1 1 1 3
node 2 2 1 1
node 3 3 1 1
node 4 1 0 2
node 8 1 0 0
node 16 1 0 0
gene 1 1 4 3.06871 0 1 3.06871 1
gene 3 2 4 6.28873 0 2 6.28873 1
gene 2 3 4 -0.749211 0 3 -0.749211 0
gene 3 2 8 -2.57174 0 10 -2.57174 1
gene 3 8 4 1.40113 0 11 1.40113 1
gene 2 3 16 2.33479 0 31 2.33479 1
gene 2 16 4 -8 0 32 -8 1
genomeend 47

/* Organism #48 Fitness: 5.35558 Error: 1.68579 */
genomestart 48
trait 1 0.1 0 0 0 0 0 0 0 
trait 2 0.2 0.0877824 0.164104 0 0.365985 0 0 0 
trait 3 0.3 0 0 0 0 0 0 0 
node 1 1 1 3
node 2 2 1 1
node 3 3 1 1
node 4 1 0 2
node 8 1 0 0
node 16 1 0 0
gene 1 1 4 2.28541 0 1 2.28541 1
gene 3 2 4 4.57543 0 2 4.57543 1
gene 2 3 4 -2.38783 0 3 -2.38783 0
gene 3 2 8 -0.217705 0 10 -0.217705 1
gene 3 8 4 1.28235 0 11 1.28235 1
gene 2 3 16 -0.46701 0 31 -0.46701 1
gene 2 16 4 -5.53619 0 32 -5.53619 1
genomeend 48

/* Organism #49 Fitness: 4.00256 Error: 1.99936 */
genomestart 49
trait 1 0.1 0 0 0 0 0 0 0 
trait 2 0.2 0.0877824 0.164104 0 0.365985 0 0 0 
trait 3 0.3 0 0 0 0 0 0 0 
node 1 1 1 3
node 2 2 1 1
node 3 3 1 1
node 4 1 0 2
node 8 1 0 0
node 16 1 0 0
node 48 1 0 0
gene 1 1 4 1.31509 0 1 1.31509 1
gene 3 2 4 4.57543 0 2 4.57543 1
gene 2 3 4 -0.142425 0 3 -0.142425 0
gene 3 2 8 -2.23367 0 10 -2.23367 1
gene 3 8 4 -0.114867 0 11 -0.114867 1
gene 2 3 16 1.777 0 31 1.777 1
gene 2 16 4 -8 0 32 -8 0
gene 2 16 48 1 0 139 0 1
gene 2 48 4 -8 0 140 0 1
genomeend 49

/* Organism #50 Fitness: 4.00388 Error: 1.99903 */
genomestart 50
trait 1 0.1 0 0 0 0 0 0 0 
trait 2 0.2 0.0877824 0.164104 0 0.365985 0 0 0 
trait 3 0.3 0 0 0 0 0 0 0 
node 1 1 1 3
node 2 2 1 1
node 3 3 1 1
node 4 1 0 2
node 8 1 0 0
node 16 1 0 0
gene 1 1 4 -1.0737 0 1 -1.0737 1
gene 3 2 4 2.55221 0 2 2.55221 1
gene 2 3 4 -2.26251 0 3 -2.26251 0
gene 3 2 8 0.367463 0 10 0.367463 1
gene 3 8 4 1.29505 0 11 1.29505 1
gene 2 3 16 1.79794 0 31 1.79794 1
gene 2 16 4 -8 0 32 -8 1
genomeend 50

/* Organism #51 Fitness: 4.05994 Error: 1.98507 */
genomestart 51
trait 1 0.1 0 0 0 0 0 0 0 
trait 2 0.2 0.0877824 0.164104 0 0.365985 0 0 0 
trait 3 0.3 0 0 0 0 0 0 0 
node 1 1 1 3
node 2 2 1 1
node 3 3 1 1
node 4 1 0 2
node 8 1 0 0
node 16 1 0 0
gene 1 1 4 3.7762 0 1 3.7762 1
gene 3 2 4 3.41353 0 2 3.41353 1
gene 2 3 4 1.52672 0 3 1.52672 1
gene 3 2 8 -2.31719 0 10 -2.31719 1
gene 3 8 4 -0.114867 0 11 -0.114867 1
gene 2 3 16 -2.06855 0 31 -2.06855 1
gene 2 16 4 -5.73604 0 32 -5.73604 1
genomeend 51

/* Organism #52 Fitness: 8.96731 Error: 1.00545 */
genomestart 52
trait 1 0.680046 0 0 0.972069 0 0 0.820784 0 
trait 2 0.2 0.0877824 0.164104 0 0.365985 0 0 0 
trait 3 0.3 0 0 0 0 0 0 0 
node 1 1 1 3
node 2 2 1 1
node 3 3 1 1
node 4 1 0 2
node 8 1 0 0
node 16 1 0 0
gene 1 1 4 0.846129 0 1 0.846129 1
gene 3 2 4 4.2175 0 2 4.2175 1
gene 2 3 4 -0.481483 0 3 -0.481483 0
gene 3 2 8 -0.994954 0 10 -0.994954 1
gene 3 8 4 -0.866667 0 11 -0.866667 1
gene 2 3 16 3.32964 0 31 3.32964 1
gene 2 16 4 -8 0 32 -8 1
genomeend 52

/* Organism #53 Fitness: 5.3651 Error: 1.68373 */
genomestart 53
trait 1 0.1 0 0 0 0 0 0 0 
trait 2 0.2 0.0877824 0.164104 0 0.365985 0 0 0 
trait 3 0.3 0 0 0 0 0 0 0 
node 1 1 1 3
node 2 2 1 1
node 3 3 1 1
node 4 1 0 2
node 8 1 0 0
node 16 1 0 0
gene 1 1 4 -1.16749 0 1 -1.16749 1
gene 3 2 4 5.01093 0 2 5.01093 1
gene 2 3 4 1.95658 0 3 1.95658 0
gene 3 2 8 -4.12591 0 10 -4.12591 1
gene 3 8 4 -2.2693 0 11 -2.2693 1
gene 2 3 16 2.14434 0 31 2.14434 1
gene 2 16 4 -8 0 32 -8 1
genomeend 53

/* Organism #54 Fitness: 6.74914 Error: 1.40209 */
genomestart 54
trait 1 0.1 0 0 0 0 0 0 0 
trait 2 0.2 0.0877824 0.164104 0 0.365985 0 0 0 
trait 3 0.379322 0.363361 0 0 0 0.268639 0.541304 0 
node 1 1 1 3
node 2 2 1 1
node 3 3 1 1
node 4 1 0 2
node 8 1 0 0
node 16 1 0 0
gene 1 1 4 -0.00576207 0 1 -0.00576207 1
gene 3 2 4 -0.876816 0 2 -0.876816 1
gene 2 3 4 -0.173312 0 3 -0.173312 0
gene 3 2 8 -2.23367 0 10 -2.23367 1
gene 3 8 4 1.28149 0 11 1.28149 1
gene 2 3 16 -0.527765 0 31 -0.527765 1
gene 2 16 4 -8 0 32 -8 1
genomeend 54

/* Species #6 : (Size 8) (AF 5.64797) (Age 13)  */


/* Organism #55 Fitness: 8.99288 Error: 1.00119 */
genomestart 55
trait 1 0.1 0 0 0 0 0.199395 0 0 
trait 2 0.05 0 0.641776 0 0 0 0 0 
trait 3 0.336645 0 0.0431697 0.0386256 0 0.519652 0.175563 0 
node 1 1 1 3
node 2 1 1 1
node 3 3 1 1
node 4 1 0 2
node 9 1 0 0
gene 1 1 4 -1.39478 0 1 -1.39478 1
gene 3 2 4 2.87523 0 2 2.87523 1
gene 2 3 4 1.9951 0 3 1.9951 0
gene 2 3 9 3.08169 0 12 3.08169 1
gene 2 9 4 3.22384 0 13 3.22384 1
gene 1 2 9 -5.51558 0 26 -5.51558 1
gene 2 1 9 -1.31649 0 34 -1.31649 1
genomeend 55

/* Organism #56 Fitness: 7.75864 Error: 1.21457 */
genomestart 56
trait 1 0.1 0 0 0 0 0.199395 0 0 
trait 2 0.0875 0 0.320888 0 0 0 0.383005 0 
trait 3 0.318322 0 0.0431697 0.445232 0 0.792558 0.362754 0 
node 1 1 1 3
node 2 1 1 1
node 3 3 1 1
node 4 1 0 2
node 9 1 0 0
gene 1 1 4 0.246277 0 1 0.246277 1
gene 3 2 4 0.966412 0 2 0.966412 1
gene 2 3 4 2.42614 0 3 2.42614 0
gene 2 3 9 4.75014 0 12 4.75014 1
gene 2 9 4 -1.48165 0 13 -1.48165 1
gene 1 2 9 -1.81837 0 26 -1.81837 1
gene 2 1 9 0.484892 0 34 0.484892 1
genomeend 56

/* Organism #57 Fitness: 8.58773 Error: 1.06952 */
genomestart 57
trait 1 0.1 0 0 0 0 0.199395 0 0 
trait 2 0.125 0 0 0 0 0 0.76601 0 
trait 3 0.3 0 0.0431697 0.154502 0 0 0 0 
node 1 1 1 3
node 2 1 1 1
node 3 3 1 1
node 4 1 0 2
node 9 1 0 0
gene 1 1 4 1.84937 0 1 1.84937 1
gene 3 2 4 1.57798 0 2 1.57798 1
gene 2 3 4 2.84605 0 3 2.84605 1
gene 2 3 9 2.0899 0 12 2.0899 1
gene 2 9 4 -2.91647 0 13 -2.91647 1
gene 1 2 9 0.0172157 0 26 0.0172157 1
gene 2 1 9 0.865691 0 34 0.865691 1
genomeend 57

/* Organism #58 Fitness: 4 Error: 2 */
genomestart 58
trait 1 0.1 0 0 0 0 0.199395 0 0 
trait 2 0.05 0 0.641776 0.999715 0 0 0 0 
trait 3 0.336645 0 0.0431697 0.0386256 0 0.519652 0.175563 0 
node 1 1 1 3
node 2 1 1 1
node 3 3 1 1
node 4 1 0 2
node 9 1 0 0
gene 1 1 4 1.89692 0 1 1.89692 1
gene 3 2 4 2.14882 0 2 2.14882 1
gene 2 3 4 4.26102 0 3 4.26102 0
gene 2 3 9 1.55073 0 12 1.55073 1
gene 2 9 4 2.08872 0 13 2.08872 1
gene 1 2 9 -5.32637 0 26 -5.32637 1
gene 2 1 9 0.879795 0 34 0.879795 1
genomeend 58

/* Organism #59 Fitness: 4.01545 Error: 1.99614 */
genomestart 59
trait 1 0.1 0 0 0 0 0.199395 0 0 
trait 2 0.05 0 0.641776 0 0 0 0 0 
trait 3 0.336645 0 0.0431697 0.0386256 0 0.519652 0.175563 0 
node 1 1 1 3
node 2 1 1 1
node 3 3 1 1
node 4 1 0 2
node 9 1 0 0
gene 1 1 4 -0.599081 0 1 -0.599081 1
gene 3 2 4 3.55246 0 2 3.55246 1
gene 2 3 4 -0.0672626 0 3 -0.0672626 0
gene 2 3 9 2.98709 0 12 2.98709 1
gene 2 9 4 1.43727 0 13 1.43727 1
gene 1 2 9 -4.53853 0 26 -4.53853 1
gene 2 1 9 0.696955 0 34 0.696955 1
genomeend 59

/* Organism #60 Fitness: 4.00002 Error: 1.99999 */
genomestart 60
trait 1 0.1 0 0 0 0 0.199395 0 0 
trait 2 0.05 0 0.641776 0 0 0 0 0 
trait 3 0.336645 0 0.0431697 0.0386256 0 0.519652 0.175563 0 
node 1 1 1 3
node 2 1 1 1
node 3 3 1 1
node 4 1 0 2
node 9 1 0 0
gene 1 1 4 -2.18499 0 1 -2.18499 1
gene 3 2 4 0.547709 0 2 0.547709 1
gene 2 3 4 3.48196 0 3 3.48196 0
gene 2 3 9 2.24574 0 12 2.24574 1
gene 2 9 4 5.09992 0 13 5.09992 1
gene 1 2 9 -4.79801 0 26 -4.79801 1
gene 2 1 9 -3.18323 0 34 -3.18323 1
genomeend 60

/* Organism #61 Fitness: 3.99987 Error: 2.00003 */
genomestart 61
trait 1 0.1 0 0 0 0 0.199395 0 0 
trait 2 0.10625 0 0.240666 0 0 0 0.383005 0 
trait 3 0.309161 0 0.0431697 0.125533 0 0.129913 0.0438909 0 
node 1 1 1 3
node 2 1 1 1
node 3 3 1 1
node 4 1 0 2
node 9 1 0 0
gene 1 1 4 1.84937 0 1 1.84937 1
gene 3 2 4 0.23299 0 2 0.23299 1
gene 2 3 4 4.64217 0 3 4.64217 0
gene 2 3 9 2.0899 0 12 2.0899 1
gene 2 9 4 3.22689 0 13 3.22689 1
gene 1 2 9 -3.25876 0 26 -3.25876 1
gene 2 1 9 0.865691 0 34 0.865691 1
genomeend 61

/* Organism #62 Fitness: 3.82917 Error: 2.04317 */
genomestart 62
trait 1 0.1 0 0 0 0 0.199395 0 0 
trait 2 0.10625 0 0.240666 0 0 0 0.383005 0 
trait 3 0.309161 0 0.0431697 0.125533 0 0.129913 0.0438909 0 
node 1 1 1 3
node 2 1 1 1
node 3 3 1 1
node 4 1 0 2
node 9 1 0 0
gene 1 1 4 -0.442443 0 1 -0.442443 1
gene 3 2 4 0.905487 0 2 0.905487 1
gene 2 3 4 3.74411 0 3 3.74411 0
gene 2 3 9 2.01729 0 12 2.01729 1
gene 2 9 4 0.15521 0 13 0.15521 1
gene 1 2 9 -1.62077 0 26 -1.62077 1
gene 2 1 9 0.726896 0 34 0.726896 1
genomeend 62

/* Species #7 : (Size 11) (AF 5.22814) (Age 13)  */


/* Organism #63 Fitness: 9.71327 Error: 0.883389 */
genomestart 63
trait 1 0.1 0 0 0 0 0 0 0 
trait 2 0.2 0 0 0 0 0 0 0 
trait 3 0.3 0 0 0 0 0 0 0 
node 1 1 1 3
node 2 1 1 1
node 3 3 1 1
node 4 1 0 2
node 9 1 0 0
node 17 1 0 0
gene 1 1 4 -4.62331 0 1 -4.62331 1
gene 3 2 4 0.66156 0 2 0.66156 1
gene 3 3 4 6.71699 0 3 6.71699 1
gene 2 3 9 -3.65541 0 12 -3.65541 1
gene 2 9 4 4.91732 0 13 4.91732 1
gene 3 2 17 2.69487 0 35 2.69487 1
gene 3 17 4 -4.80089 0 36 -4.80089 1
gene 1 9 17 -3.22565 0 71 -3.22565 1
gene 3 2 9 0.970798 0 79 0.970798 1
genomeend 63

/* Organism #64 Fitness: 1.64874 Error: 2.71597 */
genomestart 64
trait 1 0.1 0 0 0 0 0 0 0 
trait 2 0.2 0 0 0 0 0 0 0 
trait 3 0.3 0 0 0 0 0 0 0 
node 1 1 1 3
node 2 1 1 1
node 3 3 1 1
node 4 1 0 2
node 9 1 0 0
node 17 1 0 0
gene 1 1 4 -5.15466 0 1 -5.15466 1
gene 3 2 4 -1.79359 0 2 -1.79359 1
gene 3 3 4 5.7245 0 3 5.7245 1
gene 2 3 9 -2.71474 0 12 -2.71474 1
gene 2 9 4 3.61272 0 13 3.61272 1
gene 3 2 17 1.51639 0 35 1.51639 1
gene 3 17 4 -1.54154 0 36 -1.54154 1
gene 1 9 17 -3.01373 0 71 -3.01373 1
gene 3 2 9 2.82717 0 79 2.82717 1
genomeend 64

/* Organism #65 Fitness: 3.95902 Error: 2.01027 */
genomestart 65
trait 1 0.1 0 0 0 0 0 0 0 
trait 2 0.2 0 0 0 0 0 0 0 
trait 3 0.3 0 0 0 0 0 0 0 
node 1 1 1 3
node 2 1 1 1
node 3 3 1 1
node 4 1 0 2
node 9 1 0 0
node 17 1 0 0
gene 1 1 4 -3.8722 0 1 -3.8722 1
gene 3 2 4 -2.30318 0 2 -2.30318 1
gene 3 3 4 0.335979 0 3 0.335979 1
gene 2 3 9 -4.3363 0 12 -4.3363 1
gene 2 9 4 5.80924 0 13 5.80924 1
gene 3 2 17 0.420421 0 35 0.420421 1
gene 3 17 4 0.489291 0 36 0.489291 1
gene 1 9 17 -0.983504 0 71 -0.983504 1
gene 3 2 9 -1.22095 0 79 -1.22095 1
genomeend 65

/* Organism #66 Fitness: 3.84244 Error: 2.03979 */
genomestart 66
trait 1 0.1 0 0 0 0 0 0 0 
trait 2 0.2 0 0 0 0 0 0 0 
trait 3 0.3 0 0 0 0 0 0 0 
node 1 1 1 3
node 2 1 1 1
node 3 3 1 1
node 4 1 0 2
node 9 1 0 0
node 17 1 0 0
gene 1 1 4 -1.17788 0 1 -1.17788 1
gene 3 2 4 0.463185 0 2 0.463185 1
gene 3 3 4 6.73562 0 3 6.73562 1
gene 2 3 9 -5.52349 0 12 -5.52349 1
gene 2 9 4 1.13157 0 13 1.13157 1
gene 3 2 17 3.08516 0 35 3.08516 1
gene 3 17 4 -0.534492 0 36 -0.534492 1
gene 1 9 17 -3.2057 0 71 -3.2057 1
gene 3 2 9 -0.264511 0 79 -0.264511 1
genomeend 66

/* Organism #67 Fitness: 3.912 Error: 2.02212 */
genomestart 67
trait 1 0.1 0 0 0 0 0 0 0 
trait 2 0.2 0 0 0 0 0 0 0 
trait 3 0.3 0 0 0 0 0 0 0 
node 1 1 1 3
node 2 1 1 1
node 3 3 1 1
node 4 1 0 2
node 9 1 0 0
node 17 1 0 0
gene 1 1 4 -2.77071 0 1 -2.77071 1
gene 3 2 4 -0.648607 0 2 -0.648607 1
gene 3 3 4 1.72019 0 3 1.72019 1
gene 2 3 9 -5.78513 0 12 -5.78513 1
gene 2 9 4 4.09849 0 13 4.09849 1
gene 3 2 17 -0.719417 0 35 -0.719417 1
gene 3 17 4 -3.17887 0 36 -3.17887 1
gene 1 9 17 -1.68562 0 71 -1.68562 1
gene 3 2 9 -0.542702 0 79 -0.542702 1
genomeend 67

/* Organism #68 Fitness: 4.01706 Error: 1.99574 */
genomestart 68
trait 1 0.1 0 0 0 0 0 0 0 
trait 2 0.2 0 0 0 0 0 0 0 
trait 3 0.3 0 0 0 0 0 0 0 
node 1 1 1 3
node 2 1 1 1
node 3 3 1 1
node 4 1 0 2
node 9 1 0 0
node 17 1 0 0
gene 1 1 4 -4.00568 0 1 -4.00568 1
gene 3 2 4 -1.86043 0 2 -1.86043 1
gene 3 3 4 3.83921 0 3 3.83921 1
gene 2 3 9 -5.50149 0 12 -5.50149 1
gene 2 9 4 4.90631 0 13 4.90631 1
gene 3 2 17 3.24363 0 35 3.24363 1
gene 3 17 4 -1.8397 0 36 -1.8397 1
gene 1 9 17 -2.49355 0 71 -2.49355 1
gene 3 2 9 0.830218 0 79 0.830218 1
genomeend 68

/* Organism #69 Fitness: 8.99582 Error: 1.0007 */
genomestart 69
trait 1 0.1 0 0 0 0 0 0 0 
trait 2 0.2 0 0 0 0 0 0 0 
trait 3 0.3 0 0 0 0 0 0 0 
node 1 1 1 3
node 2 1 1 1
node 3 3 1 1
node 4 1 0 2
node 9 1 0 0
node 17 1 0 0
gene 1 1 4 -2.93945 0 1 -2.93945 1
gene 3 2 4 -1.60769 0 2 -1.60769 1
gene 3 3 4 6.80185 0 3 6.80185 1
gene 2 3 9 -2.97955 0 12 -2.97955 1
gene 2 9 4 -1.46213 0 13 -1.46213 1
gene 3 2 17 1.06648 0 35 1.06648 1
gene 3 17 4 -4.76975 0 36 -4.76975 1
gene 1 9 17 0.292611 0 71 0.292611 1
gene 3 2 9 0.465158 0 79 0.465158 1
genomeend 69

/* Organism #70 Fitness: 5.09351 Error: 1.74312 */
genomestart 70
trait 1 0.1 0 0 0 0 0 0 0 
trait 2 0.2 0 0 0 0 0 0 0 
trait 3 0.3 0 0 0 0 0 0 0 
node 1 1 1 3
node 2 1 1 1
node 3 3 1 1
node 4 1 0 2
node 9 1 0 0
node 17 1 0 0
gene 1 1 4 -2.15014 0 1 -2.15014 1
gene 3 2 4 -1.18892 0 2 -1.18892 1
gene 3 3 4 5.31932 0 3 5.31932 1
gene 2 3 9 -3.85762 0 12 -3.85762 1
gene 2 9 4 4.73427 0 13 4.73427 1
gene 3 2 17 2.334 0 35 2.334 1
gene 3 17 4 -0.762596 0 36 -0.762596 1
gene 1 9 17 -2.67671 0 71 -2.67671 1
gene 3 2 9 1.02317 0 79 1.02317 1
genomeend 70

/* Organism #71 Fitness: 1.88194 Error: 2.62816 */
genomestart 71
trait 1 0.1 0 0 0 0 0 0 0 
trait 2 0.2 0 0 0 0 0 0 0 
trait 3 0.3 0 0 0 0 0 0 0 
node 1 1 1 3
node 2 1 1 1
node 3 3 1 1
node 4 1 0 2
node 9 1 0 0
node 17 1 0 0
gene 1 1 4 -2.52865 0 1 -2.52865 1
gene 3 2 4 0.301622 0 2 0.301622 1
gene 3 3 4 6.74634 0 3 6.74634 1
gene 2 3 9 -5.55129 0 12 -5.55129 1
gene 2 9 4 5.65758 0 13 5.65758 1
gene 3 2 17 3.51647 0 35 3.51647 1
gene 3 17 4 -4.1395 0 36 -4.1395 1
gene 1 9 17 -1.68567 0 71 -1.68567 1
gene 3 2 9 -0.735472 0 79 -0.735472 1
genomeend 71

/* Organism #72 Fitness: 11.8369 Error: 0.559525 */
/* ##------$ WINNER 72 SPECIES #7 $------## */
genomestart 72
trait 1 0.1 0 0 0 0 0 0 0 
trait 2 0.2 0 0 0 0 0 0 0 
trait 3 0.3 0 0 0 0 0 0 0 
node 1 1 1 3
node 2 1 1 1
node 3 3 1 1
node 4 1 0 2
node 9 1 0 0
node 17 1 0 0
gene 1 1 4 -1.80737 0 1 -1.80737 1
gene 3 2 4 0.144511 0 2 0.144511 1
gene 3 3 4 7.26284 0 3 7.26284 1
gene 2 3 9 -2.8215 0 12 -2.8215 1
gene 2 9 4 3.60089 0 13 3.60089 1
gene 3 2 17 4.16832 0 35 4.16832 1
gene 3 17 4 -6.13204 0 36 -6.13204 1
gene 1 9 17 -5.14464 0 71 -5.14464 1
gene 3 2 9 0.806296 0 79 0.806296 1
genomeend 72

/* Organism #73 Fitness: 2.60885 Error: 2.38481 */
genomestart 73
trait 1 0.1 0 0 0 0 0 0 0 
trait 2 0.2 0 0 0 0 0 0 0 
trait 3 0.3 0 0 0 0 0 0 0 
node 1 1 1 3
node 2 1 1 1
node 3 3 1 1
node 4 1 0 2
node 9 1 0 0
node 17 1 0 0
gene 1 1 4 -6.4137 0 1 -6.4137 1
gene 3 2 4 2.34874 0 2 2.34874 1
gene 3 3 4 7.68108 0 3 7.68108 1
gene 2 3 9 -6.14203 0 12 -6.14203 1
gene 2 9 4 4.1718 0 13 4.1718 1
gene 3 2 17 -0.318267 0 35 -0.318267 1
gene 3 17 4 -5.1056 0 36 -5.1056 1
gene 1 9 17 -3.40076 0 71 -3.40076 1
gene 3 2 9 1.17001 0 79 1.17001 1
genomeend 73

/* Species #8 : (Size 10) (AF 6.77774) (Age 13)  */


/* Organism #74 Fitness: 8.96238 Error: 1.00628 */
genomestart 74
trait 1 0.075 0 0.0594904 0 0.041094 0.0833501 0 0 
trait 2 0.2 0 0 0 0 0 0 0 
trait 3 0.3 0 0 0 0 0 0 0 
node 1 3 1 3
node 2 2 1 1
node 3 2 1 1
node 4 3 0 2
node 10 1 0 0
node 18 1 0 0
gene 3 1 4 -1.16409 0 1 -1.16409 1
gene 3 2 4 5.16587 0 2 5.16587 1
gene 3 3 4 2.34003 0 3 2.34003 1
gene 3 2 10 -2.42503 0 14 -2.42503 1
gene 3 10 4 1.15724 0 15 1.15724 0
gene 3 10 18 -4.04305 0 37 -4.04305 1
gene 3 18 4 5.76949 0 38 5.76949 1
genomeend 74

/* Organism #75 Fitness: 8.99292 Error: 1.00118 */
genomestart 75
trait 1 0.075 0 0.0594904 0 0.041094 0.0833501 0 0 
trait 2 0.2 0 0 0 0 0 0 0 
trait 3 0.3 0 0 0 0 0 0 0 
node 1 3 1 3
node 2 2 1 1
node 3 2 1 1
node 4 3 0 2
node 10 1 0 0
node 18 1 0 0
gene 3 1 4 -2.23796 0 1 -2.23796 1
gene 3 2 4 6.61498 0 2 6.61498 1
gene 3 3 4 3.60958 0 3 3.60958 1
gene 3 2 10 -0.85077 0 14 -0.85077 1
gene 3 10 4 2.15723 0 15 2.15723 0
gene 3 10 18 -4.41293 0 37 -4.41293 1
gene 3 18 4 0.299488 0 38 0.299488 1
genomeend 75

/* Organism #76 Fitness: 6.65953 Error: 1.41939 */
genomestart 76
trait 1 0.075 0 0.0594904 0 0.041094 0.0833501 0 0 
trait 2 0.2 0 0 0 0 0 0 0 
trait 3 0.3 0 0 0 0 0 0 0 
node 1 3 1 3
node 2 2 1 1
node 3 2 1 1
node 4 3 0 2
node 10 1 0 0
node 18 1 0 0
gene 3 1 4 -0.132585 0 1 -0.132585 1
gene 3 2 4 7.29973 0 2 7.29973 0
gene 3 3 4 3.32918 0 3 3.32918 1
gene 3 2 10 -2.00828 0 14 -2.00828 1
gene 3 10 4 2.4218 0 15 2.4218 0
gene 3 10 18 -3.51664 0 37 -3.51664 1
gene 3 18 4 3.55895 0 38 3.55895 1
gene 3 1 10 -0.246597 0 120 -0.246597 1
genomeend 76

/* Organism #77 Fitness: 3.99999 Error: 2 */
genomestart 77
trait 1 0.075 0 0.0594904 0 0.041094 0.0833501 0 0 
trait 2 0.2 0 0 0 0 0 0 0 
trait 3 0.3 0 0 0 0 0 0 0 
node 1 3 1 3
node 2 2 1 1
node 3 2 1 1
node 4 3 0 2
node 10 1 0 0
node 18 1 0 0
gene 3 1 4 -0.0962695 0 1 -0.0962695 1
gene 3 2 4 6.35265 0 2 6.35265 0
gene 3 3 4 2.08406 0 3 2.08406 1
gene 3 2 10 -3.98417 0 14 -3.98417 1
gene 3 10 4 1.15724 0 15 1.15724 0
gene 3 10 18 2.31852 0 37 2.31852 1
gene 3 18 4 5.38881 0 38 5.38881 1
genomeend 77

/* Organism #78 Fitness: 8.92068 Error: 1.01325 */
genomestart 78
trait 1 0.075 0 0.0594904 0 0.041094 0.0833501 0 0 
trait 2 0.2 0 0 0 0 0 0 0 
trait 3 0.3 0 0 0 0 0 0 0 
node 1 3 1 3
node 2 2 1 1
node 3 2 1 1
node 4 3 0 2
node 10 1 0 0
node 18 1 0 0
gene 3 1 4 -3.30333 0 1 -3.30333 1
gene 3 2 4 5.72466 0 2 5.72466 1
gene 3 3 4 4.1787 0 3 4.1787 1
gene 3 2 10 -3.52208 0 14 -3.52208 1
gene 3 10 4 -0.381778 0 15 -0.381778 0
gene 3 10 18 -6.54123 0 37 -6.54123 1
gene 3 18 4 4.97008 0 38 4.97008 1
genomeend 78

/* Organism #79 Fitness: 4.00304 Error: 1.99924 */
genomestart 79
trait 1 0.075 0 0.0594904 0 0.041094 0.0833501 0 0 
trait 2 0.2 0 0 0 0 0 0 0 
trait 3 0.3 0 0 0 0 0 0 0 
node 1 3 1 3
node 2 2 1 1
node 3 2 1 1
node 4 3 0 2
node 10 1 0 0
node 18 1 0 0
gene 3 1 4 -1.16409 0 1 -1.16409 1
gene 3 2 4 3.16252 0 2 3.16252 0
gene 3 3 4 4.01954 0 3 4.01954 1
gene 3 2 10 -0.13118 0 14 -0.13118 1
gene 3 10 4 0.682244 0 15 0.682244 0
gene 3 10 18 -4.6614 0 37 -4.6614 1
gene 3 18 4 5.66912 0 38 5.66912 1
gene 3 1 10 -0.925205 0 120 -0.925205 1
genomeend 79

/* Organism #80 Fitness: 4.00201 Error: 1.9995 */
genomestart 80
trait 1 0.075 0 0.0594904 0 0.041094 0.0833501 0 0 
trait 2 0.2 0 0 0 0 0 0 0 
trait 3 0.3 0 0 0 0 0 0 0 
node 1 3 1 3
node 2 2 1 1
node 3 2 1 1
node 4 3 0 2
node 10 1 0 0
node 18 1 0 0
gene 3 1 4 0.95167 0 1 0.95167 1
gene 3 2 4 5.16587 0 2 5.16587 0
gene 3 3 4 2.42719 0 3 2.42719 1
gene 3 2 10 2.00446 0 14 2.00446 1
gene 3 10 4 1.15724 0 15 1.15724 1
gene 3 10 18 -4.04305 0 37 -4.04305 1
gene 3 18 4 5.43054 0 38 5.43054 1
genomeend 80

/* Organism #81 Fitness: 8.91443 Error: 1.0143 */
genomestart 81
trait 1 0.075 0 0.0594904 0 0.041094 0.0833501 0 0 
trait 2 0.2 0 0 0 0 0 0 0 
trait 3 0.3 0 0 0 0 0 0 0 
node 1 3 1 3
node 2 2 1 1
node 3 2 1 1
node 4 3 0 2
node 10 1 0 0
node 18 1 0 0
gene 3 1 4 -0.859916 0 1 -0.859916 1
gene 3 2 4 4.03191 0 2 4.03191 1
gene 3 3 4 3.76053 0 3 3.76053 1
gene 3 2 10 -0.0448867 0 14 -0.0448867 1
gene 3 10 4 0.765693 0 15 0.765693 0
gene 3 10 18 -4.01862 0 37 -4.01862 1
gene 3 18 4 4.13082 0 38 4.13082 1
genomeend 81

/* Organism #82 Fitness: 4.36276 Error: 1.91128 */
genomestart 82
trait 1 0.075 0 0.0594904 0 0.041094 0.0833501 0 0 
trait 2 0.2 0 0 0 0 0 0 0 
trait 3 0.3 0 0 0 0 0 0 0 
node 1 3 1 3
node 2 2 1 1
node 3 2 1 1
node 4 3 0 2
node 10 1 0 0
node 18 1 0 0
gene 3 1 4 0.472964 0 1 0.472964 1
gene 2 2 4 3.63787 0 2 3.63787 0
gene 3 3 4 3.9036 0 3 3.9036 1
gene 3 2 10 -2.90999 0 14 -2.90999 1
gene 3 10 4 0.897298 0 15 0.897298 0
gene 3 10 18 -4.78411 0 37 -4.78411 1
gene 3 18 4 3.51467 0 38 3.51467 1
genomeend 82

/* Organism #83 Fitness: 8.95971 Error: 1.00672 */
genomestart 83
trait 1 0.075 0 0.0594904 0 0.041094 0.0833501 0 0 
trait 2 0.2 0 0 0 0 0 0 0 
trait 3 0.3 0 0 0 0 0 0 0 
node 1 3 1 3
node 2 2 1 1
node 3 2 1 1
node 4 3 0 2
node 10 1 0 0
node 18 1 0 0
gene 3 1 4 -1.16409 0 1 -1.16409 1
gene 3 2 4 1.48153 0 2 1.48153 0
gene 3 3 4 2.34003 0 3 2.34003 1
gene 3 2 10 -3.83275 0 14 -3.83275 1
gene 3 10 4 2.53408 0 15 2.53408 0
gene 3 10 18 -5.0328 0 37 -5.0328 1
gene 3 18 4 5.46071 0 38 5.46071 1
genomeend 83

/* Species #9 : (Size 6) (AF 3.77308) (Age 12)  */


/* Organism #84 Fitness: 4.00003 Error: 1.99999 */
genomestart 84
trait 1 0.1 0 0 0 0 0 0 0 
trait 2 0.2 0.109728 0.397085 0 0 0 0 0 
trait 3 0.3 0 0 0 0 0 0 0 
node 1 1 1 3
node 2 2 1 1
node 3 3 1 1
node 4 1 0 2
node 8 1 0 0
node 14 1 0 0
gene 1 1 4 -1.97916 0 1 -1.97916 1
gene 3 2 4 -2.4654 0 2 -2.4654 0
gene 2 3 4 0.26352 0 3 0.26352 1
gene 3 2 8 4.15693 0 10 4.15693 0
gene 3 8 4 -2.09068 0 11 -2.09068 1
gene 3 2 14 -2.45087 0 24 -2.45087 1
gene 3 14 8 -0.388058 0 25 -0.388058 1
genomeend 84

/* Organism #85 Fitness: 4 Error: 2 */
genomestart 85
trait 1 0.1 0 0 0 0 0 0 0 
trait 2 0.2 0.109728 0.397085 0 0 0 0 0 
trait 3 0.3 0 0 0 0 0 0 0 
node 1 1 1 3
node 2 2 1 1
node 3 3 1 1
node 4 1 0 2
node 8 1 0 0
node 14 1 0 0
gene 1 1 4 -1.84222 0 1 -1.84222 1
gene 3 2 4 -3.79993 0 2 -3.79993 0
gene 2 3 4 0.198249 0 3 0.198249 0
gene 3 2 8 3.82298 0 10 3.82298 0
gene 3 8 4 -0.975056 0 11 -0.975056 1
gene 3 2 14 -3.06812 0 24 -3.06812 1
gene 3 14 8 -1.20662 0 25 -1.20662 1
genomeend 85

/* Organism #86 Fitness: 4 Error: 2 */
genomestart 86
trait 1 0.1 0 0 0 0 0 0 0 
trait 2 0.2 0.109728 0.397085 0 0 0 0 0 
trait 3 0.3 0 0 0 0 0 0 0 
node 1 1 1 3
node 2 2 1 1
node 3 3 1 1
node 4 1 0 2
node 8 1 0 0
node 14 1 0 0
gene 1 1 4 0.470647 0 1 0.470647 1
gene 3 2 4 -6.70005 0 2 -6.70005 0
gene 2 3 4 1.00408 0 3 1.00408 0
gene 3 2 8 4.91244 0 10 4.91244 0
gene 3 8 4 -5.92801 0 11 -5.92801 1
gene 3 2 14 -0.493684 0 24 -0.493684 1
gene 3 14 8 2.13672 0 25 2.13672 1
genomeend 86

/* Organism #87 Fitness: 4 Error: 2 */
genomestart 87
trait 1 0.1 0 0 0 0 0 0 0 
trait 2 0.2 0.109728 0.397085 0 0 0 0 0 
trait 3 0.3 0 0 0 0 0 0 0 
node 1 1 1 3
node 2 2 1 1
node 3 3 1 1
node 4 1 0 2
node 8 1 0 0
node 14 1 0 0
node 49 1 0 0
gene 1 1 4 -1.97916 0 1 -1.97916 1
gene 3 2 4 -2.4654 0 2 -2.4654 0
gene 2 3 4 0.26352 0 3 0.26352 1
gene 3 2 8 4.15693 0 10 4.15693 0
gene 3 8 4 -2.09068 0 11 -2.09068 1
gene 3 2 14 -2.45087 0 24 -2.45087 0
gene 3 14 8 -0.388058 0 25 -0.388058 1
gene 3 2 49 1 0 141 0 1
gene 3 49 14 -2.45087 0 142 0 1
genomeend 87

/* Organism #88 Fitness: 2.63846 Error: 2.37567 */
genomestart 88
trait 1 0.1 0 0 0 0 0 0 0 
trait 2 0.2 0.109728 0.397085 0 0 0 0 0 
trait 3 0.3 0 0 0 0 0 0 0 
node 1 1 1 3
node 2 2 1 1
node 3 3 1 1
node 4 1 0 2
node 8 1 0 0
node 14 1 0 0
gene 1 1 4 0.213966 0 1 0.213966 1
gene 3 2 4 -0.206924 0 2 -0.206924 0
gene 2 3 4 1.72316 0 3 1.72316 1
gene 3 2 8 4.83719 0 10 4.83719 0
gene 3 8 4 -3.288 0 11 -3.288 1
gene 3 2 14 -2.05647 0 24 -2.05647 1
gene 3 14 8 -1.21013 0 25 -1.21013 1
genomeend 88

/* Organism #89 Fitness: 4 Error: 2 */
genomestart 89
trait 1 0.1 0 0 0 0 0 0 0 
trait 2 0.2 0.109728 0.397085 0 0 0 0 0 
trait 3 0.3 0 0 0 0 0 0 0 
node 1 1 1 3
node 2 2 1 1
node 3 3 1 1
node 4 1 0 2
node 8 1 0 0
node 14 1 0 0
gene 1 1 4 -2.93761 0 1 -2.93761 1
gene 3 2 4 -3.35377 0 2 -3.35377 1
gene 2 3 4 0.991925 0 3 0.991925 1
gene 3 2 8 0.930443 0 10 0.930443 0
gene 3 8 4 -5.37834 0 11 -5.37834 1
gene 3 2 14 -3.27498 0 24 -3.27498 1
gene 3 14 8 0.518152 0 25 0.518152 1
genomeend 89

/* Species #10 : (Size 11) (AF 8.04152) (Age 12)  */


/* Organism #90 Fitness: 9 Error: 1 */
genomestart 90
trait 1 0.05 0.408878 0.0198747 0 0 0 0.28743 0 
trait 2 0.2 0 0 0 0 0 0 0 
trait 3 0.3 0 0 0 0 0 0 0 
node 1 3 1 3
node 2 2 1 1
node 3 2 1 1
node 4 3 0 2
node 10 1 0 0
gene 3 1 4 -3.69107 0 1 -3.69107 1
gene 3 2 4 0.208731 0 2 0.208731 0
gene 3 3 4 4.36487 0 3 4.36487 1
gene 3 2 10 4.81086 0 14 4.81086 1
gene 3 10 4 8 0 15 8 1
gene 2 3 10 4.24812 0 39 4.24812 1
gene 2 1 10 -2.86259 0 42 -2.86259 1
genomeend 90

/* Organism #91 Fitness: 9 Error: 1 */
genomestart 91
trait 1 0.05 0.408878 0.0198747 0 0 0 0.28743 0 
trait 2 0.2 0 0 0 0 0 0 0 
trait 3 0.3 0 0 0 0 0 0 0 
node 1 3 1 3
node 2 2 1 1
node 3 2 1 1
node 4 3 0 2
node 10 1 0 0
gene 3 1 4 -3.51847 0 1 -3.51847 1
gene 3 2 4 0.356636 0 2 0.356636 0
gene 3 3 4 1.83837 0 3 1.83837 1
gene 3 2 10 3.84368 0 14 3.84368 1
gene 3 10 4 8 0 15 8 1
gene 2 3 10 5.68095 0 39 5.68095 1
gene 2 1 10 -2.02088 0 42 -2.02088 1
genomeend 91

/* Organism #92 Fitness: 3.9449 Error: 2.01382 */
genomestart 92
trait 1 0.05 0.408878 0.0198747 0 0 0 0.28743 0 
trait 2 0.2 0 0 0 0 0 0 0 
trait 3 0.3 0 0 0 0 0 0 0 
node 1 3 1 3
node 2 2 1 1
node 3 2 1 1
node 4 3 0 2
node 10 1 0 0
gene 3 1 4 -2.01671 0 1 -2.01671 1
gene 3 2 4 -0.932254 0 2 -0.932254 0
gene 3 3 4 2.88322 0 3 2.88322 1
gene 3 2 10 3.8833 0 14 3.8833 1
gene 3 10 4 6.91675 0 15 6.91675 1
gene 2 3 10 2.91426 0 39 2.91426 1
gene 2 1 10 -5.19726 0 42 -5.19726 1
genomeend 92

/* Organism #93 Fitness: 5.73135 Error: 1.60598 */
genomestart 93
trait 1 0.05 0.408878 0.0198747 0 0 0 0.28743 0 
trait 2 0.2 0 0 0 0 0 0 0 
trait 3 0.3 0 0 0 0 0 0 0 
node 1 3 1 3
node 2 2 1 1
node 3 2 1 1
node 4 3 0 2
node 10 1 0 0
gene 3 1 4 -5.7464 0 1 -5.7464 1
gene 3 2 4 -0.374202 0 2 -0.374202 0
gene 3 3 4 5.37375 0 3 5.37375 1
gene 3 2 10 2.89076 0 14 2.89076 1
gene 3 10 4 6.48176 0 15 6.48176 1
gene 2 3 10 4.51391 0 39 4.51391 1
gene 2 1 10 -2.49916 0 42 -2.49916 1
genomeend 93

/* Organism #94 Fitness: 9 Error: 1 */
genomestart 94
trait 1 0.05 0.408878 0.0198747 0 0 0 0.28743 0 
trait 2 0.2 0 0 0 0 0 0 0 
trait 3 0.3 0 0 0 0 0 0 0 
node 1 3 1 3
node 2 2 1 1
node 3 2 1 1
node 4 3 0 2
node 10 1 0 0
gene 3 1 4 -3.86302 0 1 -3.86302 1
gene 3 2 4 2.44348 0 2 2.44348 0
gene 3 3 4 4.48237 0 3 4.48237 1
gene 3 2 10 3.7963 0 14 3.7963 1
gene 3 10 4 8 0 15 8 1
gene 2 3 10 3.0262 0 39 3.0262 1
gene 2 1 10 -1.5903 0 42 -1.5903 1
genomeend 94

/* Organism #95 Fitness: 8.9992 Error: 1.00013 */
genomestart 95
trait 1 0.05 0.408878 0.0198747 0 0 0 0.28743 0 
trait 2 0.2 0 0 0 0 0 0 0 
trait 3 0.3 0 0 0 0 0 0 0 
node 1 3 1 3
node 2 2 1 1
node 3 2 1 1
node 4 3 0 2
node 10 1 0 0
gene 3 1 4 -5.89913 0 1 -5.89913 1
gene 3 2 4 2.72482 0 2 2.72482 0
gene 3 3 4 4.84715 0 3 4.84715 1
gene 3 2 10 4.81086 0 14 4.81086 1
gene 3 10 4 8 0 15 8 1
gene 2 3 10 5.05447 0 39 5.05447 1
gene 2 1 10 -4.14463 0 42 -4.14463 1
genomeend 95

/* Organism #96 Fitness: 8.99922 Error: 1.00013 */
genomestart 96
trait 1 0.05 0.408878 0.0198747 0 0 0 0.28743 0 
trait 2 0.2 0 0 0 0 0 0 0 
trait 3 0.3 0 0 0 0 0 0 0 
node 1 3 1 3
node 2 2 1 1
node 3 2 1 1
node 4 3 0 2
node 10 1 0 0
gene 3 1 4 -1.83129 0 1 -1.83129 1
gene 3 2 4 -0.4046 0 2 -0.4046 0
gene 3 3 4 0.509317 0 3 0.509317 1
gene 1 2 10 4.84468 0 14 4.84468 1
gene 3 10 4 8 0 15 8 1
gene 2 3 10 4.82527 0 39 4.82527 1
gene 2 1 10 -1.27724 0 42 -1.27724 1
genomeend 96

/* Organism #97 Fitness: 9 Error: 1 */
genomestart 97
trait 1 0.05 0.408878 0.0198747 0 0 0 0.28743 0 
trait 2 0.2 0 0 0 0 0 0 0 
trait 3 0.3 0 0 0 0 0 0 0 
node 1 3 1 3
node 2 2 1 1
node 3 2 1 1
node 4 3 0 2
node 10 1 0 0
gene 3 1 4 -3.69107 0 1 -3.69107 1
gene 3 2 4 0.208731 0 2 0.208731 0
gene 3 3 4 4.36487 0 3 4.36487 1
gene 3 2 10 4.81086 0 14 4.81086 1
gene 3 10 4 8 0 15 8 1
gene 2 3 10 4.24812 0 39 4.24812 1
gene 2 1 10 -2.86259 0 42 -2.86259 1
genomeend 97

/* Organism #98 Fitness: 9 Error: 1 */
genomestart 98
trait 1 0.05 0.408878 0.0198747 0 0 0 0.28743 0 
trait 2 0.2 0 0 0 0 0 0 0 
trait 3 0.3 0 0 0 0 0 0 0 
node 1 3 1 3
node 2 2 1 1
node 3 2 1 1
node 4 3 0 2
node 10 1 0 0
gene 3 1 4 -3.69107 0 1 -3.69107 1
gene 3 2 4 0.208731 0 2 0.208731 0
gene 3 3 4 4.23745 0 3 4.23745 1
gene 3 2 10 4.81086 0 14 4.81086 1
gene 3 10 4 8 0 15 8 1
gene 2 3 10 4.24812 0 39 4.24812 1
gene 2 1 10 -2.86259 0 42 -2.86259 1
genomeend 98

/* Organism #99 Fitness: 6.79081 Error: 1.39408 */
genomestart 99
trait 1 0.05 0.408878 0.0198747 0 0 0 0.28743 0 
trait 2 0.2 0 0 0 0 0 0 0 
trait 3 0.3 0 0 0 0 0 0 0 
node 1 3 1 3
node 2 2 1 1
node 3 2 1 1
node 4 3 0 2
node 10 1 0 0
gene 3 1 4 -3.49927 0 1 -3.49927 1
gene 3 2 4 -2.12446 0 2 -2.12446 0
gene 3 3 4 4.72002 0 3 4.72002 1
gene 3 2 10 3.02579 0 14 3.02579 1
gene 3 10 4 8 0 15 8 1
gene 2 3 10 5.33251 0 39 5.33251 1
gene 2 1 10 -3.06791 0 42 -3.06791 1
genomeend 99

/* Organism #100 Fitness: 8.99124 Error: 1.00146 */
genomestart 100
trait 1 0.05 0.408878 0.0198747 0 0 0 0.28743 0 
trait 2 0.2 0 0 0 0 0 0 0 
trait 3 0.3 0 0 0 0 0 0 0 
node 1 3 1 3
node 2 2 1 1
node 3 2 1 1
node 4 3 0 2
node 10 1 0 0
gene 3 1 4 -4.4631 0 1 -4.4631 1
gene 3 2 4 1.48074 0 2 1.48074 0
gene 3 3 4 6.17039 0 3 6.17039 1
gene 3 2 10 6.01878 0 14 6.01878 1
gene 3 10 4 5.78875 0 15 5.78875 1
gene 2 3 10 6.06789 0 39 6.06789 1
gene 2 1 10 -0.89391 0 42 -0.89391 1
genomeend 100

/* Species #11 : (Size 12) (AF 8.19076) (Age 11)  */


/* Organism #101 Fitness: 9 Error: 1 */
genomestart 101
trait 1 0.1 0 0 0.344458 0 0 0 0 
trait 2 0.2 0 0 0 0 0 0 0 
trait 3 0.3 0.0784741 0 0.0951087 0.00119992 0.0635466 0 0.0376371 
node 1 1 1 3
node 2 1 1 1
node 3 3 1 1
node 4 1 0 2
node 9 1 0 0
node 19 1 0 0
gene 1 1 4 -2.21915 0 1 -2.21915 1
gene 3 2 4 7.55684 0 2 7.55684 1
gene 3 3 4 4.92319 0 3 4.92319 1
gene 2 3 9 2.50953 0 12 2.50953 1
gene 2 9 4 3.4185 0 13 3.4185 1
gene 2 1 9 -0.042201 0 19 -0.042201 1
gene 3 2 19 -1.38664 0 40 -1.38664 1
gene 3 19 4 -2.61177 0 41 -2.61177 1
gene 1 19 9 -2.04115 0 96 -2.04115 1
genomeend 101

/* Organism #102 Fitness: 9 Error: 1 */
genomestart 102
trait 1 0.1 0 0 0.337833 0 0 0 0 
trait 2 0.2 0 0 0 0 0 0 0 
trait 3 0.3 0.0850136 0 0.103034 0.00129992 0.0688422 0 0.0407735 
node 1 1 1 3
node 2 1 1 1
node 3 3 1 1
node 4 1 0 2
node 9 1 0 0
node 19 1 0 0
gene 1 1 4 -2.21915 0 1 -2.21915 1
gene 3 2 4 6.71293 0 2 6.71293 1
gene 3 3 4 4.92319 0 3 4.92319 1
gene 2 3 9 2.50953 0 12 2.50953 1
gene 2 9 4 3.4185 0 13 3.4185 1
gene 2 1 9 -0.042201 0 19 -0.042201 1
gene 3 2 19 -1.38664 0 40 -1.38664 1
gene 3 19 4 -2.61177 0 41 -2.61177 1
gene 1 19 9 -2.04115 0 96 -2.04115 1
genomeend 102

/* Organism #103 Fitness: 8.99958 Error: 1.00007 */
genomestart 103
trait 1 0.1 0 0 0.331209 0 0 0 0 
trait 2 0.2 0 0 0.716665 0 0 0 0 
trait 3 0.3 0.0915531 0 0.11096 0.00139991 0.0741377 0 0.0439099 
node 1 1 1 3
node 2 1 1 1
node 3 3 1 1
node 4 1 0 2
node 9 1 0 0
node 19 3 0 0
gene 1 1 4 -0.952339 0 1 -0.952339 1
gene 3 2 4 5.27573 0 2 5.27573 1
gene 3 3 4 4.35669 0 3 4.35669 1
gene 2 3 9 -0.568304 0 12 -0.568304 1
gene 2 9 4 2.79514 0 13 2.79514 1
gene 2 1 9 -2.30006 0 19 -2.30006 1
gene 3 2 19 -0.278025 0 40 -0.278025 1
gene 3 19 4 -2.87332 0 41 -2.87332 1
gene 1 19 9 0.0344321 0 96 0.0344321 1
genomeend 103

/* Organism #104 Fitness: 5.4865 Error: 1.65767 */
genomestart 104
trait 1 0.1 0 0 0.331209 0 0 0 0 
trait 2 0.2 0 0 0.716665 0 0 0 0 
trait 3 0 0.894448 0 0.11096 0 0.0741377 0 0.673823 
node 1 1 1 3
node 2 1 1 1
node 3 3 1 1
node 4 1 0 2
node 9 1 0 0
node 19 1 0 0
gene 1 1 4 0.344188 0 1 0.344188 1
gene 3 2 4 7.42368 0 2 7.42368 1
gene 3 3 4 6.01663 0 3 6.01663 1
gene 2 3 9 2.70052 0 12 2.70052 1
gene 2 9 4 3.68162 0 13 3.68162 1
gene 2 1 9 -1.2676 0 19 -1.2676 1
gene 3 2 19 0.106152 0 40 0.106152 1
gene 3 19 4 -0.429562 0 41 -0.429562 1
gene 1 19 9 -0.328312 0 96 -0.328312 1
genomeend 104

/* Organism #105 Fitness: 8.99937 Error: 1.00011 */
genomestart 105
trait 1 0.1 0 0 0.337833 0 0 0 0 
trait 2 0.2 0 0 0.358332 0 0 0 0 
trait 3 0.3 0.0850136 0 0.103034 0.00129992 0.0688422 0 0.0407735 
node 1 1 1 3
node 2 1 1 1
node 3 3 1 1
node 4 1 0 2
node 9 1 0 0
node 19 1 0 0
node 50 1 0 0
gene 1 1 4 -1.61764 0 1 -1.61764 1
gene 3 2 4 6.8593 0 2 6.8593 1
gene 3 3 4 4.82737 0 3 4.82737 1
gene 2 3 9 2.60503 0 12 2.60503 1
gene 2 9 4 2.60513 0 13 2.60513 0
gene 2 1 9 -0.799154 0 19 -0.799154 1
gene 3 2 19 -1.24289 0 40 -1.24289 1
gene 3 19 4 -3.08993 0 41 -3.08993 1
gene 1 19 9 -2.03436 0 96 -2.03436 1
gene 2 9 50 1 0 143 0 1
gene 2 50 4 2.60513 0 144 0 1
genomeend 105

/* Organism #106 Fitness: 3.01111 Error: 2.26475 */
genomestart 106
trait 1 0.1 0 0 0.331209 0 0 0 0 
trait 2 0.2 0 0 0 0 0 0 0 
trait 3 0.3 0.0915531 0 0.11096 0.00139991 0.0741377 0 0.0439099 
node 1 1 1 3
node 2 1 1 1
node 3 3 1 1
node 4 1 0 2
node 9 1 0 0
node 19 1 0 0
gene 1 1 4 -2.38292 0 1 -2.38292 1
gene 3 2 4 4.97644 0 2 4.97644 1
gene 3 3 4 2.02895 0 3 2.02895 1
gene 2 3 9 -2.39402 0 12 -2.39402 1
gene 2 9 4 6.12347 0 13 6.12347 1
gene 2 1 9 2.07107 0 19 2.07107 1
gene 3 2 19 0.158247 0 40 0.158247 1
gene 3 19 4 -1.22273 0 41 -1.22273 1
gene 1 19 9 0.0609697 0 96 0.0609697 1
genomeend 106

/* Organism #107 Fitness: 8.99655 Error: 1.00058 */
genomestart 107
trait 1 0.1 0 0 0.331209 0 0 0 0 
trait 2 0.2 0 0 0 0 0 0 0 
trait 3 0.3 0.0915531 0 0.11096 0.00139991 0.0741377 0 0.0439099 
node 1 1 1 3
node 2 1 1 1
node 3 3 1 1
node 4 1 0 2
node 9 1 0 0
node 19 1 0 0
gene 1 1 4 -0.466062 0 1 -0.466062 1
gene 3 2 4 4.49417 0 2 4.49417 1
gene 3 3 4 4.36926 0 3 4.36926 1
gene 2 3 9 2.21266 0 12 2.21266 1
gene 2 9 4 5.86134 0 13 5.86134 1
gene 2 1 9 -1.10484 0 19 -1.10484 1
gene 3 2 19 0.390379 0 40 0.390379 1
gene 3 19 4 -2.11369 0 41 -2.11369 1
gene 1 19 9 -3.97358 0 96 -3.97358 1
genomeend 107

/* Organism #108 Fitness: 8.79598 Error: 1.0342 */
genomestart 108
trait 1 0.1 0 0 0.337833 0 0 0 0 
trait 2 0.2 0 0 0 0 0 0 0 
trait 3 0.3 0.0850136 0 0.103034 0.00129992 0.0688422 0 0.0407735 
node 1 1 1 3
node 2 1 1 1
node 3 3 1 1
node 4 1 0 2
node 9 1 0 0
node 19 1 0 0
gene 1 1 4 -2.21915 0 1 -2.21915 1
gene 3 2 4 6.38066 0 2 6.38066 1
gene 3 3 4 2.64063 0 3 2.64063 1
gene 2 3 9 3.51846 0 12 3.51846 1
gene 2 9 4 6.56409 0 13 6.56409 1
gene 2 1 9 -0.0293805 0 19 -0.0293805 1
gene 3 2 19 -0.727451 0 40 -0.727451 1
gene 3 19 4 2.09251 0 41 2.09251 1
gene 1 19 9 -0.959699 0 96 -0.959699 1
genomeend 108

/* Organism #109 Fitness: 9 Error: 1 */
genomestart 109
trait 1 0.1 0 0 0.337833 0 0 0 0 
trait 2 0.2 0 0 0.358332 0 0 0 0 
trait 3 0.3 0.0850136 0 0.103034 0.00129992 0.0688422 0 0.0407735 
node 1 1 1 3
node 2 1 1 1
node 3 3 1 1
node 4 1 0 2
node 9 1 0 0
node 19 1 0 0
gene 1 1 4 -1.61764 0 1 -1.61764 1
gene 3 2 4 6.8593 0 2 6.8593 1
gene 3 3 4 4.82737 0 3 4.82737 1
gene 2 3 9 2.60503 0 12 2.60503 1
gene 2 9 4 2.60513 0 13 2.60513 1
gene 2 1 9 -0.799154 0 19 -0.799154 1
gene 3 2 19 -1.24289 0 40 -1.24289 1
gene 3 19 4 -3.08993 0 41 -3.08993 1
gene 1 19 9 -2.03436 0 96 -2.03436 1
genomeend 109

/* Organism #110 Fitness: 8.99999 Error: 1 */
genomestart 110
trait 1 0.1 0 0 0.331209 0 0 0 0 
trait 2 0.2 0 0 0.716665 0 0 0 0 
trait 3 0.3 0.0915531 0 0.11096 0.00139991 0.0741377 0 0.0439099 
node 1 1 1 3
node 2 1 1 1
node 3 3 1 1
node 4 1 0 2
node 9 1 0 0
node 19 1 0 0
gene 1 1 4 -1.01613 0 1 -1.01613 1
gene 3 2 4 6.16177 0 2 6.16177 1
gene 3 3 4 4.73156 0 3 4.73156 1
gene 2 3 9 2.70052 0 12 2.70052 1
gene 2 9 4 1.79176 0 13 1.79176 1
gene 2 1 9 -1.55611 0 19 -1.55611 1
gene 3 2 19 -1.09913 0 40 -1.09913 1
gene 3 19 4 -3.5681 0 41 -3.5681 1
gene 1 19 9 -2.02757 0 96 -2.02757 1
gene 3 2 9 -0.678207 0 145 -0.678207 1
genomeend 110

/* Organism #111 Fitness: 9 Error: 1 */
genomestart 111
trait 1 0.1 0 0 0.337833 0 0 0 0 
trait 2 0.2 0 0 0 0 0 0 0 
trait 3 0.3 0.0850136 0 0.103034 0.00129992 0.0688422 0 0.0407735 
node 1 1 1 3
node 2 1 1 1
node 3 3 1 1
node 4 1 0 2
node 9 1 0 0
node 19 1 0 0
gene 1 1 4 -2.21915 0 1 -2.21915 1
gene 3 2 4 6.71293 0 2 6.71293 1
gene 3 3 4 4.08848 0 3 4.08848 1
gene 2 3 9 2.50953 0 12 2.50953 1
gene 2 9 4 4.95165 0 13 4.95165 1
gene 2 1 9 -0.042201 0 19 -0.042201 1
gene 3 2 19 -1.38664 0 40 -1.38664 1
gene 3 19 4 -2.61177 0 41 -2.61177 1
gene 1 19 9 -2.04115 0 96 -2.04115 1
genomeend 111

/* Organism #112 Fitness: 9 Error: 1 */
genomestart 112
trait 1 0.1 0 0 0.331209 0 0 0 0 
trait 2 0.2 0 0 0.716665 0 0 0 0 
trait 3 0.3 0.0915531 0 0.11096 0.00139991 0.0741377 0 0.0439099 
node 1 1 1 3
node 2 1 1 1
node 3 3 1 1
node 4 1 0 2
node 9 1 0 0
node 19 1 0 0
gene 1 1 4 -1.36388 0 1 -1.36388 1
gene 3 2 4 5.61274 0 2 5.61274 1
gene 3 3 4 6.85803 0 3 6.85803 1
gene 2 3 9 1.29115 0 12 1.29115 1
gene 2 9 4 3.5476 0 13 3.5476 1
gene 2 1 9 -0.273645 0 19 -0.273645 1
gene 3 2 19 -0.971463 0 40 -0.971463 1
gene 3 19 4 -4.62264 0 41 -4.62264 1
gene 1 19 9 -0.022437 0 96 -0.022437 1
genomeend 112

/* Species #12 : (Size 9) (AF 5.2171) (Age 11)  */


/* Organism #113 Fitness: 8.86204 Error: 1.02308 */
genomestart 113
trait 1 0.1 0 0 0 0 0 0 0 
trait 2 0.2 0 0 0 0 0 0 0 
trait 3 0.3 0 0 0 0 0 0 0 
node 1 1 1 3
node 2 1 1 1
node 3 3 1 1
node 4 1 0 2
node 9 1 0 0
node 17 1 0 0
node 20 1 0 0
gene 1 1 4 -3.29306 0 1 -3.29306 1
gene 3 2 4 -1.49617 0 2 -1.49617 0
gene 3 3 4 -0.226009 0 3 -0.226009 1
gene 2 3 9 -0.378279 0 12 -0.378279 1
gene 2 9 4 1.98066 0 13 1.98066 0
gene 3 2 17 3.17743 0 35 3.17743 1
gene 3 17 4 3.34236 0 36 3.34236 1
gene 2 9 20 0.425831 0 43 0.425831 1
gene 2 20 4 1.00717 0 44 1.00717 1
gene 3 3 17 -4.66447 0 53 -4.66447 1
gene 1 2 9 0.599848 0 74 0.599848 1
genomeend 113

/* Organism #114 Fitness: 4 Error: 2 */
genomestart 114
trait 1 0.1 0 0 0 0 0 0 0 
trait 2 0.2 0 0 0 0 0 0 0 
trait 3 0.3 0 0 0 0 0 0 0 
node 1 1 1 3
node 2 1 1 1
node 3 3 1 1
node 4 1 0 2
node 9 1 0 0
node 17 1 0 0
node 20 1 0 0
gene 1 1 4 -2.55365 0 1 -2.55365 1
gene 3 2 4 0.139154 0 2 0.139154 1
gene 3 3 4 -2.08181 0 3 -2.08181 1
gene 2 3 9 0.97124 0 12 0.97124 1
gene 2 9 4 2.71813 0 13 2.71813 0
gene 3 2 17 2.67668 0 35 2.67668 1
gene 3 17 4 -0.505699 0 36 -0.505699 1
gene 2 9 20 1.11076 0 43 1.11076 1
gene 2 20 4 -1.08581 0 44 -1.08581 1
gene 3 3 17 -5.79661 0 53 -5.79661 1
gene 1 2 9 -0.165093 0 74 -0.165093 1
genomeend 114

/* Organism #115 Fitness: 8.51254 Error: 1.08237 */
genomestart 115
trait 1 0.1 0 0 0 0 0 0 0 
trait 2 0.2 0 0 0 0 0 0 0 
trait 3 0.3 0 0 0 0 0 0 0 
node 1 1 1 3
node 2 1 1 1
node 3 3 1 1
node 4 1 0 2
node 9 1 0 0
node 17 1 0 0
node 20 1 0 0
gene 1 1 4 -3.29306 0 1 -3.29306 1
gene 3 2 4 -3.26801 0 2 -3.26801 0
gene 3 3 4 0.361865 0 3 0.361865 1
gene 2 3 9 -0.366649 0 12 -0.366649 1
gene 2 9 4 -0.434295 0 13 -0.434295 0
gene 3 2 17 1.85204 0 35 1.85204 1
gene 3 17 4 5.62542 0 36 5.62542 1
gene 2 9 20 -1.60469 0 43 -1.60469 1
gene 2 20 4 -0.487517 0 44 -0.487517 1
gene 3 3 17 -4.2952 0 53 -4.2952 1
gene 1 2 9 0.997098 0 74 0.997098 1
genomeend 115

/* Organism #116 Fitness: 3.74745 Error: 2.06417 */
genomestart 116
trait 1 0.1 0 0 0 0 0 0 0 
trait 2 0.2 0 0 0 0 0 0 0 
trait 3 0.3 0 0 0 0 0 0 0 
node 1 1 1 3
node 2 1 1 1
node 3 3 1 1
node 4 1 0 2
node 9 1 0 0
node 17 1 0 0
node 20 1 0 0
gene 1 1 4 -3.04032 0 1 -3.04032 1
gene 3 2 4 -0.00734745 0 2 -0.00734745 0
gene 3 3 4 0.702654 0 3 0.702654 1
gene 2 3 9 1.57525 0 12 1.57525 1
gene 2 9 4 -0.0772681 0 13 -0.0772681 0
gene 3 2 17 5.1514 0 35 5.1514 1
gene 3 17 4 5.7692 0 36 5.7692 1
gene 2 9 20 -0.129261 0 43 -0.129261 1
gene 2 20 4 -0.922649 0 44 -0.922649 1
gene 3 3 17 -3.74584 0 53 -3.74584 1
gene 1 2 9 0.599848 0 74 0.599848 1
genomeend 116

/* Organism #117 Fitness: 4 Error: 2 */
genomestart 117
trait 1 0.1 0 0 0 0 0 0 0 
trait 2 0.2 0 0 0 0 0 0 0 
trait 3 0.3 0 0 0 0 0 0 0 
node 1 1 1 3
node 2 1 1 1
node 3 3 1 1
node 4 1 0 2
node 9 1 0 0
node 17 1 0 0
node 20 1 0 0
gene 1 1 4 -3.55391 0 1 -3.55391 1
gene 3 2 4 -2.99263 0 2 -2.99263 1
gene 3 3 4 -1.86782 0 3 -1.86782 1
gene 2 3 9 -0.866893 0 12 -0.866893 1
gene 2 9 4 -0.32948 0 13 -0.32948 0
gene 3 2 17 4.0774 0 35 4.0774 1
gene 3 17 4 1.60819 0 36 1.60819 1
gene 2 9 20 1.6611 0 43 1.6611 1
gene 2 20 4 -0.627408 0 44 -0.627408 1
gene 3 3 17 -4.03343 0 53 -4.03343 1
gene 1 2 9 -0.247509 0 74 -0.247509 1
genomeend 117

/* Organism #118 Fitness: 5.77414 Error: 1.59706 */
genomestart 118
trait 1 0.1 0 0 0 0 0 0 0 
trait 2 0.2 0 0 0 0 0 0 0 
trait 3 0.3 0 0 0 0 0 0 0 
node 1 1 1 3
node 2 1 1 1
node 3 3 1 1
node 4 1 0 2
node 9 1 0 0
node 17 1 0 0
node 20 1 0 0
gene 1 1 4 -4.29719 0 1 -4.29719 1
gene 3 2 4 -3.30195 0 2 -3.30195 0
gene 3 3 4 -2.68639 0 3 -2.68639 1
gene 2 3 9 -0.290242 0 12 -0.290242 1
gene 2 9 4 0.502856 0 13 0.502856 0
gene 3 2 17 2.37021 0 35 2.37021 1
gene 3 17 4 5.35827 0 36 5.35827 1
gene 2 9 20 0.198063 0 43 0.198063 1
gene 2 20 4 2.74052 0 44 2.74052 1
gene 3 3 17 -3.62533 0 53 -3.62533 1
gene 1 2 9 1.65588 0 74 1.65588 1
genomeend 118

/* Organism #119 Fitness: 4.00003 Error: 1.99999 */
genomestart 119
trait 1 0.1 0 0 0 0 0 0 0 
trait 2 0.2 0 0 0 0 0 0 0 
trait 3 0.3 0 0 0 0 0 0 0 
node 1 1 1 3
node 2 1 1 1
node 3 3 1 1
node 4 1 0 2
node 9 1 0 0
node 17 1 0 0
node 20 1 0 0
gene 1 1 4 -4.89505 0 1 -4.89505 1
gene 3 2 4 -0.378263 0 2 -0.378263 0
gene 3 3 4 1.95695 0 3 1.95695 1
gene 2 3 9 -0.333598 0 12 -0.333598 1
gene 2 9 4 3.59381 0 13 3.59381 0
gene 3 2 17 4.53754 0 35 4.53754 1
gene 3 17 4 2.2749 0 36 2.2749 1
gene 2 9 20 1.38849 0 43 1.38849 1
gene 2 20 4 0.375184 0 44 0.375184 1
gene 3 3 17 -5.03715 0 53 -5.03715 1
gene 1 2 9 -0.320753 0 74 -0.320753 1
genomeend 119

/* Organism #120 Fitness: 4.00966 Error: 1.99759 */
genomestart 120
trait 1 0.1 0 0 0 0 0 0 0 
trait 2 0.2 0 0 0 0 0 0 0 
trait 3 0.3 0 0 0 0 0 0 0 
node 1 1 1 3
node 2 1 1 1
node 3 3 1 1
node 4 1 0 2
node 9 1 0 0
node 17 1 0 0
node 20 1 0 0
gene 1 1 4 -4.45979 0 1 -4.45979 1
gene 3 2 4 -3.55755 0 2 -3.55755 0
gene 3 3 4 -1.30664 0 3 -1.30664 1
gene 2 3 9 -1.06074 0 12 -1.06074 1
gene 2 9 4 -0.337998 0 13 -0.337998 0
gene 3 2 17 4.77268 0 35 4.77268 1
gene 3 17 4 5.20411 0 36 5.20411 1
gene 2 9 20 -0.642429 0 43 -0.642429 1
gene 2 20 4 3.28414 0 44 3.28414 1
gene 3 3 17 -2.82612 0 53 -2.82612 1
gene 1 2 9 0.599848 0 74 0.599848 1
genomeend 120

/* Organism #121 Fitness: 4.048 Error: 1.98804 */
genomestart 121
trait 1 0.1 0 0 0 0 0 0 0 
trait 2 0.2 0 0 0 0 0 0 0 
trait 3 0.3 0 0 0 0 0 0 0 
node 1 1 1 3
node 2 1 1 1
node 3 3 1 1
node 4 1 0 2
node 9 1 0 0
node 17 1 0 0
node 20 1 0 0
gene 1 1 4 -2.58119 0 1 -2.58119 1
gene 3 2 4 -0.766202 0 2 -0.766202 0
gene 3 3 4 -1.87668 0 3 -1.87668 1
gene 2 3 9 -2.10397 0 12 -2.10397 1
gene 2 9 4 0.34711 0 13 0.34711 0
gene 3 2 17 3.43588 0 35 3.43588 1
gene 3 17 4 1.61202 0 36 1.61202 1
gene 2 9 20 -0.699352 0 43 -0.699352 1
gene 2 20 4 3.14626 0 44 3.14626 1
gene 3 3 17 -5.03353 0 53 -5.03353 1
gene 1 2 9 1.00302 0 74 1.00302 1
genomeend 121

/* Species #13 : (Size 11) (AF 6.85052) (Age 6)  */


/* Organism #122 Fitness: 8.99991 Error: 1.00002 */
genomestart 122
trait 1 0.1 0 0 0 0 0 0 0 
trait 2 0.2 0 0 0 0 0 0 0 
trait 3 0.3 0 0 0 0 0 0 0 
node 1 1 1 3
node 2 1 1 1
node 3 3 1 1
node 4 1 0 2
node 9 1 0 0
node 17 1 0 0
node 35 1 0 0
gene 1 1 4 -2.52264 0 1 -2.52264 1
gene 3 2 4 -6.38365 0 2 -6.38365 1
gene 3 3 4 6.65136 0 3 6.65136 1
gene 2 3 9 -2.60525 0 12 -2.60525 1
gene 2 9 4 -1.61881 0 13 -1.61881 1
gene 3 2 17 -1.36922 0 35 -1.36922 1
gene 3 17 4 -3.21889 0 36 -3.21889 1
gene 1 9 17 -2.54045 0 71 -2.54045 0
gene 1 9 35 -4.01224 0 92 -4.01224 1
gene 1 35 17 -1.42838 0 93 -1.42838 1
genomeend 122

/* Organism #123 Fitness: 8.99967 Error: 1.00006 */
genomestart 123
trait 1 0.1 0 0 0 0 0 0 0 
trait 2 0.2 0 0 0 0 0 0 0 
trait 3 0.3 0 0 0 0 0 0 0 
node 1 1 1 3
node 2 1 1 1
node 3 3 1 1
node 4 1 0 2
node 9 1 0 0
node 17 1 0 0
node 35 1 0 0
gene 1 1 4 -2.03899 0 1 -2.03899 1
gene 3 2 4 -7.30311 0 2 -7.30311 1
gene 3 3 4 5.57029 0 3 5.57029 1
gene 2 3 9 -3.63568 0 12 -3.63568 1
gene 2 9 4 -0.340823 0 13 -0.340823 1
gene 3 2 17 -2.20842 0 35 -2.20842 1
gene 3 17 4 -1.5473 0 36 -1.5473 1
gene 1 9 17 -2.06363 0 71 -2.06363 0
gene 1 9 35 -2.76881 0 92 -2.76881 1
gene 1 35 17 2.16289 0 93 2.16289 1
genomeend 123

/* Organism #124 Fitness: 4.00023 Error: 1.99994 */
genomestart 124
trait 1 0.1 0 0 0 0 0 0 0 
trait 2 0.2 0 0 0 0 0 0 0 
trait 3 0.3 0 0 0 0 0 0 0 
node 1 1 1 3
node 2 1 1 1
node 3 3 1 1
node 4 1 0 2
node 9 1 0 0
node 17 1 0 0
node 35 1 0 0
gene 1 1 4 -4.3692 0 1 -4.3692 1
gene 3 2 4 -6.70831 0 2 -6.70831 1
gene 3 3 4 4.26752 0 3 4.26752 1
gene 2 3 9 -1.35634 0 12 -1.35634 1
gene 2 9 4 -1.78407 0 13 -1.78407 1
gene 3 2 17 -1.87335 0 35 -1.87335 1
gene 3 17 4 -3.28228 0 36 -3.28228 1
gene 1 9 17 -4.23702 0 71 -4.23702 0
gene 1 9 35 -1.68004 0 92 -1.68004 1
gene 1 35 17 0.120316 0 93 0.120316 1
genomeend 124

/* Organism #125 Fitness: 4 Error: 2 */
genomestart 125
trait 1 0.1 0 0 0 0 0 0 0 
trait 2 0.2 0 0 0 0 0 0 0 
trait 3 0.3 0 0 0 0 0 0 0 
node 1 1 1 3
node 2 1 1 1
node 3 3 1 1
node 4 1 0 2
node 9 1 0 0
node 17 1 0 0
node 35 1 0 0
node 51 1 0 0
gene 1 1 4 -2.52264 0 1 -2.52264 1
gene 3 2 4 -6.38365 0 2 -6.38365 0
gene 3 3 4 4.79363 0 3 4.79363 1
gene 2 3 9 -2.60525 0 12 -2.60525 1
gene 2 9 4 0.449327 0 13 0.449327 1
gene 3 2 17 -1.36922 0 35 -1.36922 1
gene 3 17 4 -3.21889 0 36 -3.21889 1
gene 1 9 17 -2.54045 0 71 -2.54045 0
gene 1 9 35 -4.01224 0 92 -4.01224 1
gene 1 35 17 0.16966 0 93 0.16966 1
gene 3 2 51 1 0 146 0 1
gene 3 51 4 -6.38365 0 147 0 1
genomeend 125

/* Organism #126 Fitness: 1.08787 Error: 2.95699 */
genomestart 126
trait 1 0.1 0 0 0 0 0 0 0 
trait 2 0.2 0 0 0 0 0 0 0 
trait 3 0.3 0 0 0 0 0 0 0 
node 1 1 1 3
node 2 1 1 1
node 3 3 1 1
node 4 1 0 2
node 9 1 0 0
node 17 1 0 0
node 35 1 0 0
gene 1 1 4 0.20571 0 1 0.20571 1
gene 3 2 4 -7.27869 0 2 -7.27869 1
gene 3 3 4 -2.27997 0 3 -2.27997 1
gene 2 3 9 -4.7793 0 12 -4.7793 1
gene 2 9 4 1.12093 0 13 1.12093 1
gene 3 2 17 -1.20823 0 35 -1.20823 1
gene 3 17 4 -0.223099 0 36 -0.223099 1
gene 1 9 17 -2.60118 0 71 -2.60118 0
gene 1 9 35 1.18586 0 92 1.18586 1
gene 1 35 17 0.0956078 0 93 0.0956078 1
genomeend 126

/* Organism #127 Fitness: 8.98708 Error: 1.00215 */
genomestart 127
trait 1 0.1 0 0 0 0 0 0 0 
trait 2 0.2 0 0 0 0 0 0 0 
trait 3 0.3 0.946297 0 0.842698 0 0 0 0 
node 1 1 1 3
node 2 1 1 1
node 3 3 1 1
node 4 1 0 2
node 9 1 0 0
node 17 1 0 0
node 35 1 0 0
gene 1 1 4 -1.3573 0 1 -1.3573 1
gene 3 2 4 -4.05746 0 2 -4.05746 1
gene 3 3 4 2.52909 0 3 2.52909 1
gene 2 3 9 -5.09775 0 12 -5.09775 1
gene 2 9 4 -0.895868 0 13 -0.895868 1
gene 3 2 17 -1.13887 0 35 -1.13887 1
gene 3 17 4 0.0976035 0 36 0.0976035 1
gene 1 9 17 -1.22526 0 71 -1.22526 0
gene 1 9 35 -4.00525 0 92 -4.00525 1
gene 1 35 17 1.14271 0 93 1.14271 1
genomeend 127

/* Organism #128 Fitness: 8.23467 Error: 1.13039 */
genomestart 128
trait 1 0.1 0 0 0 0 0 0 0 
trait 2 0.2 0 0 0 0 0 0 0 
trait 3 0.3 0 0 0 0 0 0 0 
node 1 1 1 3
node 2 1 1 1
node 3 3 1 1
node 4 1 0 2
node 9 1 0 0
node 17 1 0 0
node 35 1 0 0
gene 1 1 4 -2.63634 0 1 -2.63634 1
gene 3 2 4 -2.19107 0 2 -2.19107 1
gene 3 3 4 2.95077 0 3 2.95077 1
gene 2 3 9 -2.60525 0 12 -2.60525 1
gene 2 9 4 -1.19336 0 13 -1.19336 1
gene 3 2 17 -0.317162 0 35 -0.317162 1
gene 3 17 4 2.46801 0 36 2.46801 1
gene 1 9 17 -2.55852 0 71 -2.55852 0
gene 1 9 35 -1.76022 0 92 -1.76022 1
gene 1 35 17 -1.42838 0 93 -1.42838 1
genomeend 128

/* Organism #129 Fitness: 8.99991 Error: 1.00002 */
genomestart 129
trait 1 0.1 0 0 0 0 0 0 0 
trait 2 0.2 0 0 0 0 0 0 0 
trait 3 0.3 0 0 0 0 0 0 0 
node 1 1 1 3
node 2 1 1 1
node 3 3 1 1
node 4 1 0 2
node 9 1 0 0
node 17 1 0 0
node 35 1 0 0
gene 1 1 4 -2.52264 0 1 -2.52264 1
gene 3 2 4 -6.38365 0 2 -6.38365 1
gene 3 3 4 6.65136 0 3 6.65136 1
gene 2 3 9 -2.60525 0 12 -2.60525 1
gene 2 9 4 -1.61881 0 13 -1.61881 1
gene 3 2 17 -1.36922 0 35 -1.36922 1
gene 3 17 4 -3.21889 0 36 -3.21889 1
gene 1 9 17 -2.54045 0 71 -2.54045 0
gene 1 9 35 -4.01224 0 92 -4.01224 1
gene 1 35 17 -1.42838 0 93 -1.42838 1
genomeend 129

/* Organism #130 Fitness: 4.04662 Error: 1.98838 */
genomestart 130
trait 1 0.1 0 0 0 0 0 0 0 
trait 2 0.2 0 0 0 0 0 0 0 
trait 3 0.3 0 0 0 0 0 0 0 
node 1 1 1 3
node 2 1 1 1
node 3 3 1 1
node 4 1 0 2
node 9 1 0 0
node 17 1 0 0
node 35 1 0 0
gene 1 1 4 -1.05501 0 1 -1.05501 1
gene 3 2 4 -5.33972 0 2 -5.33972 1
gene 3 3 4 7.79515 0 3 7.79515 1
gene 2 3 9 -1.50282 0 12 -1.50282 1
gene 2 9 4 -2.39029 0 13 -2.39029 1
gene 3 2 17 0.287886 0 35 0.287886 1
gene 1 17 4 -0.953801 0 36 -0.953801 1
gene 1 9 17 -0.648749 0 71 -0.648749 0
gene 1 9 35 -1.87396 0 92 -1.87396 1
gene 1 35 17 -0.543606 0 93 -0.543606 1
genomeend 130

/* Organism #131 Fitness: 8.99999 Error: 1 */
genomestart 131
trait 1 0.1 0 0 0 0 0 0 0 
trait 2 0.2 0 0.220813 0.106551 0 0 0 0 
trait 3 0.3 0 0 0 0 0 0 0 
node 1 1 1 3
node 2 1 1 1
node 3 3 1 1
node 4 1 0 2
node 9 1 0 0
node 17 1 0 0
node 35 2 0 0
gene 1 1 4 -2.72947 0 1 -2.72947 1
gene 3 2 4 -8 0 2 -8 1
gene 3 3 4 6.43295 0 3 6.43295 1
gene 2 3 9 -5.18159 0 12 -5.18159 1
gene 2 9 4 0.402231 0 13 0.402231 1
gene 3 2 17 0.524552 0 35 0.524552 1
gene 3 17 4 -0.525887 0 36 -0.525887 1
gene 1 9 17 -5.02936 0 71 -5.02936 0
gene 1 9 35 -4.5014 0 92 -4.5014 1
gene 1 35 17 2.13885 0 93 2.13885 1
genomeend 131

/* Organism #132 Fitness: 8.99978 Error: 1.00004 */
genomestart 132
trait 1 0.1 0 0 0 0 0 0 0 
trait 2 0.2 0 0 0 0 0 0 0 
trait 3 0.3 0 0 0 0 0 0 0 
node 1 1 1 3
node 2 1 1 1
node 3 3 1 1
node 4 1 0 2
node 9 1 0 0
node 17 1 0 0
node 35 1 0 0
gene 1 1 4 -3.7995 0 1 -3.7995 1
gene 3 2 4 -5.71407 0 2 -5.71407 1
gene 3 3 4 7.4435 0 3 7.4435 1
gene 2 3 9 -4.37585 0 12 -4.37585 1
gene 2 9 4 -2.01743 0 13 -2.01743 1
gene 3 2 17 -2.57622 0 35 -2.57622 1
gene 3 17 4 -3.48408 0 36 -3.48408 1
gene 1 9 17 -0.570881 0 71 -0.570881 0
gene 1 9 35 -3.67918 0 92 -3.67918 1
gene 1 35 17 -1.42838 0 93 -1.42838 1
genomeend 132

/* Species #14 : (Size 9) (AF 7.53345) (Age 6)  */


/* Organism #133 Fitness: 8.9995 Error: 1.00008 */
genomestart 133
trait 1 0.1 0 0.0226084 0.199794 0 0 0 0.114015 
trait 2 0.2 0 0 0 0 0 0 0 
trait 3 0.3 0.313896 0 0.380435 0.0047997 0.254186 0 0.150548 
node 1 1 1 3
node 2 1 1 1
node 3 3 1 1
node 4 1 0 2
node 9 1 0 0
node 19 1 0 0
node 31 1 0 0
gene 1 1 4 1.70664 0 1 1.70664 1
gene 3 2 4 3.16907 0 2 3.16907 1
gene 3 3 4 1.84005 0 3 1.84005 1
gene 2 3 9 -2.05477 0 12 -2.05477 0
gene 2 9 4 6.37795 0 13 6.37795 1
gene 2 1 9 0.214672 0 19 0.214672 1
gene 3 2 19 -1.91012 0 40 -1.91012 1
gene 3 19 4 -7.22833 0 41 -7.22833 1
gene 2 3 31 -0.556505 0 80 -0.556505 1
gene 2 31 9 -4.20097 0 81 -4.20097 1
gene 2 3 19 -1.73448 0 95 -1.73448 1
genomeend 133

/* Organism #134 Fitness: 8.9995 Error: 1.00008 */
genomestart 134
trait 1 0.1 0 0.0226084 0.199794 0 0 0 0.114015 
trait 2 0.2 0 0 0 0 0 0 0 
trait 3 0.3 0.313896 0 0.380435 0.0047997 0.254186 0 0.150548 
node 1 1 1 3
node 2 1 1 1
node 3 3 1 1
node 4 1 0 2
node 9 1 0 0
node 19 1 0 0
node 31 1 0 0
gene 1 1 4 1.70664 0 1 1.70664 1
gene 3 2 4 3.16907 0 2 3.16907 1
gene 3 3 4 1.84005 0 3 1.84005 1
gene 2 3 9 -2.05477 0 12 -2.05477 0
gene 2 9 4 6.37795 0 13 6.37795 1
gene 2 1 9 0.214672 0 19 0.214672 1
gene 3 2 19 -1.91012 0 40 -1.91012 1
gene 3 19 4 -7.22833 0 41 -7.22833 1
gene 2 3 31 -0.556505 0 80 -0.556505 1
gene 2 31 9 -4.20097 0 81 -4.20097 1
gene 2 3 19 -1.73448 0 95 -1.73448 1
genomeend 134

/* Organism #135 Fitness: 3.99999 Error: 2 */
genomestart 135
trait 1 0.1 0 0.0452168 0.399589 0 0 0 0.22803 
trait 2 0.2 0 0 0 0 0 0 0 
trait 3 0.3 0.313896 0 0.380435 0.0047997 0.254186 0 0.150548 
node 1 1 1 3
node 2 1 1 1
node 3 3 1 1
node 4 1 0 2
node 9 1 0 0
node 19 1 0 0
node 31 1 0 0
gene 1 1 4 0.38648 0 1 0.38648 1
gene 3 2 4 0.535175 0 2 0.535175 1
gene 3 3 4 2.43981 0 3 2.43981 1
gene 2 3 9 -2.36699 0 12 -2.36699 1
gene 2 9 4 5.10401 0 13 5.10401 1
gene 2 1 9 -1.20542 0 19 -1.20542 1
gene 3 2 19 0.0910799 0 40 0.0910799 1
gene 3 19 4 -6.46581 0 41 -6.46581 1
gene 2 3 31 0.421618 0 80 0.421618 1
gene 2 31 9 0.213925 0 81 0.213925 1
gene 2 3 19 -1.72798 0 95 -1.72798 1
genomeend 135

/* Organism #136 Fitness: 8.9993 Error: 1.00012 */
genomestart 136
trait 1 0.1 0 0.0452168 0.399589 0 0 0 0.22803 
trait 2 0.2 0 0 0 0 0 0 0 
trait 3 0.3 0.313896 0 0.380435 0.0047997 0.254186 0 0.150548 
node 1 1 1 3
node 2 1 1 1
node 3 3 1 1
node 4 1 0 2
node 9 1 0 0
node 19 1 0 0
node 31 1 0 0
gene 1 1 4 1.7182 0 1 1.7182 1
gene 3 2 4 2.84734 0 2 2.84734 1
gene 3 3 4 1.93637 0 3 1.93637 1
gene 2 3 9 -0.85351 0 12 -0.85351 1
gene 2 9 4 6.24817 0 13 6.24817 1
gene 2 1 9 -0.96102 0 19 -0.96102 1
gene 3 2 19 -2.03034 0 40 -2.03034 1
gene 3 19 4 -7.11191 0 41 -7.11191 1
gene 2 3 31 -0.573815 0 80 -0.573815 1
gene 2 31 9 -3.78448 0 81 -3.78448 1
gene 2 3 19 -1.80016 0 95 -1.80016 1
genomeend 136

/* Organism #137 Fitness: 3.53248 Error: 2.12051 */
genomestart 137
trait 1 0.1 0 0.0678251 0.599383 0 0 0 0.342045 
trait 2 0.2 0 0 0 0 0 0 0 
trait 3 0.3 0.313896 0 0.380435 0.0047997 0.254186 0 0.150548 
node 1 1 1 3
node 2 1 1 1
node 3 3 1 1
node 4 1 0 2
node 9 1 0 0
node 19 1 0 0
node 31 1 0 0
gene 1 1 4 0.133683 0 1 0.133683 1
gene 3 2 4 -0.759433 0 2 -0.759433 0
gene 3 3 4 5.56972 0 3 5.56972 1
gene 2 3 9 -0.741423 0 12 -0.741423 0
gene 2 9 4 -1.58731 0 13 -1.58731 1
gene 2 1 9 -2.38922 0 19 -2.38922 1
gene 3 2 19 -0.302294 0 40 -0.302294 1
gene 3 19 4 0.541299 0 41 0.541299 1
gene 3 3 31 -0.466195 0 80 -0.466195 1
gene 2 31 9 0.759878 0 81 0.759878 0
gene 2 3 19 -0.63733 0 95 -0.63733 1
genomeend 137

/* Organism #138 Fitness: 8.72251 Error: 1.04661 */
genomestart 138
trait 1 0.1 0 0.0226084 0.199794 0 0 0 0.114015 
trait 2 0.2 0 0 0 0 0 0 0 
trait 3 0.3 0.313896 0 0.380435 0.0047997 0.254186 0 0.150548 
node 1 1 1 3
node 2 1 1 1
node 3 3 1 1
node 4 1 0 2
node 9 1 0 0
node 19 1 0 0
node 31 1 0 0
gene 1 1 4 2.24819 0 1 2.24819 1
gene 3 2 4 1.4158 0 2 1.4158 1
gene 3 3 4 3.82428 0 3 3.82428 1
gene 2 3 9 -0.761412 0 12 -0.761412 0
gene 2 9 4 4.56 0 13 4.56 1
gene 2 1 9 -1.4408 0 19 -1.4408 1
gene 3 2 19 -2.83832 0 40 -2.83832 1
gene 3 19 4 -5.72221 0 41 -5.72221 1
gene 2 3 31 -2.72947 0 80 -2.72947 1
gene 2 31 9 -4.20097 0 81 -4.20097 1
gene 2 3 19 -2.95529 0 95 -2.95529 1
genomeend 138

/* Organism #139 Fitness: 8.99139 Error: 1.00143 */
genomestart 139
trait 1 0.1 0 0.0565209 0.499486 0 0 0 0.285037 
trait 2 0.2 0 0 0 0 0 0 0 
trait 3 0.3 0.313896 0 0.380435 0.0047997 0.254186 0 0.150548 
node 1 1 1 3
node 2 1 1 1
node 3 3 1 1
node 4 1 0 2
node 9 1 0 0
node 19 1 0 0
node 31 1 0 0
gene 1 1 4 1.54224 0 1 1.54224 1
gene 3 2 4 1.408 0 2 1.408 1
gene 3 3 4 1.87504 0 3 1.87504 1
gene 2 3 9 1.74575 0 12 1.74575 1
gene 2 9 4 3.4809 0 13 3.4809 1
gene 2 1 9 -3.6834 0 19 -3.6834 1
gene 3 2 19 -1.90021 0 40 -1.90021 1
gene 3 19 4 -5.74298 0 41 -5.74298 1
gene 3 3 31 -0.45273 0 80 -0.45273 1
gene 2 31 9 -2.23982 0 81 -2.23982 0
gene 2 3 19 -2.86303 0 95 -2.86303 1
genomeend 139

/* Organism #140 Fitness: 6.55694 Error: 1.43935 */
genomestart 140
trait 1 0.1 0 0.0452168 0.399589 0 0 0 0.22803 
trait 2 0.2 0 0 0 0 0 0 0 
trait 3 0.3 0.313896 0 0.380435 0.0047997 0.254186 0 0.150548 
node 1 1 1 3
node 2 1 1 1
node 3 3 1 1
node 4 1 0 2
node 9 1 0 0
node 19 1 0 0
node 31 1 0 0
gene 1 1 4 1.24822 0 1 1.24822 1
gene 3 2 4 1.71364 0 2 1.71364 0
gene 3 3 4 3.97058 0 3 3.97058 1
gene 2 3 9 -0.748951 0 12 -0.748951 0
gene 2 9 4 3.09408 0 13 3.09408 1
gene 2 1 9 0.0898801 0 19 0.0898801 1
gene 3 2 19 -1.2407 0 40 -1.2407 1
gene 3 19 4 -6.36329 0 41 -6.36329 1
gene 2 3 31 -1.83954 0 80 -1.83954 1
gene 2 31 9 -0.513913 0 81 -0.513913 0
gene 2 3 19 -0.732957 0 95 -0.732957 1
genomeend 140

/* Organism #141 Fitness: 8.99941 Error: 1.0001 */
genomestart 141
trait 1 0.1 0 0.0339126 0.299692 0 0 0 0.171022 
trait 2 0.2 0 0 0 0 0 0 0 
trait 3 0.3 0.313896 0 0.380435 0.0047997 0.254186 0 0.150548 
node 1 1 1 3
node 2 1 1 1
node 3 3 1 1
node 4 1 0 2
node 9 1 0 0
node 19 1 0 0
node 31 1 0 0
gene 1 1 4 1.71242 0 1 1.71242 1
gene 3 2 4 3.0082 0 2 3.0082 1
gene 3 3 4 1.88821 0 3 1.88821 1
gene 2 3 9 -1.45414 0 12 -1.45414 1
gene 2 9 4 6.31306 0 13 6.31306 1
gene 2 1 9 -0.373174 0 19 -0.373174 1
gene 3 2 19 -1.97023 0 40 -1.97023 1
gene 3 19 4 -7.17012 0 41 -7.17012 1
gene 2 3 31 -0.56516 0 80 -0.56516 1
gene 2 31 9 -3.99273 0 81 -3.99273 1
gene 2 3 19 -1.76732 0 95 -1.76732 1
genomeend 141

/* Species #15 : (Size 8) (AF 4.09767) (Age 3)  */


/* Organism #142 Fitness: 7.30369 Error: 1.29747 */
genomestart 142
trait 1 0.1 0 0.0452168 0.399589 0 0 0 0.22803 
trait 2 0.2 0 0 0 0 0 0 0 
trait 3 0.3 0.313896 0 0.380435 0.0047997 0.254186 0 0.150548 
node 1 1 1 3
node 2 1 1 1
node 3 3 1 1
node 4 1 0 2
node 9 1 0 0
node 19 1 0 0
node 31 1 0 0
node 37 1 0 0
gene 1 1 4 0.179669 0 1 0.179669 1
gene 3 2 4 4.49574 0 2 4.49574 0
gene 3 3 4 4.9668 0 3 4.9668 1
gene 2 3 9 -0.389929 0 12 -0.389929 0
gene 2 9 4 7.05771 0 13 7.05771 1
gene 2 1 9 -4.80033 0 19 -4.80033 1
gene 2 2 19 -5.47014 0 40 -5.47014 1
gene 3 19 4 -2.48784 0 41 -2.48784 1
gene 2 3 31 6.0561 0 80 6.0561 1
gene 2 31 9 1.24381 0 81 1.24381 1
gene 2 3 19 -1.99656 0 95 -1.99656 1
gene 2 31 37 0.0861404 0 104 0.0861404 1
gene 2 37 9 -4.46157 0 105 -4.46157 1
genomeend 142

/* Organism #143 Fitness: 4.00095 Error: 1.99976 */
genomestart 143
trait 1 0.1 0 0.0452168 0.399589 0 0 0 0.22803 
trait 2 0.2 0 0 0 0 0 0 0 
trait 3 0.3 0.313896 0 0.380435 0.0047997 0.254186 0 0.150548 
node 1 1 1 3
node 2 1 1 1
node 3 3 1 1
node 4 1 0 2
node 9 1 0 0
node 19 1 0 0
node 31 1 0 0
node 37 1 0 0
gene 1 1 4 -1.6881 0 1 -1.6881 1
gene 3 2 4 6.08298 0 2 6.08298 0
gene 3 3 4 2.46929 0 3 2.46929 1
gene 2 3 9 1.7059 0 12 1.7059 1
gene 2 9 4 6.93767 0 13 6.93767 1
gene 2 1 9 -5.34968 0 19 -5.34968 1
gene 2 2 19 -6.81331 0 40 -6.81331 1
gene 3 19 4 -1.44376 0 41 -1.44376 1
gene 2 3 31 7.1866 0 80 7.1866 1
gene 2 31 9 2.89522 0 81 2.89522 1
gene 2 3 19 -4.05413 0 95 -4.05413 1
gene 2 31 37 -1.56726 0 104 -1.56726 1
gene 2 37 9 -3.48989 0 105 -3.48989 1
genomeend 143

/* Organism #144 Fitness: 4.00522 Error: 1.99869 */
genomestart 144
trait 1 0.1 0 0.0452168 0.399589 0 0 0 0.22803 
trait 2 0.2 0 0 0 0 0 0 0 
trait 3 0.3 1 0 0 0.475721 0.3461 0 0.150548 
node 1 1 1 3
node 2 1 1 1
node 3 3 1 1
node 4 1 0 2
node 9 1 0 0
node 19 1 0 0
node 31 1 0 0
node 37 1 0 0
gene 1 1 4 -1.34985 0 1 -1.34985 1
gene 3 2 4 -0.63417 0 2 -0.63417 0
gene 3 3 4 5.52243 0 3 5.52243 1
gene 2 3 9 0.647478 0 12 0.647478 0
gene 2 9 4 6.46205 0 13 6.46205 1
gene 2 1 9 -1.53714 0 19 -1.53714 1
gene 2 2 19 -4.05198 0 40 -4.05198 1
gene 3 19 4 -2.66326 0 41 -2.66326 1
gene 2 3 31 1.10019 0 80 1.10019 1
gene 2 31 9 -0.241039 0 81 -0.241039 1
gene 2 3 19 -2.07403 0 95 -2.07403 1
gene 2 31 37 -2.15301 0 104 -2.15301 1
gene 2 37 9 -2.38552 0 105 -2.38552 1
genomeend 144

/* Organism #145 Fitness: 3.25394 Error: 2.19613 */
genomestart 145
trait 1 0.1 0 0.0452168 0.399589 0 0 0 0.22803 
trait 2 0.2 0 0 0 0 0 0 0 
trait 3 0.3 1 0 0 0.475721 0.3461 0 0.150548 
node 1 1 1 3
node 2 1 1 1
node 3 3 1 1
node 4 1 0 2
node 9 1 0 0
node 19 1 0 0
node 31 1 0 0
node 37 1 0 0
gene 1 1 4 -0.738184 0 1 -0.738184 1
gene 3 2 4 3.75335 0 2 3.75335 0
gene 3 3 4 3.93993 0 3 3.93993 1
gene 2 3 9 -0.885372 0 12 -0.885372 0
gene 2 9 4 4.7687 0 13 4.7687 1
gene 2 1 9 -6.25711 0 19 -6.25711 1
gene 2 2 19 -7.59705 0 40 -7.59705 1
gene 3 19 4 0.966651 0 41 0.966651 1
gene 2 3 31 5.46548 0 80 5.46548 1
gene 2 31 9 1.01468 0 81 1.01468 1
gene 2 3 19 0.631558 0 95 0.631558 1
gene 2 31 37 0.224959 0 104 0.224959 1
gene 2 37 9 1.23111 0 105 1.23111 1
genomeend 145

/* Organism #146 Fitness: 4.00039 Error: 1.9999 */
genomestart 146
trait 1 0.1 0 0.0452168 0.399589 0 0 0 0.22803 
trait 2 0.2 0 0 0 0 0 0 0 
trait 3 0.3 0.313896 0 0.380435 0.0047997 0.254186 0 0.150548 
node 1 1 1 3
node 2 1 1 1
node 3 3 1 1
node 4 1 0 2
node 9 1 0 0
node 19 1 0 0
node 31 1 0 0
node 37 1 0 0
gene 1 1 4 -1.73868 0 1 -1.73868 1
gene 3 2 4 4.13334 0 2 4.13334 0
gene 3 3 4 5.34927 0 3 5.34927 1
gene 2 3 9 1.9109 0 12 1.9109 0
gene 2 9 4 8 0 13 8 1
gene 2 1 9 -3.66278 0 19 -3.66278 1
gene 2 2 19 -6.22528 0 40 -6.22528 1
gene 3 19 4 -0.288992 0 41 -0.288992 1
gene 2 3 31 6.06759 0 80 6.06759 1
gene 2 31 9 3.14334 0 81 3.14334 1
gene 2 3 19 -1.05173 0 95 -1.05173 1
gene 2 31 37 0.0861404 0 104 0.0861404 1
gene 2 37 9 -5.56032 0 105 -5.56032 1
genomeend 146

/* Organism #147 Fitness: 4.03523 Error: 1.99121 */
genomestart 147
trait 1 0.1 0 0.0452168 0.399589 0 0 0 0.22803 
trait 2 0.2 0 0 0 0 0 0 0 
trait 3 0.3 0.656948 0 0.190217 0.24026 0.300143 0 0.150548 
node 1 1 1 3
node 2 1 1 1
node 3 3 1 1
node 4 1 0 2
node 9 1 0 0
node 19 1 0 0
node 31 1 0 0
node 37 1 0 0
gene 1 1 4 -0.919973 0 1 -0.919973 1
gene 3 2 4 2.4188 0 2 2.4188 0
gene 3 3 4 3.11706 0 3 3.11706 1
gene 2 3 9 -1.53694 0 12 -1.53694 0
gene 2 9 4 4.97705 0 13 4.97705 1
gene 2 1 9 -4.39744 0 19 -4.39744 1
gene 2 2 19 -5.53747 0 40 -5.53747 1
gene 3 19 4 -0.709687 0 41 -0.709687 1
gene 2 3 31 4.14992 0 80 4.14992 1
gene 2 31 9 0.734966 0 81 0.734966 1
gene 1 3 19 -4.25992 0 95 -4.25992 1
gene 2 31 37 1.16115 0 104 1.16115 1
gene 2 37 9 -1.43426 0 105 -1.43426 1
genomeend 147

/* Organism #148 Fitness: 1.00141 Error: 2.99929 */
genomestart 148
trait 1 0.1 0 0.0452168 0.399589 0 0 0 0.22803 
trait 2 0.2 0 0 0 0 0 0 0 
trait 3 0.3 0.313896 0 0.380435 0.0047997 0.254186 0 0.150548 
node 1 1 1 3
node 2 1 1 1
node 3 3 1 1
node 4 1 0 2
node 9 1 0 0
node 19 1 0 0
node 31 1 0 0
node 37 1 0 0
gene 1 1 4 -1.84694 0 1 -1.84694 1
gene 3 2 4 4.31253 0 2 4.31253 0
gene 3 3 4 3.94156 0 3 3.94156 1
gene 2 3 9 0.353642 0 12 0.353642 0
gene 2 9 4 6.28809 0 13 6.28809 1
gene 2 1 9 -4.81851 0 19 -4.81851 1
gene 2 2 19 -7.41103 0 40 -7.41103 1
gene 3 19 4 -4.50814 0 41 -4.50814 1
gene 2 3 31 8 0 80 8 1
gene 2 31 9 -0.285917 0 81 -0.285917 1
gene 2 3 19 0.283967 0 95 0.283967 1
gene 2 31 37 -0.437959 0 104 -0.437959 1
gene 2 37 9 -4.04867 0 105 -4.04867 1
genomeend 148

/* Organism #149 Fitness: 5.1805 Error: 1.72393 */
genomestart 149
trait 1 0.1 0 0.0452168 0.399589 0 0 0 0.22803 
trait 2 0.2 0 0 0 0 0 0 0 
trait 3 0.3 0.313896 0 0.380435 0.0047997 0.254186 0 0.150548 
node 1 1 1 3
node 2 1 1 1
node 3 3 1 1
node 4 1 0 2
node 9 1 0 0
node 19 1 0 0
node 31 1 0 0
node 37 1 0 0
gene 1 1 4 -0.195757 0 1 -0.195757 1
gene 3 2 4 3.03526 0 2 3.03526 0
gene 3 3 4 5.86544 0 3 5.86544 1
gene 2 3 9 0.431713 0 12 0.431713 1
gene 2 9 4 7.05771 0 13 7.05771 1
gene 2 1 9 -6.09901 0 19 -6.09901 1
gene 2 2 19 -5.67593 0 40 -5.67593 1
gene 3 19 4 -4.11485 0 41 -4.11485 1
gene 2 3 31 5.5349 0 80 5.5349 1
gene 2 31 9 2.76509 0 81 2.76509 1
gene 2 3 19 -1.3387 0 95 -1.3387 1
gene 2 31 37 -0.895738 0 104 -0.895738 1
gene 2 37 9 -2.37041 0 105 -2.37041 1
genomeend 149
