
/* Species #1 : (Size 14) (AF 8.28135) (Age 20)  */


/* Organism #0 Fitness: 9 Error: 1 */
genomestart 0
trait 1 0.1 0 0 0 0 0 0 0 
trait 2 0.172537 0 0 0 0.197391 0.461876 0.329301 0.148727 
trait 3 0.3 0 0 0 0 0 0 0 
node 1 2 1 3
node 2 1 1 1
node 3 3 1 1
node 4 3 0 2
gene 2 1 4 -3.89424 0 1 -3.89424 1
gene 1 2 4 8 0 2 8 1
gene 3 3 4 8 0 3 8 1
genomeend 0

/* Organism #1 Fitness: 8.99999 Error: 1 */
genomestart 1
trait 1 0.1 0 0 0 0 0 0 0 
trait 2 0.174253 0 0 0 0.212557 0.447328 0.30872 0.139432 
trait 3 0.3 0 0 0 0 0 0 0 
node 1 2 1 3
node 2 1 1 1
node 3 3 1 1
node 4 3 0 2
gene 3 1 4 -2.8358 0 1 -2.8358 1
gene 1 2 4 8 0 2 8 1
gene 3 3 4 8 0 3 8 1
genomeend 1

/* Organism #2 Fitness: 8.99985 Error: 1.00002 */
genomestart 2
trait 1 0.1 0 0 0 0 0 0 0 
trait 2 0.177686 0 0 0 0.24289 0.418232 0.267557 0.120841 
trait 3 0.3 0 0 0 0 0 0 0 
node 1 2 1 3
node 2 1 1 1
node 3 3 1 1
node 4 3 0 2
gene 3 1 4 -2.15651 0 1 -2.15651 1
gene 1 2 4 8 0 2 8 1
gene 3 3 4 8 0 3 8 1
genomeend 2

/* Organism #3 Fitness: 9 Error: 1 */
genomestart 3
trait 1 0.1 0 0 0 0 0 0 0 
trait 2 0.17597 0 0 0 0.227724 0.43278 0.288139 0.130136 
trait 3 0.3 0 0 0 0 0 0 0 
node 1 2 1 3
node 2 1 1 1
node 3 3 1 1
node 4 3 0 2
gene 2 1 4 -3.89424 0 1 -3.89424 1
gene 1 2 4 8 0 2 8 1
gene 3 3 4 8 0 3 8 1
genomeend 3

/* Organism #4 Fitness: 9 Error: 1 */
genomestart 4
trait 1 0.1 0 0 0 0 0 0 0 
trait 2 0.177686 0 0 0 0.24289 0.418232 0.267557 0.120841 
trait 3 0.3 0 0 0 0 0 0 0 
node 1 2 1 3
node 2 1 1 1
node 3 3 1 1
node 4 2 0 2
gene 3 1 4 -4.03252 0 1 -4.03252 1
gene 1 2 4 8 0 2 8 1
gene 3 3 4 8 0 3 8 1
genomeend 4

/* Organism #5 Fitness: 4.00011 Error: 1.99997 */
genomestart 5
trait 1 0.1 0 0 0 0 0 0 0 
trait 2 0.17597 0 0 0 0.227724 0.43278 0.288139 0.130136 
trait 3 0.3 0 0 0 0 0 0 0 
node 1 2 1 3
node 2 1 1 1
node 3 3 1 1
node 4 3 0 2
gene 3 1 4 -5.21337 0 1 -5.21337 1
gene 2 2 4 -0.484432 0 2 -0.484432 1
gene 3 3 4 7.80341 0 3 7.80341 1
genomeend 5

/* Organism #6 Fitness: 9 Error: 1 */
genomestart 6
trait 1 0.1 0 0 0 0 0 0 0 
trait 2 0.179403 0 0 0 0.258056 0.403684 0.246976 0.111545 
trait 3 0.3 0 0 0 0 0 0 0 
node 1 2 1 3
node 2 1 1 1
node 3 3 1 1
node 4 3 0 2
gene 3 1 4 -4.07862 0 1 -4.07862 1
gene 1 2 4 8 0 2 8 1
gene 3 3 4 8 0 3 8 1
genomeend 6

/* Organism #7 Fitness: 8.99999 Error: 1 */
genomestart 7
trait 1 0.1 0 0 0 0 0 0 0 
trait 2 0.172537 0 0 0 0.197391 0.461876 0.329301 0.148727 
trait 3 0.3 0 0 0 0 0 0 0 
node 1 2 1 3
node 2 1 1 1
node 3 3 1 1
node 4 3 0 2
gene 2 1 4 -5.09121 0 1 -5.09121 1
gene 1 2 4 8 0 2 8 1
gene 3 3 4 8 0 3 8 1
genomeend 7

/* Organism #8 Fitness: 8.99932 Error: 1.00011 */
genomestart 8
trait 1 0.1 0 0 0 0 0 0 0 
trait 2 0.179403 0 0 0 0.258056 0.403684 0.246976 0.111545 
trait 3 0.3 0 0 0 0 0 0 0 
node 1 2 1 3
node 2 1 1 1
node 3 3 1 1
node 4 3 0 2
gene 3 1 4 -4.66032 0 1 -4.66032 1
gene 1 2 4 7.2659 0 2 7.2659 1
gene 3 3 4 6.5096 0 3 6.5096 1
genomeend 8

/* Organism #9 Fitness: 4.00011 Error: 1.99997 */
genomestart 9
trait 1 0.1 0 0 0 0 0 0 0 
trait 2 0.174253 0 0 0 0.212557 0.447328 0.30872 0.139432 
trait 3 0.3 0 0 0 0 0 0 0 
node 1 2 1 3
node 2 1 1 1
node 3 3 1 1
node 4 3 0 2
gene 3 1 4 2.13448 0 1 2.13448 1
gene 1 2 4 8 0 2 8 1
gene 3 3 4 1.41548 0 3 1.41548 1
genomeend 9

/* Organism #10 Fitness: 9 Error: 1 */
genomestart 10
trait 1 0.1 0 0 0 0 0 0 0 
trait 2 0.172537 0 0 0 0.197391 0.461876 0.329301 0.148727 
trait 3 0.3 0 0 0 0 0 0 0 
node 1 2 1 3
node 2 1 1 1
node 3 3 1 1
node 4 3 0 2
gene 2 1 4 -4.82487 0 1 -4.82487 1
gene 1 2 4 8 0 2 8 1
gene 3 3 4 8 0 3 8 1
genomeend 10

/* Organism #11 Fitness: 9 Error: 1 */
genomestart 11
trait 1 0.1 0 0 0 0 0 0 0 
trait 2 0.174253 0 0 0 0.212557 0.447328 0.30872 0.139432 
trait 3 0.3 0 0 0 0 0 0 0 
node 1 2 1 3
node 2 1 1 1
node 3 3 1 1
node 4 3 0 2
gene 2 1 4 -4.37812 0 1 -4.37812 1
gene 3 2 4 8 0 2 8 1
gene 3 3 4 8 0 3 8 1
genomeend 11

/* Organism #12 Fitness: 8.94136 Error: 1.00979 */
genomestart 12
trait 1 0.1 0 0 0 0 0 0 0 
trait 2 0.17597 0 0 0 0.227724 0.43278 0.288139 0.130136 
trait 3 0.3 0 0 0 0 0 0 0 
node 1 2 1 3
node 2 1 1 1
node 3 3 1 1
node 4 3 0 2
gene 3 1 4 -6.4562 0 1 -6.4562 1
gene 1 2 4 7.40446 0 2 7.40446 1
gene 3 3 4 8 0 3 8 1
genomeend 12

/* Organism #13 Fitness: 8.99823 Error: 1.0003 */
genomestart 13
trait 1 0.295853 0.448168 0.170277 0 0.394585 0 0.931113 0 
trait 2 0.179403 0 0 0 0.258056 0.403684 0.246976 0.111545 
trait 3 0.3 0 0 0 0 0 0 0 
node 1 2 1 3
node 2 1 1 1
node 3 3 1 1
node 4 3 0 2
gene 3 1 4 -1.65009 0 1 -1.65009 1
gene 1 2 4 7.23322 0 2 7.23322 1
gene 3 3 4 6.11715 0 3 6.11715 1
genomeend 13

/* Species #2 : (Size 15) (AF 8.43018) (Age 18)  */


/* Organism #14 Fitness: 9 Error: 1 */
genomestart 14
trait 1 0.4896 0 0.468376 0.156466 0.449709 0 0 0 
trait 2 0.2 0.230663 0 0 0 0 0 0.0350151 
trait 3 0.3 0 0 0 0 0 0 0 
node 1 3 1 3
node 2 3 1 1
node 3 3 1 1
node 4 2 0 2
node 7 1 0 0
gene 1 1 4 -2.13134 0 1 -2.13134 1
gene 1 2 4 -7.76734 0 2 -7.76734 1
gene 2 3 4 6.12902 0 3 6.12902 1
gene 2 3 7 -6.1564 0 8 -6.1564 1
gene 2 7 4 -4.14066 0 9 -4.14066 1
genomeend 14

/* Organism #15 Fitness: 9 Error: 1 */
genomestart 15
trait 1 0.4896 0 0.468376 0.156466 0.449709 0 0 0 
trait 2 0.2 0.230663 0 0 0 0 0 0.0350151 
trait 3 0.3 0 0 0 0 0 0 0 
node 1 3 1 3
node 2 3 1 1
node 3 3 1 1
node 4 2 0 2
node 7 1 0 0
gene 1 1 4 -2.69251 0 1 -2.69251 1
gene 1 2 4 -8 0 2 -8 1
gene 2 3 4 6.83532 0 3 6.83532 1
gene 2 3 7 -6.63584 0 8 -6.63584 1
gene 2 7 4 -4.21439 0 9 -4.21439 1
genomeend 15

/* Organism #16 Fitness: 9 Error: 1 */
genomestart 16
trait 1 0.4594 0 0.468376 0.0782328 0.546239 0 0 0 
trait 2 0.2 0.230663 0 0 0 0 0 0.0350151 
trait 3 0.3 0 0 0 0 0 0 0 
node 1 3 1 3
node 2 3 1 1
node 3 3 1 1
node 4 2 0 2
node 7 1 0 0
gene 1 1 4 -1.96024 0 1 -1.96024 1
gene 1 2 4 -7.76734 0 2 -7.76734 1
gene 2 3 4 6.12902 0 3 6.12902 1
gene 2 3 7 -7.0782 0 8 -7.0782 1
gene 2 7 4 -4.14066 0 9 -4.14066 1
genomeend 16

/* Organism #17 Fitness: 9 Error: 1 */
genomestart 17
trait 1 0.4594 0 0.468376 0.0782328 0.546239 0 0 0 
trait 2 0.2 0.230663 0 0 0 0 0 0.0350151 
trait 3 0.3 0 0 0 0 0 0 0 
node 1 3 1 3
node 2 3 1 1
node 3 3 1 1
node 4 2 0 2
node 7 1 0 0
gene 1 1 4 -1.78913 0 1 -1.78913 1
gene 1 2 4 -7.76734 0 2 -7.76734 1
gene 2 3 4 6.12902 0 3 6.12902 1
gene 2 3 7 -8 0 8 -8 1
gene 2 7 4 -4.14066 0 9 -4.14066 1
genomeend 17

/* Organism #18 Fitness: 8.99961 Error: 1.00006 */
genomestart 18
trait 1 0.4594 0 0.468376 0.0782328 0.546239 0 0 0 
trait 2 0.2 0.230663 0 0 0 0 0 0.0350151 
trait 3 0.3 0 0 0 0 0 0 0 
node 1 3 1 3
node 2 3 1 1
node 3 3 1 1
node 4 2 0 2
node 7 1 0 0
node 66 1 0 0
gene 1 1 4 -1.96024 0 1 -1.96024 1
gene 1 2 4 -7.76734 0 2 -7.76734 1
gene 2 3 4 6.12902 0 3 6.12902 1
gene 2 3 7 -7.0782 0 8 -7.0782 0
gene 2 7 4 -4.14066 0 9 -4.14066 1
gene 2 3 66 1 0 176 0 1
gene 2 66 7 -7.0782 0 177 0 1
genomeend 18

/* Organism #19 Fitness: 8.99613 Error: 1.00065 */
genomestart 19
trait 1 0.4292 0 0.468376 0 0.642769 0 0 0 
trait 2 0.2 0.230663 0 0 0 0 0 0.0350151 
trait 3 0.3 0 0 0 0 0 0 0 
node 1 3 1 3
node 2 3 1 1
node 3 3 1 1
node 4 2 0 2
node 7 1 0 0
gene 1 1 4 -1.4801 0 1 -1.4801 1
gene 1 2 4 -5.85319 0 2 -5.85319 1
gene 2 3 4 5.83842 0 3 5.83842 1
gene 2 3 7 -8 0 8 -8 1
gene 3 7 4 -1.7042 0 9 -1.7042 1
genomeend 19

/* Organism #20 Fitness: 8.98055 Error: 1.00324 */
genomestart 20
trait 1 0.4292 0 0.468376 0 0.642769 0 0 0 
trait 2 0.2 0.230663 0 0 0 0 0 0.0350151 
trait 3 0.3 0 0 0 0 0 0 0 
node 1 3 1 3
node 2 3 1 1
node 3 3 1 1
node 4 2 0 2
node 7 1 0 0
gene 1 1 4 -1.47243 0 1 -1.47243 1
gene 1 2 4 -5.32531 0 2 -5.32531 1
gene 2 3 4 5.63419 0 3 5.63419 1
gene 2 3 7 -8 0 8 -8 1
gene 2 7 4 -1.98807 0 9 -1.98807 1
gene 2 2 7 -2.26122 0 161 -2.26122 1
genomeend 20

/* Organism #21 Fitness: 9 Error: 1 */
genomestart 21
trait 1 0.4896 0 0.468376 0.156466 0.449709 0 0 0 
trait 2 0.2 0.230663 0 0 0 0 0 0.0350151 
trait 3 0.3 0 0 0 0 0 0 0 
node 1 3 1 3
node 2 3 1 1
node 3 3 1 1
node 4 2 0 2
node 7 1 0 0
gene 1 1 4 -2.43079 0 1 -2.43079 1
gene 1 2 4 -8 0 2 -8 1
gene 2 3 4 5.73116 0 3 5.73116 1
gene 2 3 7 -7.0796 0 8 -7.0796 1
gene 2 7 4 -5.38346 0 9 -5.38346 1
genomeend 21

/* Organism #22 Fitness: 3.97295 Error: 2.00677 */
genomestart 22
trait 1 0.4292 0 0.468376 0 0.642769 0 0 0 
trait 2 0.2 0.230663 0 0 0 0 0 0.0350151 
trait 3 0.3 0 0 0 0 0 0 0 
node 1 3 1 3
node 2 3 1 1
node 3 3 1 1
node 4 2 0 2
node 7 1 0 0
gene 1 1 4 1.80888 0 1 1.80888 1
gene 1 2 4 -5.79249 0 2 -5.79249 1
gene 2 3 4 5.6227 0 3 5.6227 1
gene 2 3 7 -8 0 8 -8 1
gene 2 7 4 -5.62518 0 9 -5.62518 1
genomeend 22

/* Organism #23 Fitness: 9 Error: 1 */
genomestart 23
trait 1 0.4594 0 0.468376 0.0782328 0.546239 0 0 0 
trait 2 0.2 0.230663 0 0 0 0 0 0.0350151 
trait 3 0.3 0 0 0 0 0 0 0 
node 1 3 1 3
node 2 3 1 1
node 3 3 1 1
node 4 2 0 2
node 7 1 0 0
gene 1 1 4 -1.96024 0 1 -1.96024 1
gene 1 2 4 -7.76734 0 2 -7.76734 1
gene 2 3 4 6.12902 0 3 6.12902 1
gene 1 3 7 -7.0782 0 8 -7.0782 1
gene 2 7 4 -4.14066 0 9 -4.14066 1
genomeend 23

/* Organism #24 Fitness: 9 Error: 1 */
genomestart 24
trait 1 0.4594 0 0.468376 0.0782328 0.546239 0 0 0 
trait 2 0.2 0.230663 0 0 0 0 0 0.0350151 
trait 3 0.3 0 0 0 0 0 0 0 
node 1 3 1 3
node 2 3 1 1
node 3 3 1 1
node 4 2 0 2
node 7 1 0 0
gene 1 1 4 -1.89591 0 1 -1.89591 1
gene 1 2 4 -7.62353 0 2 -7.62353 1
gene 2 3 4 6.00086 0 3 6.00086 1
gene 2 3 7 -7.5398 0 8 -7.5398 1
gene 2 7 4 -4.13304 0 9 -4.13304 1
gene 2 1 7 0.263686 0 178 0.263686 1
genomeend 24

/* Organism #25 Fitness: 8.9997 Error: 1.00005 */
genomestart 25
trait 1 0.4594 0 0.468376 0.0782328 0.546239 0 0 0 
trait 2 0.2 0.230663 0 0 0 0 0 0.0350151 
trait 3 0.3 0 0 0 0 0 0 0 
node 1 3 1 3
node 2 3 1 1
node 3 3 1 1
node 4 2 0 2
node 7 1 0 0
gene 1 1 4 -1.80852 0 1 -1.80852 1
gene 1 2 4 -6.31039 0 2 -6.31039 1
gene 2 3 4 6.10588 0 3 6.10588 1
gene 2 3 7 -6.98458 0 8 -6.98458 1
gene 2 7 4 -2.78575 0 9 -2.78575 1
genomeend 25

/* Organism #26 Fitness: 8.99908 Error: 1.00015 */
genomestart 26
trait 1 0.4594 0 0.468376 0.0782328 0.546239 0 0 0 
trait 2 0.2 0.230663 0 0 0 0 0 0.0350151 
trait 3 0.3 0 0 0 0 0 0 0 
node 1 3 1 3
node 2 3 1 1
node 3 3 1 1
node 4 2 0 2
node 7 1 0 0
gene 1 1 4 -2.72938 0 1 -2.72938 1
gene 1 2 4 -7.86016 0 2 -7.86016 1
gene 2 3 4 4.51305 0 3 4.51305 1
gene 2 3 7 -5.29627 0 8 -5.29627 1
gene 2 7 4 -4.55599 0 9 -4.55599 1
genomeend 26

/* Organism #27 Fitness: 5.50476 Error: 1.65378 */
genomestart 27
trait 1 0.4594 0 0.468376 0.0782328 0.546239 0 0 0 
trait 2 0.2 0.230663 0 0 0 0 0 0.0350151 
trait 3 0.3 0 0 0 0 0 0 0 
node 1 3 1 3
node 2 3 1 1
node 3 3 1 1
node 4 2 0 2
node 7 1 0 0
gene 1 1 4 -2.00269 0 1 -2.00269 1
gene 1 2 4 -7.76734 0 2 -7.76734 1
gene 2 3 4 1.8736 0 3 1.8736 1
gene 2 3 7 -8 0 8 -8 1
gene 1 7 4 -1.36684 0 9 -1.36684 1
genomeend 27

/* Organism #28 Fitness: 8.99993 Error: 1.00001 */
genomestart 28
trait 1 0.4292 0 0.468376 0 0.642769 0 0 0 
trait 2 0.2 0.230663 0 0 0 0 0 0.0350151 
trait 3 0.3 0 0 0 0 0 0 0 
node 1 3 1 3
node 2 3 1 1
node 3 3 1 1
node 4 2 0 2
node 7 1 0 0
gene 1 1 4 -3.05663 0 1 -3.05663 1
gene 1 2 4 -5.42739 0 2 -5.42739 1
gene 2 3 4 6.15867 0 3 6.15867 1
gene 2 3 7 -8 0 8 -8 1
gene 2 7 4 -3.97613 0 9 -3.97613 1
gene 2 2 7 -2.58018 0 161 -2.58018 1
genomeend 28

/* Species #3 : (Size 11) (AF 6.28343) (Age 18)  */


/* Organism #29 Fitness: 8.99976 Error: 1.00004 */
genomestart 29
trait 1 0.1 0 0 0 0 0 0 0 
trait 2 0.2 0 0 0.46522 0.0654499 0.851231 0.660799 0.407616 
trait 3 0.470159 0 0 0 0 0 0 0 
node 1 1 1 3
node 2 2 1 1
node 3 3 1 1
node 4 1 0 2
node 6 1 0 0
gene 2 1 4 7.99405 0 1 7.99405 1
gene 2 2 4 -5.51844 0 2 -5.51844 1
gene 1 3 4 -1.99074 0 3 -1.99074 1
gene 1 3 6 4.46914 0 6 4.46914 1
gene 1 6 4 -2.58546 0 7 -2.58546 1
gene 1 2 6 -0.746159 0 123 -0.746159 1
genomeend 29

/* Organism #30 Fitness: 4.07619 Error: 1.98104 */
genomestart 30
trait 1 0.1 0 0 0 0 0 0 0 
trait 2 0.2 0 0.0499816 0.498644 0.102907 0.851231 0.619499 0.38214 
trait 3 0.459524 0 0 0 0 0 0 0 
node 1 1 1 3
node 2 2 1 1
node 3 3 1 1
node 4 1 0 2
node 6 1 0 0
gene 2 1 4 8 0 1 8 1
gene 2 2 4 -3.31733 0 2 -3.31733 1
gene 1 3 4 0.708377 0 3 0.708377 1
gene 1 3 6 6.09616 0 6 6.09616 1
gene 1 6 4 -4.58963 0 7 -4.58963 1
gene 1 2 6 -1.64559 0 123 -1.64559 1
gene 3 1 6 1.4869 0 162 1.4869 1
genomeend 30

/* Organism #31 Fitness: 8.99706 Error: 1.00049 */
genomestart 31
trait 1 0.1 0 0 0 0 0 0 0 
trait 2 0.2 0 0.0499816 0.498644 0.102907 0.851231 0.619499 0.38214 
trait 3 0.459524 0 0 0 0 0 0 0 
node 1 1 1 3
node 2 2 1 1
node 3 3 1 1
node 4 1 0 2
node 6 1 0 0
gene 2 1 4 7.59727 0 1 7.59727 1
gene 2 2 4 -5.51844 0 2 -5.51844 1
gene 1 3 4 -1.21916 0 3 -1.21916 1
gene 1 3 6 3.97346 0 6 3.97346 1
gene 1 6 4 -2.42584 0 7 -2.42584 1
gene 1 2 6 -0.746159 0 123 -0.746159 1
gene 3 1 6 -0.102266 0 162 -0.102266 1
genomeend 31

/* Organism #32 Fitness: 8.95105 Error: 1.00817 */
genomestart 32
trait 1 0.1 0 0 0 0 0 0 0 
trait 2 0.2 0 0.0999633 0.532067 0.140365 0.851231 0.578199 0.356664 
trait 3 0.448889 0 0 0 0 0 0 0 
node 1 1 1 3
node 2 2 1 1
node 3 3 1 1
node 4 1 0 2
node 6 1 0 0
gene 2 1 4 8 0 1 8 1
gene 2 2 4 -5.55626 0 2 -5.55626 1
gene 1 3 4 -3.41847 0 3 -3.41847 1
gene 1 3 6 0.271465 0 6 0.271465 1
gene 1 6 4 -2.07941 0 7 -2.07941 1
gene 1 2 6 -0.815968 0 123 -0.815968 1
gene 3 1 6 -1.81216 0 162 -1.81216 1
genomeend 32

/* Organism #33 Fitness: 8.99682 Error: 1.00053 */
genomestart 33
trait 1 0.1 0 0 0 0 0 0 0 
trait 2 0.2 0.0836947 0.256224 0.649125 0.0654499 1 0 0.407616 
trait 3 0.470159 0 0 0 0 0 0 0 
node 1 1 1 3
node 2 2 1 1
node 3 3 1 1
node 4 1 0 2
node 6 1 0 0
gene 2 1 4 8 0 1 8 1
gene 2 2 4 -3.84992 0 2 -3.84992 1
gene 1 3 4 -3.844 0 3 -3.844 1
gene 1 3 6 4.52212 0 6 4.52212 1
gene 1 6 4 -1.84697 0 7 -1.84697 1
gene 1 2 6 1.29504 0 123 1.29504 1
genomeend 33

/* Organism #34 Fitness: 8.99976 Error: 1.00004 */
genomestart 34
trait 1 0.1 0 0 0 0 0 0 0 
trait 2 0.2 0 0.0499816 0.498644 0.102907 0.851231 0.619499 0.38214 
trait 3 0.459524 0 0 0 0 0 0 0 
node 1 1 1 3
node 2 2 1 1
node 3 3 1 1
node 4 1 0 2
node 6 1 0 0
gene 2 1 4 7.99405 0 1 7.99405 1
gene 2 2 4 -5.51844 0 2 -5.51844 1
gene 1 3 4 -1.99074 0 3 -1.99074 1
gene 1 3 6 4.46914 0 6 4.46914 1
gene 1 6 4 -2.58546 0 7 -2.58546 1
gene 1 2 6 -0.746159 0 123 -0.746159 1
genomeend 34

/* Organism #35 Fitness: 3.99995 Error: 2.00001 */
genomestart 35
trait 1 0.1 0 0 0 0 0 0 0 
trait 2 0.2 0 0.0999633 0.532067 0.140365 0.851231 0.578199 0.356664 
trait 3 0.448889 0 0 0 0 0 0 0 
node 1 1 1 3
node 2 2 1 1
node 3 3 1 1
node 4 1 0 2
node 6 1 0 0
gene 2 1 4 7.59727 0 1 7.59727 1
gene 2 2 4 -6.98838 0 2 -6.98838 1
gene 1 3 4 -0.475481 0 3 -0.475481 1
gene 1 3 6 4.52996 0 6 4.52996 1
gene 1 6 4 -4.86841 0 7 -4.86841 1
gene 1 2 6 0.408685 0 123 0.408685 1
gene 3 1 6 1.68501 0 162 1.68501 1
genomeend 35

/* Organism #36 Fitness: 4 Error: 2 */
genomestart 36
trait 1 0.1 0 0 0 0 0 0 0 
trait 2 0.2 0 0 0.46522 0.0654499 0.851231 0.660799 0.407616 
trait 3 0.470159 0 0 0 0 0 0 0 
node 1 1 1 3
node 2 2 1 1
node 3 3 1 1
node 4 1 0 2
node 6 1 0 0
gene 2 1 4 7.99703 0 1 7.99703 1
gene 2 2 4 0.998144 0 2 0.998144 1
gene 1 3 4 0.485709 0 3 0.485709 1
gene 1 3 6 1.51982 0 6 1.51982 1
gene 1 6 4 -1.37358 0 7 -1.37358 1
gene 1 2 6 -1.78598 0 123 -1.78598 1
genomeend 36

/* Organism #37 Fitness: 4.07762 Error: 1.98069 */
genomestart 37
trait 1 0.1 0 0 0 0 0 0 0 
trait 2 0.2 0 0.0999633 0.532067 0.140365 0.851231 0.578199 0.356664 
trait 3 0.448889 0 0 0 0 0 0 0 
node 1 1 1 3
node 2 2 1 1
node 3 3 1 1
node 4 1 0 2
node 6 1 0 0
gene 2 1 4 8 0 1 8 1
gene 2 2 4 -5.35048 0 2 -5.35048 1
gene 1 3 4 -3.05153 0 3 -3.05153 1
gene 1 3 6 4.47235 0 6 4.47235 1
gene 1 6 4 -3.44095 0 7 -3.44095 1
gene 1 2 6 0.495509 0 123 0.495509 1
gene 3 1 6 1.55258 0 162 1.55258 1
genomeend 37

/* Organism #38 Fitness: 4.02081 Error: 1.9948 */
genomestart 38
trait 1 0.1 0 0 0 0 0 0 0 
trait 2 0.2 0 0 0.46522 0.0654499 0.851231 0.660799 0.407616 
trait 3 0.470159 0 0 0 0 0 0 0 
node 1 1 1 3
node 2 2 1 1
node 3 3 1 1
node 4 1 0 2
node 6 1 0 0
gene 2 1 4 8 0 1 8 1
gene 2 2 4 -4.83625 0 2 -4.83625 1
gene 1 3 4 -1.773 0 3 -1.773 1
gene 1 3 6 3.23187 0 6 3.23187 1
gene 1 6 4 -0.323697 0 7 -0.323697 1
gene 1 2 6 -1.11447 0 123 -1.11447 1
genomeend 38

/* Organism #39 Fitness: 3.99874 Error: 2.00032 */
genomestart 39
trait 1 0.1 0 0 0 0 0 0 0 
trait 2 0.2 0 0.0999633 0.532067 0.140365 0.851231 0.578199 0.356664 
trait 3 0.448889 0 0 0 0 0 0 0 
node 1 1 1 3
node 2 2 1 1
node 3 3 1 1
node 4 1 0 2
node 6 1 0 0
gene 2 1 4 -1.60816 0 1 -1.60816 1
gene 2 2 4 -7.30806 0 2 -7.30806 1
gene 1 3 4 1.28724 0 3 1.28724 1
gene 1 3 6 3.97346 0 6 3.97346 1
gene 1 6 4 -1.72631 0 7 -1.72631 1
gene 1 2 6 -2.31468 0 123 -2.31468 1
gene 3 1 6 -1.24343 0 162 -1.24343 1
genomeend 39

/* Species #4 : (Size 12) (AF 5.84154) (Age 15)  */


/* Organism #40 Fitness: 8.94478 Error: 1.00922 */
genomestart 40
trait 1 0.1 0.292394 0.237665 0 0 0 0.225882 0 
trait 2 0.2 0 0 0 0 0 0 0 
trait 3 0.3 0 0.455821 0 0 0 0.126623 0 
node 1 3 1 3
node 2 3 1 1
node 3 3 1 1
node 4 2 0 2
node 7 1 0 0
node 15 1 0 0
gene 1 1 4 4.49779 0 1 4.49779 1
gene 1 2 4 0.55516 0 2 0.55516 1
gene 2 3 4 -0.211484 0 3 -0.211484 0
gene 2 3 7 -0.692113 0 8 -0.692113 1
gene 2 7 4 2.7137 0 9 2.7137 0
gene 2 2 7 4.06046 0 24 4.06046 1
gene 2 7 15 2.41712 0 30 2.41712 1
gene 2 15 4 -5.52795 0 31 -5.52795 1
genomeend 40

/* Organism #41 Fitness: 8.21609 Error: 1.13363 */
genomestart 41
trait 1 0.370568 0 0.237665 0 0 0 0.225882 0 
trait 2 0.2 0 0 0 0 0 0 0 
trait 3 0.3 0 0.455821 0 0 0 0.126623 0 
node 1 3 1 3
node 2 3 1 1
node 3 3 1 1
node 4 2 0 2
node 7 1 0 0
node 15 1 0 0
gene 1 1 4 4.07358 0 1 4.07358 1
gene 1 2 4 2.48274 0 2 2.48274 1
gene 2 3 4 -3.11317 0 3 -3.11317 0
gene 2 3 7 -3.86694 0 8 -3.86694 1
gene 2 7 4 1.06689 0 9 1.06689 0
gene 2 2 7 3.05352 0 24 3.05352 1
gene 2 7 15 1.40557 0 30 1.40557 1
gene 2 15 4 -4.59345 0 31 -4.59345 1
genomeend 41

/* Organism #42 Fitness: 4.73734 Error: 1.82346 */
genomestart 42
trait 1 0.1 0.292394 0.237665 0 0 0 0.225882 0 
trait 2 0.2 0 0 0 0 0 0 0 
trait 3 0.3 0 0.455821 0 0 0 0.126623 0 
node 1 3 1 3
node 2 3 1 1
node 3 3 1 1
node 4 2 0 2
node 7 1 0 0
node 15 1 0 0
gene 1 1 4 3.28851 0 1 3.28851 1
gene 1 2 4 3.23029 0 2 3.23029 1
gene 2 3 4 -2.01601 0 3 -2.01601 0
gene 2 3 7 -1.71007 0 8 -1.71007 1
gene 2 7 4 -0.551285 0 9 -0.551285 0
gene 2 2 7 2.58472 0 24 2.58472 1
gene 2 7 15 2.09586 0 30 2.09586 1
gene 2 15 4 -2.99308 0 31 -2.99308 1
genomeend 42

/* Organism #43 Fitness: 8.71508 Error: 1.04787 */
genomestart 43
trait 1 0.1 0.292394 0.237665 0 0 0 0.225882 0 
trait 2 0.2 0 0 0 0 0 0 0 
trait 3 0.3 0 0.455821 0 0 0 0.126623 0 
node 1 3 1 3
node 2 3 1 1
node 3 3 1 1
node 4 2 0 2
node 7 1 0 0
node 15 1 0 0
gene 1 1 4 2.85977 0 1 2.85977 1
gene 1 2 4 1.82124 0 2 1.82124 1
gene 2 3 4 -1.64019 0 3 -1.64019 0
gene 2 3 7 -1.78936 0 8 -1.78936 1
gene 2 7 4 0.757065 0 9 0.757065 0
gene 2 2 7 3.24576 0 24 3.24576 1
gene 2 7 15 2.40489 0 30 2.40489 1
gene 2 15 4 -4.4981 0 31 -4.4981 1
gene 2 2 15 0.99639 0 163 0.99639 1
genomeend 43

/* Organism #44 Fitness: 4.09984 Error: 1.97519 */
genomestart 44
trait 1 0.1 0.292394 0.237665 0 0 0 0.225882 0 
trait 2 0.2 0 0 0 0 0 0 0 
trait 3 0.3 0 0.455821 0 0 0 0.126623 0 
node 1 3 1 3
node 2 3 1 1
node 3 3 1 1
node 4 2 0 2
node 7 1 0 0
node 15 1 0 0
gene 1 1 4 3.24928 0 1 3.24928 1
gene 1 2 4 2.71828 0 2 2.71828 1
gene 2 3 4 0.294345 0 3 0.294345 0
gene 2 3 7 -4.27469 0 8 -4.27469 1
gene 2 7 4 -1.27247 0 9 -1.27247 0
gene 1 2 7 4.62126 0 24 4.62126 1
gene 2 7 15 1.46018 0 30 1.46018 1
gene 2 15 4 -2.57297 0 31 -2.57297 1
gene 2 2 15 -2.02373 0 163 -2.02373 1
genomeend 44

/* Organism #45 Fitness: 4.00256 Error: 1.99936 */
genomestart 45
trait 1 0.1 0.292394 0.237665 0 0 0 0.225882 0 
trait 2 0 0.0233686 0.896611 0.080363 0 0.776599 0.99224 0 
trait 3 0.3 0 0.455821 0 0 0 0.126623 0 
node 1 3 1 3
node 2 3 1 1
node 3 3 1 1
node 4 2 0 2
node 7 1 0 0
node 15 1 0 0
gene 1 1 4 3.47918 0 1 3.47918 1
gene 1 2 4 3.24156 0 2 3.24156 1
gene 2 3 4 -2.26484 0 3 -2.26484 0
gene 2 3 7 -2.79983 0 8 -2.79983 1
gene 2 7 4 2.23819 0 9 2.23819 0
gene 2 2 7 2.42151 0 24 2.42151 1
gene 2 7 15 1.83723 0 30 1.83723 1
gene 2 15 4 -2.00931 0 31 -2.00931 1
genomeend 45

/* Organism #46 Fitness: 6.96144 Error: 1.36155 */
genomestart 46
trait 1 0.1 0.292394 0.237665 0 0 0 0.225882 0 
trait 2 0.2 0 0 0 0 0 0 0 
trait 3 0.3 0 0.455821 0 0 0 0.126623 0 
node 1 3 1 3
node 2 3 1 1
node 3 3 1 1
node 4 2 0 2
node 7 1 0 0
node 15 1 0 0
gene 1 1 4 2.54899 0 1 2.54899 1
gene 1 2 4 3.58337 0 2 3.58337 1
gene 2 3 4 -1.99199 0 3 -1.99199 1
gene 2 3 7 -3.95727 0 8 -3.95727 1
gene 2 7 4 0.944652 0 9 0.944652 0
gene 2 2 7 4.16099 0 24 4.16099 1
gene 2 7 15 4.06132 0 30 4.06132 1
gene 2 15 4 -4.25575 0 31 -4.25575 1
genomeend 46

/* Organism #47 Fitness: 1.02118 Error: 2.98947 */
genomestart 47
trait 1 0.1 0.292394 0.237665 0 0 0 0.225882 0 
trait 2 0.2 0 0 0 0 0 0 0 
trait 3 0.3 0 0.455821 0 0 0 0.126623 0 
node 1 3 1 3
node 2 3 1 1
node 3 3 1 1
node 4 2 0 2
node 7 1 0 0
node 15 1 0 0
gene 1 1 4 2.14014 0 1 2.14014 1
gene 1 2 4 3.0321 0 2 3.0321 1
gene 2 3 4 -1.62984 0 3 -1.62984 0
gene 2 3 7 -4.36547 0 8 -4.36547 1
gene 2 7 4 1.57658 0 9 1.57658 0
gene 2 2 7 3.36581 0 24 3.36581 1
gene 2 7 15 0.689114 0 30 0.689114 1
gene 2 15 4 -6.43605 0 31 -6.43605 1
genomeend 47

/* Organism #48 Fitness: 7.13536 Error: 1.32879 */
genomestart 48
trait 1 0.1 0.292394 0.237665 0 0 0 0.225882 0 
trait 2 0.2 0 0 0 0 0 0 0 
trait 3 0.3 0 0.455821 0 0 0 0.126623 0 
node 1 3 1 3
node 2 3 1 1
node 3 3 1 1
node 4 2 0 2
node 7 1 0 0
node 15 1 0 0
gene 1 1 4 3.96871 0 1 3.96871 1
gene 1 2 4 0.657941 0 2 0.657941 1
gene 2 3 4 -1.39999 0 3 -1.39999 0
gene 2 3 7 -2.82408 0 8 -2.82408 1
gene 2 7 4 0.192897 0 9 0.192897 0
gene 2 2 7 2.33014 0 24 2.33014 1
gene 2 7 15 4.84504 0 30 4.84504 1
gene 2 15 4 -4.38647 0 31 -4.38647 1
genomeend 48

/* Organism #49 Fitness: 4.92073 Error: 1.78173 */
genomestart 49
trait 1 0.1 0.292394 0.237665 0 0 0 0.225882 0 
trait 2 0.2 0 0 0 0 0 0 0 
trait 3 0.3 0 0.455821 0 0 0 0.126623 0 
node 1 3 1 3
node 2 3 1 1
node 3 3 1 1
node 4 2 0 2
node 7 1 0 0
node 15 1 0 0
gene 1 1 4 3.50728 0 1 3.50728 1
gene 1 2 4 3.00389 0 2 3.00389 1
gene 2 3 4 0.533713 0 3 0.533713 0
gene 2 3 7 -0.692113 0 8 -0.692113 1
gene 2 7 4 2.7137 0 9 2.7137 0
gene 2 2 7 5.38639 0 24 5.38639 1
gene 2 7 15 4.19616 0 30 4.19616 1
gene 2 15 4 -5.70892 0 31 -5.70892 1
genomeend 49

/* Organism #50 Fitness: 7.34408 Error: 1.29 */
genomestart 50
trait 1 0.1 0.292394 0.237665 0 0 0 0.225882 0 
trait 2 0.2 0 0 0 0 0 0 0 
trait 3 0.3 0 0.455821 0 0 0 0.126623 0 
node 1 3 1 3
node 2 3 1 1
node 3 3 1 1
node 4 2 0 2
node 7 1 0 0
node 15 1 0 0
gene 1 1 4 2.85977 0 1 2.85977 1
gene 1 2 4 1.82124 0 2 1.82124 1
gene 2 3 4 -1.64019 0 3 -1.64019 1
gene 2 3 7 -1.78936 0 8 -1.78936 1
gene 2 7 4 0.757065 0 9 0.757065 0
gene 2 2 7 3.24576 0 24 3.24576 1
gene 2 7 15 2.40489 0 30 2.40489 1
gene 2 15 4 -4.4981 0 31 -4.4981 1
gene 2 2 15 0.99639 0 163 0.99639 1
gene 1 3 15 0.546113 0 179 0.546113 1
genomeend 50

/* Organism #51 Fitness: 4 Error: 2 */
genomestart 51
trait 1 0.1 0.292394 0.237665 0 0 0 0.225882 0 
trait 2 0.2 0 0 0 0 0 0 0 
trait 3 0.3 0 0.455821 0 0 0 0.126623 0 
node 1 3 1 3
node 2 3 1 1
node 3 3 1 1
node 4 2 0 2
node 7 1 0 0
node 15 1 0 0
gene 1 1 4 0.848149 0 1 0.848149 1
gene 1 2 4 0.55516 0 2 0.55516 1
gene 2 3 4 -2.78885 0 3 -2.78885 0
gene 2 3 7 0.789748 0 8 0.789748 1
gene 2 7 4 -0.00810284 0 9 -0.00810284 0
gene 2 2 7 2.60075 0 24 2.60075 1
gene 2 7 15 0.438459 0 30 0.438459 1
gene 2 15 4 -6.48321 0 31 -6.48321 1
genomeend 51

/* Species #5 : (Size 12) (AF 6.38354) (Age 15)  */


/* Organism #52 Fitness: 9 Error: 1 */
genomestart 52
trait 1 0.1 0.224323 0 0 0.358395 0 0 0.0177863 
trait 2 0.2 0 0 0.46522 0.0654499 0.851231 0.660799 0.407616 
trait 3 0.3 0 0 0 0 0 0.0505745 0 
node 1 1 1 3
node 2 2 1 1
node 3 3 1 1
node 4 1 0 2
node 6 1 0 0
node 12 1 0 0
gene 2 1 4 1.98479 0 1 1.98479 1
gene 3 2 4 4.2714 0 2 4.2714 0
gene 1 3 4 -1.62468 0 3 -1.62468 0
gene 1 3 6 3.38109 0 6 3.38109 1
gene 1 6 4 1.50284 0 7 1.50284 1
gene 3 2 12 5.68124 0 22 5.68124 1
gene 2 12 4 -7.53038 0 23 -7.53038 1
gene 3 3 12 -2.39213 0 32 -2.39213 1
gene 3 6 12 0.981661 0 154 0.981661 1
genomeend 52

/* Organism #53 Fitness: 4.03206 Error: 1.992 */
genomestart 53
trait 1 0.1 0.168242 0 0 0.268797 0 0 0.0177863 
trait 2 0.2 0 0 0.46522 0.0654499 0.851231 0.660799 0.407616 
trait 3 0.3 0 0 0 0 0 0.0505745 0 
node 1 1 1 3
node 2 2 1 1
node 3 3 1 1
node 4 1 0 2
node 6 2 0 0
node 12 1 0 0
gene 2 1 4 2.92773 0 1 2.92773 1
gene 3 2 4 5.74383 0 2 5.74383 0
gene 1 3 4 -1.05636 0 3 -1.05636 0
gene 1 3 6 3.61201 0 6 3.61201 1
gene 1 6 4 -0.858811 0 7 -0.858811 1
gene 3 2 12 5.56086 0 22 5.56086 1
gene 2 12 4 -6.15112 0 23 -6.15112 1
gene 3 3 12 -3.17911 0 32 -3.17911 1
gene 3 6 12 -0.452358 0 154 -0.452358 1
genomeend 53

/* Organism #54 Fitness: 4 Error: 2 */
genomestart 54
trait 1 0.1 0.224323 0 0 0.358395 0 0 0.0177863 
trait 2 0.2 0 0 0.46522 0.0654499 0.851231 0.660799 0.407616 
trait 3 0.3 0 0 0 0 0 0.0505745 0 
node 1 1 1 3
node 2 2 1 1
node 3 3 1 1
node 4 1 0 2
node 6 1 0 0
node 12 1 0 0
gene 2 1 4 0.99299 0 1 0.99299 1
gene 3 2 4 3.46421 0 2 3.46421 0
gene 1 3 4 -2.92088 0 3 -2.92088 0
gene 1 3 6 0.963928 0 6 0.963928 1
gene 1 6 4 1.20826 0 7 1.20826 1
gene 3 2 12 6.96555 0 22 6.96555 1
gene 2 12 4 -8 0 23 -8 1
gene 3 3 12 -1.7707 0 32 -1.7707 1
gene 3 6 12 3.14239 0 154 3.14239 1
genomeend 54

/* Organism #55 Fitness: 1.04835 Error: 2.97611 */
genomestart 55
trait 1 0.1 0.224323 0 0 0.358395 0 0 0.0177863 
trait 2 0.2 0 0 0.46522 0.0654499 0.851231 0.660799 0.407616 
trait 3 0.3 0 0 0 0 0 0.0505745 0 
node 1 1 1 3
node 2 2 1 1
node 3 3 1 1
node 4 1 0 2
node 6 1 0 0
node 12 1 0 0
gene 2 1 4 2.29352 0 1 2.29352 1
gene 3 2 4 4.05649 0 2 4.05649 0
gene 1 3 4 0.0586667 0 3 0.0586667 0
gene 1 3 6 5.46621 0 6 5.46621 1
gene 1 6 4 1.28641 0 7 1.28641 1
gene 3 2 12 5.68124 0 22 5.68124 1
gene 2 12 4 -7.98592 0 23 -7.98592 1
gene 3 3 12 -4.71838 0 32 -4.71838 1
gene 3 6 12 -1.08508 0 154 -1.08508 1
genomeend 55

/* Organism #56 Fitness: 14.515 Error: 0.190146 */
/* ##------$ WINNER 56 SPECIES #5 $------## */
genomestart 56
trait 1 0.1 0.196283 0 0 0.313596 0 0 0.0177863 
trait 2 0.2 0 0 0.46522 0.0654499 0.851231 0.660799 0.407616 
trait 3 0.3 0 0 0 0 0 0.0505745 0 
node 1 1 1 3
node 2 2 1 1
node 3 3 1 1
node 4 1 0 2
node 6 2 0 0
node 12 1 0 0
gene 2 1 4 2.48548 0 1 2.48548 1
gene 3 2 4 3.88719 0 2 3.88719 1
gene 1 3 4 -3.44919 0 3 -3.44919 1
gene 1 3 6 0.189364 0 6 0.189364 1
gene 1 6 4 2.87019 0 7 2.87019 1
gene 3 2 12 6.40727 0 22 6.40727 1
gene 2 12 4 -7.50747 0 23 -7.50747 1
gene 1 3 12 -2.73546 0 32 -2.73546 1
gene 3 6 12 1.08093 0 154 1.08093 1
genomeend 56

/* Organism #57 Fitness: 5.36258 Error: 1.68428 */
genomestart 57
trait 1 0.1 0.224323 0 0 0.358395 0 0 0.0177863 
trait 2 0.2 0 0 0.46522 0.0654499 0.851231 0.660799 0.407616 
trait 3 0.3 0 0 0 0 0 0.0505745 0 
node 1 1 1 3
node 2 2 1 1
node 3 3 1 1
node 4 1 0 2
node 6 1 0 0
node 12 1 0 0
gene 2 1 4 1.98479 0 1 1.98479 1
gene 3 2 4 4.2714 0 2 4.2714 1
gene 1 3 4 -1.62468 0 3 -1.62468 0
gene 1 3 6 3.38109 0 6 3.38109 1
gene 1 6 4 1.50284 0 7 1.50284 1
gene 3 2 12 5.68124 0 22 5.68124 1
gene 2 12 4 -7.53038 0 23 -7.53038 1
gene 3 3 12 -2.39213 0 32 -2.39213 1
gene 3 6 12 0.981661 0 154 0.981661 1
genomeend 57

/* Organism #58 Fitness: 8.99999 Error: 1 */
genomestart 58
trait 1 0.1 0.196283 0 0 0.313596 0 0 0.0177863 
trait 2 0.2 0 0 0.46522 0.0654499 0.851231 0.660799 0.407616 
trait 3 0.3 0 0 0 0 0 0.0505745 0 
node 1 1 1 3
node 2 2 1 1
node 3 3 1 1
node 4 1 0 2
node 6 1 0 0
node 12 1 0 0
gene 2 1 4 1.68564 0 1 1.68564 1
gene 3 2 4 4.2714 0 2 4.2714 0
gene 1 3 4 -1.62468 0 3 -1.62468 0
gene 1 3 6 3.38109 0 6 3.38109 1
gene 1 6 4 1.50284 0 7 1.50284 1
gene 3 2 12 5.23894 0 22 5.23894 1
gene 2 12 4 -7.53038 0 23 -7.53038 1
gene 3 3 12 -1.51102 0 32 -1.51102 1
gene 3 6 12 0.981661 0 154 0.981661 1
genomeend 58

/* Organism #59 Fitness: 4.00148 Error: 1.99963 */
genomestart 59
trait 1 0.1 0.224323 0 0 0.358395 0 0 0.0177863 
trait 2 0.2 0 0 0.46522 0.0654499 0.851231 0.660799 0.407616 
trait 3 0.3 0 0 0 0 0 0.0505745 0 
node 1 1 1 3
node 2 2 1 1
node 3 3 1 1
node 4 1 0 2
node 6 1 0 0
node 12 1 0 0
gene 2 1 4 3.04383 0 1 3.04383 1
gene 3 2 4 2.71381 0 2 2.71381 0
gene 1 3 4 -3.27745 0 3 -3.27745 0
gene 1 3 6 4.9548 0 6 4.9548 1
gene 1 6 4 0.156589 0 7 0.156589 1
gene 3 2 12 4.62827 0 22 4.62827 1
gene 2 12 4 -7.51535 0 23 -7.51535 1
gene 3 3 12 -0.105333 0 32 -0.105333 1
gene 3 6 12 -0.557981 0 154 -0.557981 1
genomeend 59

/* Organism #60 Fitness: 4.00207 Error: 1.99948 */
genomestart 60
trait 1 0.1 0.196283 0 0 0.313596 0 0 0.0177863 
trait 2 0.2 0 0 0.46522 0.0654499 0.851231 0.660799 0.407616 
trait 3 0.3 0 0 0 0 0 0.0505745 0 
node 1 1 1 3
node 2 2 1 1
node 3 3 1 1
node 4 1 0 2
node 6 1 0 0
node 12 1 0 0
gene 2 1 4 3.6688 0 1 3.6688 1
gene 3 2 4 3.23814 0 2 3.23814 0
gene 1 3 4 -3.63004 0 3 -3.63004 0
gene 1 3 6 1.85271 0 6 1.85271 1
gene 1 6 4 3.39014 0 7 3.39014 1
gene 3 2 12 3.5146 0 22 3.5146 1
gene 2 12 4 -8 0 23 -8 1
gene 3 3 12 -0.989741 0 32 -0.989741 1
gene 3 6 12 2.33212 0 154 2.33212 1
genomeend 60

/* Organism #61 Fitness: 3.99036 Error: 2.00241 */
genomestart 61
trait 1 0.1 0.168242 0 0 0.268797 0 0 0.0177863 
trait 2 0.2 0 0 0.46522 0.0654499 0.851231 0.660799 0.407616 
trait 3 0.3 0 0 0 0 0 0.0505745 0 
node 1 1 1 3
node 2 2 1 1
node 3 3 1 1
node 4 1 0 2
node 6 2 0 0
node 12 1 0 0
gene 2 1 4 1.68564 0 1 1.68564 1
gene 3 2 4 4.99591 0 2 4.99591 0
gene 1 3 4 -2.89219 0 3 -2.89219 0
gene 1 3 6 1.20659 0 6 1.20659 1
gene 1 6 4 -0.734841 0 7 -0.734841 1
gene 3 2 12 6.20409 0 22 6.20409 1
gene 2 12 4 -0.686314 0 23 -0.686314 1
gene 3 3 12 0.84565 0 32 0.84565 1
gene 3 6 12 1.62451 0 154 1.62451 1
genomeend 61

/* Organism #62 Fitness: 3.66411 Error: 2.08581 */
genomestart 62
trait 1 0.1 0.196283 0 0 0.313596 0 0 0.0177863 
trait 2 0.893987 0 0 0.46522 0.515417 0.851231 0.660799 0.407616 
trait 3 0.3 0 0 0 0 0 0.0505745 0 
node 1 1 1 3
node 2 2 1 1
node 3 3 1 1
node 4 1 0 2
node 6 2 0 0
node 12 2 0 0
gene 2 1 4 1.83521 0 1 1.83521 1
gene 3 2 4 1.38768 0 2 1.38768 0
gene 1 3 4 1.03759 0 3 1.03759 0
gene 1 3 6 1.80618 0 6 1.80618 1
gene 1 6 4 3.74023 0 7 3.74023 1
gene 3 2 12 5.44298 0 22 5.44298 1
gene 2 12 4 -6.06422 0 23 -6.06422 1
gene 3 3 12 2.29618 0 32 2.29618 1
gene 3 6 12 -2.09579 0 154 -2.09579 1
genomeend 62

/* Organism #63 Fitness: 13.9865 Error: 0.260145 */
/* ##------$ WINNER 63 SPECIES #5 $------## */
genomestart 63
trait 1 0.1 0.224323 0 0 0.358395 0 0 0.0177863 
trait 2 0.2 0 0 0.46522 0.0654499 0.851231 0.660799 0.407616 
trait 3 0.3 0 0 0 0 0 0.0505745 0 
node 1 1 1 3
node 2 2 1 1
node 3 3 1 1
node 4 1 0 2
node 6 1 0 0
node 12 1 0 0
gene 2 1 4 1.98479 0 1 1.98479 1
gene 3 2 4 4.2714 0 2 4.2714 1
gene 1 3 4 -1.62468 0 3 -1.62468 1
gene 1 3 6 3.38109 0 6 3.38109 1
gene 1 6 4 1.50284 0 7 1.50284 1
gene 3 2 12 5.68124 0 22 5.68124 1
gene 2 12 4 -7.53038 0 23 -7.53038 1
gene 3 3 12 -2.39213 0 32 -2.39213 1
gene 3 6 12 0.981661 0 154 0.981661 1
gene 3 2 6 0.930985 0 180 0.930985 1
genomeend 63

/* Species #6 : (Size 10) (AF 6.11621) (Age 15)  */


/* Organism #64 Fitness: 8.99887 Error: 1.00019 */
genomestart 64
trait 1 0.459301 0.74297 0 0 0 0 0 0 
trait 2 0.2 0 0 0.46522 0.0654499 0.851231 0.660799 0.407616 
trait 3 0.429026 0.756954 0 0 0 0 0 0 
node 1 3 1 3
node 2 2 1 1
node 3 3 1 1
node 4 1 0 2
node 6 2 0 0
node 13 1 0 0
gene 2 1 4 -2.06514 0 1 -2.06514 1
gene 3 2 4 -4.71078 0 2 -4.71078 1
gene 1 3 4 2.59674 0 3 2.59674 0
gene 1 3 6 -0.7055 0 6 -0.7055 1
gene 1 6 4 -3.24477 0 7 -3.24477 0
gene 1 6 13 -2.22139 0 26 -2.22139 1
gene 1 13 4 5.42457 0 27 5.42457 1
gene 1 3 13 0.557933 0 165 0.557933 1
genomeend 64

/* Organism #65 Fitness: 8.97685 Error: 1.00386 */
genomestart 65
trait 1 0.399417 0.771545 0 0 0 0 0 0 
trait 2 0.2 0 0 0.46522 0.0654499 0.851231 0.660799 0.407616 
trait 3 0.407521 0.747606 0 0 0 0 0 0 
node 1 3 1 3
node 2 2 1 1
node 3 3 1 1
node 4 1 0 2
node 6 2 0 0
node 13 1 0 0
gene 2 1 4 -1.68131 0 1 -1.68131 1
gene 3 2 4 -5.13719 0 2 -5.13719 1
gene 1 3 4 0.330176 0 3 0.330176 0
gene 1 3 6 -3.11753 0 6 -3.11753 1
gene 1 6 4 -3.16762 0 7 -3.16762 0
gene 1 6 13 -2.12792 0 26 -2.12792 1
gene 1 13 4 6.03819 0 27 6.03819 1
gene 1 3 13 0.557933 0 165 0.557933 1
genomeend 65

/* Organism #66 Fitness: 4.00001 Error: 2 */
genomestart 66
trait 1 0.399417 0.771545 0 0 0 0 0 0 
trait 2 0.2 0 0 0.100323 0.280176 0 0.660799 0 
trait 3 0.407521 0.747606 0 0 0 0 0 0 
node 1 3 1 3
node 2 2 1 1
node 3 3 1 1
node 4 1 0 2
node 6 2 0 0
node 13 1 0 0
gene 2 1 4 -1.56705 0 1 -1.56705 1
gene 3 2 4 -7.74531 0 2 -7.74531 1
gene 1 3 4 -1.8956 0 3 -1.8956 0
gene 1 3 6 -4.56218 0 6 -4.56218 1
gene 1 6 4 -5.12173 0 7 -5.12173 0
gene 1 6 13 0.443506 0 26 0.443506 1
gene 1 13 4 5.67149 0 27 5.67149 1
gene 1 3 13 0.935875 0 165 0.935875 1
genomeend 66

/* Organism #67 Fitness: 4.00154 Error: 1.99962 */
genomestart 67
trait 1 0.339534 0.800121 0 0 0 0 0 0 
trait 2 0.2 0 0 0.46522 0.0654499 0.851231 0.660799 0.407616 
trait 3 0.386017 0.738258 0 0 0 0 0 0 
node 1 3 1 3
node 2 2 1 1
node 3 3 1 1
node 4 1 0 2
node 6 2 0 0
node 13 1 0 0
gene 2 1 4 -0.187287 0 1 -0.187287 1
gene 3 2 4 -7.97811 0 2 -7.97811 1
gene 1 3 4 0.319047 0 3 0.319047 0
gene 1 3 6 -7.84992 0 6 -7.84992 1
gene 1 6 4 -5.57467 0 7 -5.57467 0
gene 1 6 13 -0.325573 0 26 -0.325573 1
gene 1 13 4 5.75778 0 27 5.75778 1
genomeend 67

/* Organism #68 Fitness: 4.0025 Error: 1.99938 */
genomestart 68
trait 1 0.339534 0.800121 0 0 0 0 0 0 
trait 2 0.2 0 0 0.46522 0.0654499 0.851231 0.660799 0.407616 
trait 3 0.386017 0.738258 0 0 0 0 0 0 
node 1 3 1 3
node 2 2 1 1
node 3 3 1 1
node 4 1 0 2
node 6 2 0 0
node 13 1 0 0
gene 2 1 4 -1.29748 0 1 -1.29748 1
gene 3 2 4 -5.5636 0 2 -5.5636 1
gene 1 3 4 -1.93639 0 3 -1.93639 0
gene 1 3 6 -5.52957 0 6 -5.52957 1
gene 1 6 4 -3.09047 0 7 -3.09047 0
gene 1 6 13 -2.03445 0 26 -2.03445 1
gene 1 13 4 6.65181 0 27 6.65181 1
gene 1 1 6 -0.686064 0 181 -0.686064 1
genomeend 68

/* Organism #69 Fitness: 8.98303 Error: 1.00283 */
genomestart 69
trait 1 0.459301 0.74297 0 0 0 0 0 0 
trait 2 0.2 0 0 0.46522 0.0654499 0.851231 0.660799 0.407616 
trait 3 0.429026 0.756954 0 0 0 0 0 0 
node 1 3 1 3
node 2 2 1 1
node 3 3 1 1
node 4 1 0 2
node 6 2 0 0
node 13 1 0 0
gene 2 1 4 -2.71091 0 1 -2.71091 1
gene 3 2 4 -3.62024 0 2 -3.62024 1
gene 1 3 4 2.59674 0 3 2.59674 0
gene 1 3 6 -0.0434984 0 6 -0.0434984 1
gene 1 6 4 -3.9658 0 7 -3.9658 0
gene 1 6 13 -2.22139 0 26 -2.22139 1
gene 1 13 4 5.42457 0 27 5.42457 1
gene 1 3 13 1.57955 0 165 1.57955 1
genomeend 69

/* Organism #70 Fitness: 3.98703 Error: 2.00325 */
genomestart 70
trait 1 0.399417 0.771545 0 0 0 0 0 0 
trait 2 0.2 0 0 0.46522 0.0654499 0.851231 0.660799 0.407616 
trait 3 0.407521 0.747606 0 0 0 0 0 0 
node 1 3 1 3
node 2 2 1 1
node 3 3 1 1
node 4 1 0 2
node 6 2 0 0
node 13 1 0 0
gene 2 1 4 -0.869143 0 1 -0.869143 1
gene 3 2 4 -6.89626 0 2 -6.89626 1
gene 1 3 4 -1.89353 0 3 -1.89353 0
gene 1 3 6 1.65601 0 6 1.65601 1
gene 1 6 4 -3.01164 0 7 -3.01164 0
gene 1 6 13 -1.98922 0 26 -1.98922 1
gene 1 13 4 5.99754 0 27 5.99754 1
gene 1 3 13 0.101766 0 165 0.101766 1
genomeend 70

/* Organism #71 Fitness: 5.22509 Error: 1.71415 */
genomestart 71
trait 1 0.459301 0.74297 0 0 0 0 0 0 
trait 2 0.2 0 0 0.46522 0.0654499 0.851231 0.660799 0.407616 
trait 3 0.429026 0.756954 0 0 0 0 0 0 
node 1 3 1 3
node 2 2 1 1
node 3 3 1 1
node 4 1 0 2
node 6 2 0 0
node 13 1 0 0
gene 2 1 4 -2.16519 0 1 -2.16519 1
gene 3 2 4 -2.66065 0 2 -2.66065 1
gene 1 3 4 1.18595 0 3 1.18595 0
gene 1 3 6 -2.01743 0 6 -2.01743 1
gene 1 6 4 -2.35449 0 7 -2.35449 0
gene 1 6 13 -3.89912 0 26 -3.89912 1
gene 1 13 4 5.01181 0 27 5.01181 1
gene 1 3 13 2.31836 0 165 2.31836 1
genomeend 71

/* Organism #72 Fitness: 8.98723 Error: 1.00213 */
genomestart 72
trait 1 0.339534 0.800121 0 0 0 0 0 0 
trait 2 0.2 0 0 0.46522 0.0654499 0.851231 0.660799 0.407616 
trait 3 0.386017 0.738258 0 0 0 0 0 0 
node 1 3 1 3
node 2 2 1 1
node 3 3 1 1
node 4 1 0 2
node 6 2 0 0
node 13 1 0 0
gene 2 1 4 -1.29748 0 1 -1.29748 1
gene 3 2 4 -5.5636 0 2 -5.5636 1
gene 1 3 4 -1.93639 0 3 -1.93639 0
gene 1 3 6 -5.52957 0 6 -5.52957 1
gene 1 6 4 -3.09047 0 7 -3.09047 0
gene 1 6 13 -2.03445 0 26 -2.03445 1
gene 1 13 4 6.65181 0 27 6.65181 1
genomeend 72

/* Organism #73 Fitness: 3.99994 Error: 2.00002 */
genomestart 73
trait 1 0.399417 0.771545 0 0 0 0 0 0 
trait 2 0.2 0 0 0.46522 0.0654499 0.851231 0.660799 0.407616 
trait 3 0.407521 0.747606 0 0 0 0 0 0 
node 1 3 1 3
node 2 2 1 1
node 3 3 1 1
node 4 1 0 2
node 6 2 0 0
node 13 1 0 0
gene 2 1 4 0.429479 0 1 0.429479 1
gene 3 2 4 -7.55416 0 2 -7.55416 1
gene 1 3 4 -0.324628 0 3 -0.324628 0
gene 1 3 6 0.642258 0 6 0.642258 1
gene 1 6 4 -1.40965 0 7 -1.40965 0
gene 1 6 13 1.42974 0 26 1.42974 1
gene 1 13 4 5.0226 0 27 5.0226 1
gene 1 3 13 0.493781 0 165 0.493781 1
genomeend 73

/* Species #7 : (Size 9) (AF 6.11292) (Age 14)  */


/* Organism #74 Fitness: 8.99606 Error: 1.00066 */
genomestart 74
trait 1 0.1 0 0 0 0 0 0 0 
trait 2 0.2 0 0 0.46522 0.0654499 0.851231 0.660799 0.407616 
trait 3 0.3 0 0 0 0 0 0 0 
node 1 3 1 3
node 2 2 1 1
node 3 3 1 1
node 4 1 0 2
node 6 1 0 0
node 12 3 0 0
node 19 3 0 0
gene 2 1 4 3.18638 0 1 3.18638 1
gene 1 2 4 -4.01953 0 2 -4.01953 1
gene 1 3 4 5.52385 0 3 5.52385 1
gene 2 3 6 -2.75893 0 6 -2.75893 1
gene 1 6 4 0.310358 0 7 0.310358 0
gene 3 2 12 2.27657 0 22 2.27657 1
gene 3 12 4 -6.12278 0 23 -6.12278 1
gene 1 6 19 0.892795 0 41 0.892795 1
gene 1 19 4 -1.7956 0 42 -1.7956 1
gene 1 2 6 1.73316 0 123 1.73316 1
genomeend 74

/* Organism #75 Fitness: 4.01963 Error: 1.9951 */
genomestart 75
trait 1 0.1 0.754271 0.523755 0 0 0 0 0 
trait 2 0.2 0 0 0.46522 0.0654499 0.851231 0.660799 0.407616 
trait 3 0.3 0 0 0 0 0 0 0 
node 1 3 1 3
node 2 2 1 1
node 3 3 1 1
node 4 1 0 2
node 6 1 0 0
node 12 3 0 0
node 19 3 0 0
gene 2 1 4 2.40424 0 1 2.40424 1
gene 1 2 4 -7.48878 0 2 -7.48878 1
gene 1 3 4 5.4638 0 3 5.4638 1
gene 2 3 6 -4.13381 0 6 -4.13381 1
gene 1 6 4 3.84849 0 7 3.84849 0
gene 3 2 12 0.77262 0 22 0.77262 1
gene 3 12 4 -6.57345 0 23 -6.57345 1
gene 1 6 19 3.31975 0 41 3.31975 1
gene 1 19 4 1.96205 0 42 1.96205 1
gene 1 2 6 1.91302 0 123 1.91302 1
genomeend 75

/* Organism #76 Fitness: 8.99998 Error: 1 */
genomestart 76
trait 1 0.1 0 0 0 0 0 0 0 
trait 2 0.2 0 0 0.46522 0.0654499 0.851231 0.660799 0.407616 
trait 3 0.3 0 0 0 0 0 0 0 
node 1 3 1 3
node 2 2 1 1
node 3 3 1 1
node 4 1 0 2
node 6 1 0 0
node 12 3 0 0
node 19 3 0 0
gene 2 1 4 1.32172 0 1 1.32172 1
gene 1 2 4 -3.8397 0 2 -3.8397 1
gene 1 3 4 5.61449 0 3 5.61449 1
gene 2 3 6 -5.13881 0 6 -5.13881 1
gene 1 6 4 0.813636 0 7 0.813636 0
gene 3 2 12 3.46238 0 22 3.46238 1
gene 3 12 4 -4.71455 0 23 -4.71455 1
gene 1 6 19 2.43488 0 41 2.43488 1
gene 1 19 4 -1.94405 0 42 -1.94405 1
gene 1 2 6 2.06144 0 123 2.06144 1
genomeend 76

/* Organism #77 Fitness: 4.08926 Error: 1.97781 */
genomestart 77
trait 1 0.1 0.377136 0.261877 0 0 0 0 0 
trait 2 0.2 0 0 0.46522 0.0654499 0.851231 0.660799 0.407616 
trait 3 0.3 0 0 0 0 0 0 0 
node 1 3 1 3
node 2 2 1 1
node 3 3 1 1
node 4 1 0 2
node 6 1 0 0
node 12 3 0 0
node 19 3 0 0
gene 2 1 4 5.10301 0 1 5.10301 1
gene 1 2 4 -5.0153 0 2 -5.0153 1
gene 1 3 4 5.77835 0 3 5.77835 1
gene 2 3 6 -4.05238 0 6 -4.05238 1
gene 1 6 4 1.35955 0 7 1.35955 0
gene 3 2 12 2.03106 0 22 2.03106 1
gene 3 12 4 -5.22527 0 23 -5.22527 1
gene 1 6 19 1.35277 0 41 1.35277 1
gene 1 19 4 -2.16766 0 42 -2.16766 1
gene 1 2 6 0.850922 0 123 0.850922 1
genomeend 77

/* Organism #78 Fitness: 8.99997 Error: 1.00001 */
genomestart 78
trait 1 0.1 0.377136 0.261877 0 0 0 0 0 
trait 2 0.2 0 0 0.46522 0.0654499 0.851231 0.660799 0.407616 
trait 3 0.3 0 0 0 0 0 0 0 
node 1 3 1 3
node 2 2 1 1
node 3 3 1 1
node 4 1 0 2
node 6 1 0 0
node 12 3 0 0
node 19 3 0 0
gene 2 1 4 2.31918 0 1 2.31918 1
gene 1 2 4 -4.01953 0 2 -4.01953 1
gene 1 3 4 6.03286 0 3 6.03286 1
gene 2 3 6 -2.75893 0 6 -2.75893 1
gene 1 6 4 1.40938 0 7 1.40938 0
gene 3 2 12 1.78555 0 22 1.78555 1
gene 3 12 4 -6.12278 0 23 -6.12278 1
gene 1 6 19 3.08862 0 41 3.08862 1
gene 1 19 4 -1.7956 0 42 -1.7956 1
gene 1 2 6 1.73316 0 123 1.73316 1
genomeend 78

/* Organism #79 Fitness: 1.00054 Error: 2.99973 */
genomestart 79
trait 1 0.258421 1 0.261877 0.0345043 0 0 0 0.259156 
trait 2 0.2 0 0 0.46522 0.0654499 0.851231 0.660799 0.407616 
trait 3 0.3 0 0 0 0 0 0 0 
node 1 3 1 3
node 2 2 1 1
node 3 3 1 1
node 4 1 0 2
node 6 1 0 0
node 12 3 0 0
node 19 3 0 0
gene 2 1 4 1.96764 0 1 1.96764 1
gene 1 2 4 -6.39626 0 2 -6.39626 1
gene 1 3 4 6.87562 0 3 6.87562 1
gene 2 3 6 -1.79453 0 6 -1.79453 1
gene 1 6 4 3.01203 0 7 3.01203 0
gene 3 2 12 4.45013 0 22 4.45013 1
gene 2 12 4 -2.6857 0 23 -2.6857 1
gene 1 6 19 1.19227 0 41 1.19227 1
gene 1 19 4 1.9171 0 42 1.9171 1
gene 1 2 6 5.3226 0 123 5.3226 1
genomeend 79

/* Organism #80 Fitness: 1.00001 Error: 2.99999 */
genomestart 80
trait 1 0.1 0.754271 0.523755 0 0 0 0 0 
trait 2 0.2 0 0 0.46522 0.0654499 0.851231 0.660799 0.407616 
trait 3 0.3 0 0 0 0 0 0 0 
node 1 3 1 3
node 2 2 1 1
node 3 3 1 1
node 4 1 0 2
node 6 1 0 0
node 12 3 0 0
node 19 3 0 0
gene 2 1 4 2.18469 0 1 2.18469 1
gene 1 2 4 -4.58793 0 2 -4.58793 1
gene 1 3 4 6.38539 0 3 6.38539 1
gene 2 3 6 -4.70752 0 6 -4.70752 1
gene 1 6 4 2.30651 0 7 2.30651 0
gene 3 2 12 3.42042 0 22 3.42042 1
gene 3 12 4 -2.52711 0 23 -2.52711 1
gene 1 6 19 2.80672 0 41 2.80672 1
gene 1 19 4 1.97945 0 42 1.97945 1
gene 1 2 6 1.34219 0 123 1.34219 1
genomeend 80

/* Organism #81 Fitness: 8.99309 Error: 1.00115 */
genomestart 81
trait 1 0.1 0.754271 0.523755 0 0 0 0 0 
trait 2 0.2 0 0 0.46522 0.0654499 0.851231 0.660799 0.407616 
trait 3 0.3 0 0 0 0 0 0 0 
node 1 3 1 3
node 2 2 1 1
node 3 3 1 1
node 4 1 0 2
node 6 1 0 0
node 12 3 0 0
node 19 3 0 0
gene 2 1 4 -0.0463338 0 1 -0.0463338 1
gene 1 2 4 -6.85073 0 2 -6.85073 1
gene 1 3 4 4.31835 0 3 4.31835 1
gene 2 3 6 -1.29467 0 6 -1.29467 1
gene 1 6 4 -0.262035 0 7 -0.262035 0
gene 3 2 12 2.16891 0 22 2.16891 1
gene 3 12 4 -6.72059 0 23 -6.72059 1
gene 1 6 19 5.09176 0 41 5.09176 1
gene 1 19 4 2.02023 0 42 2.02023 1
gene 1 2 6 2.4929 0 123 2.4929 1
genomeend 81

/* Organism #82 Fitness: 8.91774 Error: 1.01374 */
genomestart 82
trait 1 0.1 0.377136 0.261877 0 0 0 0 0 
trait 2 0.2 0 0 0.46522 0.0654499 0.851231 0.660799 0.407616 
trait 3 0.3 0 0 0 0 0 0 0 
node 1 3 1 3
node 2 2 1 1
node 3 3 1 1
node 4 1 0 2
node 6 1 0 0
node 12 3 0 0
node 19 3 0 0
gene 2 1 4 1.76934 0 1 1.76934 1
gene 1 2 4 -2.82676 0 2 -2.82676 1
gene 1 3 4 4.11169 0 3 4.11169 1
gene 2 3 6 -4.42703 0 6 -4.42703 1
gene 1 6 4 0.986189 0 7 0.986189 0
gene 3 2 12 1.74056 0 22 1.74056 1
gene 3 12 4 -6.30076 0 23 -6.30076 1
gene 1 6 19 3.53136 0 41 3.53136 1
gene 1 19 4 0.51327 0 42 0.51327 1
gene 1 2 6 2.09381 0 123 2.09381 1
genomeend 82

/* Species #8 : (Size 10) (AF 5.24081) (Age 13)  */


/* Organism #83 Fitness: 7.66699 Error: 1.23107 */
genomestart 83
trait 1 0.1 0 0 0 0 0 0 0 
trait 2 0.2 0 0 0.46522 0.0654499 0.851231 0.660799 0.407616 
trait 3 0.3 0 0 0 0 0 0 0 
node 1 1 1 3
node 2 2 1 1
node 3 3 1 1
node 4 1 0 2
node 6 2 0 0
node 12 1 0 0
node 21 1 0 0
gene 2 1 4 -1.09254 0 1 -1.09254 1
gene 3 2 4 0.00981255 0 2 0.00981255 0
gene 1 3 4 -0.0290188 0 3 -0.0290188 0
gene 1 3 6 -1.64292 0 6 -1.64292 1
gene 1 6 4 2.53351 0 7 2.53351 1
gene 3 2 12 -0.452425 0 22 -0.452425 1
gene 3 12 4 2.07904 0 23 2.07904 1
gene 1 6 21 2.44988 0 47 2.44988 1
gene 1 21 4 1.03583 0 48 1.03583 1
genomeend 83

/* Organism #84 Fitness: 3.9491 Error: 2.01277 */
genomestart 84
trait 1 0.1 0 0 0 0 0 0 0 
trait 2 0.2 0 0 0.46522 0.0654499 0.851231 0.660799 0.407616 
trait 3 0.3 0 0 0 0 0 0 0 
node 1 1 1 3
node 2 2 1 1
node 3 3 1 1
node 4 1 0 2
node 6 2 0 0
node 12 1 0 0
node 21 1 0 0
gene 2 1 4 -0.683441 0 1 -0.683441 1
gene 3 2 4 -0.866061 0 2 -0.866061 0
gene 1 3 4 -0.596545 0 3 -0.596545 0
gene 3 3 6 -1.89205 0 6 -1.89205 1
gene 1 6 4 2.24043 0 7 2.24043 1
gene 3 2 12 2.38689 0 22 2.38689 1
gene 3 12 4 0.110368 0 23 0.110368 1
gene 1 6 21 3.21612 0 47 3.21612 1
gene 1 21 4 0.207175 0 48 0.207175 1
genomeend 84

/* Organism #85 Fitness: 6.33166 Error: 1.48372 */
genomestart 85
trait 1 0.1 0 0 0 0 0 0 0 
trait 2 0.2 0 0 0.46522 0.0654499 0.851231 0.660799 0.407616 
trait 3 0.3 0 0 0 0 0 0 0 
node 1 1 1 3
node 2 2 1 1
node 3 3 1 1
node 4 1 0 2
node 6 2 0 0
node 12 1 0 0
node 21 1 0 0
gene 2 1 4 -1.09254 0 1 -1.09254 1
gene 3 2 4 0.00981255 0 2 0.00981255 0
gene 1 3 4 -0.637022 0 3 -0.637022 0
gene 1 3 6 0.805217 0 6 0.805217 1
gene 1 6 4 2.36938 0 7 2.36938 1
gene 3 2 12 -0.947664 0 22 -0.947664 1
gene 3 12 4 -1.12324 0 23 -1.12324 1
gene 1 6 21 -1.5919 0 47 -1.5919 1
gene 1 21 4 2.98329 0 48 2.98329 1
genomeend 85

/* Organism #86 Fitness: 2.70426 Error: 2.35554 */
genomestart 86
trait 1 0.1 0 0 0 0 0 0 0 
trait 2 0.2 0 0 0.46522 0.0654499 0.851231 0.660799 0.407616 
trait 3 0.3 0 0 0 0 0 0 0 
node 1 1 1 3
node 2 2 1 1
node 3 3 1 1
node 4 1 0 2
node 6 2 0 0
node 12 1 0 0
node 21 1 0 0
gene 2 1 4 -1.65821 0 1 -1.65821 1
gene 3 2 4 0.48886 0 2 0.48886 0
gene 1 3 4 -1.6536 0 3 -1.6536 0
gene 1 3 6 -3.97386 0 6 -3.97386 1
gene 1 6 4 1.12111 0 7 1.12111 1
gene 3 2 12 -2.59707 0 22 -2.59707 1
gene 3 12 4 2.68368 0 23 2.68368 1
gene 1 6 21 2.07233 0 47 2.07233 1
gene 3 21 4 0.675079 0 48 0.675079 1
genomeend 86

/* Organism #87 Fitness: 3.90074 Error: 2.02497 */
genomestart 87
trait 1 0.1 0 0 0 0 0 0 0 
trait 2 0.2 0 0 0.46522 0.0654499 0.851231 0.660799 0.407616 
trait 3 0.3 0 0 0 0 0 0 0 
node 1 1 1 3
node 2 2 1 1
node 3 3 1 1
node 4 1 0 2
node 6 2 0 0
node 12 1 0 0
node 21 1 0 0
gene 2 1 4 0.930763 0 1 0.930763 1
gene 3 2 4 2.42856 0 2 2.42856 0
gene 1 3 4 -0.302206 0 3 -0.302206 0
gene 2 3 6 -1.67767 0 6 -1.67767 1
gene 1 6 4 4.29512 0 7 4.29512 1
gene 3 2 12 2.18889 0 22 2.18889 1
gene 3 12 4 1.15974 0 23 1.15974 1
gene 1 6 21 -0.965428 0 47 -0.965428 1
gene 1 21 4 -1.56137 0 48 -1.56137 1
genomeend 87

/* Organism #88 Fitness: 3.97176 Error: 2.00707 */
genomestart 88
trait 1 0.1 0 0 0 0 0 0 0 
trait 2 0.2 0 0 0.46522 0.0654499 0.851231 0.660799 0.407616 
trait 3 0.3 0 0 0 0 0 0 0 
node 1 1 1 3
node 2 2 1 1
node 3 3 1 1
node 4 1 0 2
node 6 2 0 0
node 12 1 0 0
node 21 1 0 0
gene 2 1 4 -1.8128 0 1 -1.8128 1
gene 3 2 4 -0.53693 0 2 -0.53693 0
gene 1 3 4 -0.738551 0 3 -0.738551 0
gene 1 3 6 -3.82873 0 6 -3.82873 1
gene 1 6 4 3.84223 0 7 3.84223 1
gene 3 2 12 1.31691 0 22 1.31691 1
gene 3 12 4 4.42773 0 23 4.42773 1
gene 1 6 21 0.34111 0 47 0.34111 1
gene 1 21 4 1.20603 0 48 1.20603 1
genomeend 88

/* Organism #89 Fitness: 4.59235 Error: 1.85702 */
genomestart 89
trait 1 0.1 0 0 0 0 0 0 0 
trait 2 0.2 0 0 0.46522 0.0654499 0.851231 0.660799 0.407616 
trait 3 0.3 0 0 0 0 0 0 0 
node 1 1 1 3
node 2 2 1 1
node 3 3 1 1
node 4 1 0 2
node 6 2 0 0
node 12 2 0 0
node 21 1 0 0
gene 2 1 4 -1.15557 0 1 -1.15557 1
gene 3 2 4 -1.77125 0 2 -1.77125 1
gene 1 3 4 1.64634 0 3 1.64634 1
gene 1 3 6 -0.34255 0 6 -0.34255 1
gene 1 6 4 1.68742 0 7 1.68742 1
gene 3 2 12 1.44136 0 22 1.44136 1
gene 3 12 4 -2.29437 0 23 -2.29437 1
gene 1 6 21 2.40307 0 47 2.40307 1
gene 1 21 4 0.0355132 0 48 0.0355132 1
genomeend 89

/* Organism #90 Fitness: 3.99669 Error: 2.00083 */
genomestart 90
trait 1 0.1 0 0 0 0 0 0 0 
trait 2 0.2 0 0 0.46522 0.0654499 0.851231 0.660799 0.407616 
trait 3 0.3 0 0 0 0 0 0 0 
node 1 1 1 3
node 2 2 1 1
node 3 3 1 1
node 4 2 0 2
node 6 2 0 0
node 12 1 0 0
node 21 1 0 0
gene 2 1 4 -1.23858 0 1 -1.23858 1
gene 3 2 4 0.668285 0 2 0.668285 0
gene 1 3 4 2.3189 0 3 2.3189 1
gene 1 3 6 -1.948 0 6 -1.948 1
gene 1 6 4 1.86864 0 7 1.86864 1
gene 3 2 12 -2.32757 0 22 -2.32757 1
gene 3 12 4 1.03542 0 23 1.03542 1
gene 1 6 21 1.02116 0 47 1.02116 1
gene 1 21 4 1.85675 0 48 1.85675 1
genomeend 90

/* Organism #91 Fitness: 7.62739 Error: 1.23823 */
genomestart 91
trait 1 0 0 0.395128 0 0 0.570819 0 0 
trait 2 0.2 0 0 0.46522 0.0654499 0.851231 0.660799 0.407616 
trait 3 0.3 0 0 0 0 0 0 0 
node 1 1 1 3
node 2 2 1 1
node 3 3 1 1
node 4 1 0 2
node 6 2 0 0
node 12 1 0 0
node 21 1 0 0
gene 2 1 4 -1.28726 0 1 -1.28726 1
gene 3 2 4 0.00981255 0 2 0.00981255 0
gene 1 3 4 -0.0290188 0 3 -0.0290188 0
gene 1 3 6 -1.64292 0 6 -1.64292 1
gene 1 6 4 2.53351 0 7 2.53351 1
gene 3 2 12 -0.452425 0 22 -0.452425 1
gene 3 12 4 2.07904 0 23 2.07904 1
gene 1 6 21 2.44988 0 47 2.44988 1
gene 1 21 4 1.17459 0 48 1.17459 1
genomeend 91

/* Organism #92 Fitness: 7.66714 Error: 1.23104 */
genomestart 92
trait 1 0.1 0 0 0 0 0 0 0 
trait 2 0.2 0 0 0.46522 0.0654499 0.851231 0.660799 0.407616 
trait 3 0.3 0 0 0 0 0 0 0 
node 1 1 1 3
node 2 2 1 1
node 3 3 1 1
node 4 1 0 2
node 6 2 0 0
node 12 1 0 0
node 21 1 0 0
gene 2 1 4 -1.23858 0 1 -1.23858 1
gene 3 2 4 0.00981255 0 2 0.00981255 0
gene 1 3 4 -0.0290188 0 3 -0.0290188 0
gene 1 3 6 -1.73808 0 6 -1.73808 1
gene 1 6 4 2.53351 0 7 2.53351 1
gene 3 2 12 -0.452425 0 22 -0.452425 1
gene 3 12 4 2.07904 0 23 2.07904 1
gene 1 6 21 2.44988 0 47 2.44988 1
gene 1 21 4 1.1399 0 48 1.1399 1
genomeend 92

/* Species #9 : (Size 10) (AF 4.70204) (Age 13)  */


/* Organism #93 Fitness: 8.92172 Error: 1.01307 */
genomestart 93
trait 1 0.1 0 0 0 0 0 0 0 
trait 2 0.2 0 0 0.46522 0.0654499 0.851231 0.660799 0.407616 
trait 3 0.331198 0 0.126922 0.0944795 0.0587987 0.062138 0 0.242012 
node 1 1 1 3
node 2 2 1 1
node 3 3 1 1
node 4 1 0 2
node 6 2 0 0
node 12 1 0 0
node 22 1 0 0
node 39 1 0 0
gene 2 1 4 -1.73568 0 1 -1.73568 1
gene 3 2 4 -4.73707 0 2 -4.73707 1
gene 1 3 4 -5.21817 0 3 -5.21817 0
gene 1 3 6 6.62458 0 6 6.62458 1
gene 1 6 4 5.24439 0 7 5.24439 1
gene 3 2 12 2.46628 0 22 2.46628 1
gene 3 12 4 0.428731 0 23 0.428731 0
gene 3 12 22 1.15052 0 49 1.15052 0
gene 3 22 4 -2.69356 0 50 -2.69356 1
gene 1 1 12 -5.11785 0 66 -5.11785 1
gene 3 12 39 1.94886 0 94 1.94886 1
gene 3 39 22 1.49681 0 95 1.49681 1
genomeend 93

/* Organism #94 Fitness: 3.95291 Error: 2.01181 */
genomestart 94
trait 1 0.1 0 0 0 0 0 0 0 
trait 2 0.2 0 0 0.46522 0.0654499 0.851231 0.660799 0.407616 
trait 3 0.331198 0 0.126922 0.0944795 0.0587987 0.062138 0 0.242012 
node 1 1 1 3
node 2 2 1 1
node 3 3 1 1
node 4 1 0 2
node 6 2 0 0
node 12 1 0 0
node 22 1 0 0
node 39 1 0 0
gene 2 1 4 -1.18593 0 1 -1.18593 1
gene 3 2 4 -6.41882 0 2 -6.41882 1
gene 1 3 4 -7.44896 0 3 -7.44896 1
gene 1 3 6 -1.21859 0 6 -1.21859 1
gene 1 6 4 4.31756 0 7 4.31756 1
gene 3 2 12 2.59815 0 22 2.59815 1
gene 3 12 4 1.11176 0 23 1.11176 0
gene 3 12 22 0.160037 0 49 0.160037 0
gene 3 22 4 -1.87214 0 50 -1.87214 1
gene 1 1 12 -6.73741 0 66 -6.73741 1
gene 3 12 39 1.91075 0 94 1.91075 1
gene 3 39 22 3.61072 0 95 3.61072 1
genomeend 94

/* Organism #95 Fitness: 4.01624 Error: 1.99595 */
genomestart 95
trait 1 0.1 0 0 0 0 0 0 0 
trait 2 0.2 0 0 0.46522 0.0654499 0.851231 0.660799 0.407616 
trait 3 0.331198 0 0.126922 0.0944795 0.0587987 0.062138 0 0.242012 
node 1 1 1 3
node 2 2 1 1
node 3 3 1 1
node 4 1 0 2
node 6 2 0 0
node 12 1 0 0
node 22 1 0 0
node 39 1 0 0
gene 2 1 4 -0.15174 0 1 -0.15174 1
gene 3 2 4 -5.52144 0 2 -5.52144 1
gene 1 3 4 -3.06607 0 3 -3.06607 0
gene 1 3 6 8 0 6 8 1
gene 1 6 4 2.87542 0 7 2.87542 1
gene 3 2 12 2.02713 0 22 2.02713 1
gene 3 12 4 -0.0715854 0 23 -0.0715854 0
gene 3 12 22 3.02572 0 49 3.02572 0
gene 3 22 4 -2.34301 0 50 -2.34301 1
gene 2 1 12 -6.96419 0 66 -6.96419 1
gene 3 12 39 0.450419 0 94 0.450419 1
gene 3 39 22 -1.03885 0 95 -1.03885 1
genomeend 95

/* Organism #96 Fitness: 4.03464 Error: 1.99136 */
genomestart 96
trait 1 0.1 0 0 0 0.0973574 0.589863 0 0.617069 
trait 2 0.2 0 0 0.46522 0.0654499 0.851231 0.660799 0.407616 
trait 3 0.331198 0 0.126922 0.0944795 0.0587987 0.062138 0 0.242012 
node 1 1 1 3
node 2 2 1 1
node 3 3 1 1
node 4 1 0 2
node 6 2 0 0
node 12 1 0 0
node 22 1 0 0
node 39 1 0 0
gene 2 1 4 -0.964269 0 1 -0.964269 1
gene 3 2 4 -0.2674 0 2 -0.2674 1
gene 1 3 4 -3.16204 0 3 -3.16204 0
gene 1 3 6 6.62458 0 6 6.62458 1
gene 1 6 4 4.78107 0 7 4.78107 1
gene 3 2 12 0.290526 0 22 0.290526 1
gene 3 12 4 0.428731 0 23 0.428731 0
gene 3 12 22 2.54432 0 49 2.54432 0
gene 3 22 4 -2.69356 0 50 -2.69356 1
gene 1 1 12 -5.11785 0 66 -5.11785 1
gene 3 12 39 1.22014 0 94 1.22014 1
gene 3 39 22 2.28342 0 95 2.28342 1
genomeend 96

/* Organism #97 Fitness: 8.89883 Error: 1.01691 */
genomestart 97
trait 1 0.1 0 0 0 0 0 0 0 
trait 2 0.2 0 0 0.46522 0.0654499 0.851231 0.660799 0.407616 
trait 3 0.346797 0 0.126922 0.0944795 0.0587987 0.093207 0 0.242012 
node 1 1 1 3
node 2 2 1 1
node 3 3 1 1
node 4 1 0 2
node 6 2 0 0
node 12 1 0 0
node 22 1 0 0
node 39 1 0 0
gene 2 1 4 -1.73568 0 1 -1.73568 1
gene 3 2 4 -6.54015 0 2 -6.54015 1
gene 1 3 4 -5.21817 0 3 -5.21817 0
gene 1 3 6 6.62458 0 6 6.62458 1
gene 1 6 4 5.24439 0 7 5.24439 1
gene 3 2 12 2.46628 0 22 2.46628 1
gene 3 12 4 0.428731 0 23 0.428731 0
gene 3 12 22 1.15052 0 49 1.15052 0
gene 3 22 4 -2.69356 0 50 -2.69356 1
gene 1 1 12 -5.11785 0 66 -5.11785 1
gene 3 12 39 0.313555 0 94 0.313555 1
gene 3 39 22 2.20783 0 95 2.20783 1
genomeend 97

/* Organism #98 Fitness: 1.03786 Error: 2.98124 */
genomestart 98
trait 1 0.1 0 0 0 0 0 0 0 
trait 2 0.2 0 0 0.46522 0.0654499 0.851231 0.660799 0.407616 
trait 3 0.346797 0 0.126922 0.0944795 0.0587987 0.093207 0 0.242012 
node 1 1 1 3
node 2 2 1 1
node 3 3 1 1
node 4 1 0 2
node 6 2 0 0
node 12 1 0 0
node 22 1 0 0
node 39 1 0 0
gene 2 1 4 0.293054 0 1 0.293054 1
gene 3 2 4 -5.38647 0 2 -5.38647 1
gene 1 3 4 -5.21817 0 3 -5.21817 1
gene 1 3 6 3.26925 0 6 3.26925 1
gene 1 6 4 6.48279 0 7 6.48279 1
gene 3 2 12 2.46628 0 22 2.46628 1
gene 3 12 4 -0.874164 0 23 -0.874164 0
gene 3 12 22 -0.446092 0 49 -0.446092 0
gene 3 22 4 -2.69356 0 50 -2.69356 1
gene 1 1 12 -3.37684 0 66 -3.37684 1
gene 3 12 39 -0.729636 0 94 -0.729636 1
gene 3 39 22 2.22771 0 95 2.22771 1
genomeend 98

/* Organism #99 Fitness: 4.00426 Error: 1.99894 */
genomestart 99
trait 1 0.1 0 0 0 0 0 0 0 
trait 2 0.2 0 0 0.46522 0.0654499 0.851231 0.660799 0.407616 
trait 3 0.331198 0 0.126922 0.0944795 0.0587987 0.062138 0 0.242012 
node 1 1 1 3
node 2 2 1 1
node 3 3 1 1
node 4 1 0 2
node 6 2 0 0
node 12 1 0 0
node 22 1 0 0
node 39 1 0 0
gene 2 1 4 -0.246484 0 1 -0.246484 1
gene 3 2 4 -5.3418 0 2 -5.3418 1
gene 1 3 4 -4.03338 0 3 -4.03338 0
gene 1 3 6 6.04249 0 6 6.04249 1
gene 1 6 4 1.16688 0 7 1.16688 1
gene 3 2 12 4.22936 0 22 4.22936 0
gene 3 12 4 -0.51066 0 23 -0.51066 0
gene 3 12 22 3.21201 0 49 3.21201 0
gene 3 22 4 -2.30025 0 50 -2.30025 1
gene 1 1 12 -4.66241 0 66 -4.66241 1
gene 3 12 39 1.94886 0 94 1.94886 1
gene 3 39 22 2.90377 0 95 2.90377 1
genomeend 99

/* Organism #100 Fitness: 4.00254 Error: 1.99937 */
genomestart 100
trait 1 0.1 0 0 0 0 0 0 0 
trait 2 0.2 0 0 0.46522 0.0654499 0.851231 0.660799 0.407616 
trait 3 0.331198 0 0.126922 0.0944795 0.0587987 0.062138 0 0.242012 
node 1 1 1 3
node 2 2 1 1
node 3 3 1 1
node 4 1 0 2
node 6 2 0 0
node 12 1 0 0
node 22 1 0 0
node 39 1 0 0
gene 2 1 4 0.0377355 0 1 0.0377355 1
gene 3 2 4 -8 0 2 -8 1
gene 1 3 4 -5.20246 0 3 -5.20246 0
gene 1 3 6 4.83352 0 6 4.83352 1
gene 1 6 4 3.60886 0 7 3.60886 1
gene 3 2 12 1.24056 0 22 1.24056 0
gene 3 12 4 1.22567 0 23 1.22567 0
gene 3 12 22 0.696853 0 49 0.696853 0
gene 3 22 4 -0.347215 0 50 -0.347215 1
gene 1 1 12 -2.17022 0 66 -2.17022 1
gene 3 12 39 0.143046 0 94 0.143046 1
gene 3 39 22 3.49703 0 95 3.49703 1
genomeend 100

/* Organism #101 Fitness: 3.98978 Error: 2.00256 */
genomestart 101
trait 1 0.1 0 0 0 0 0 0 0 
trait 2 0.2 0 0 0.46522 0.0654499 0.851231 0.660799 0.407616 
trait 3 0.315599 0 0.126922 0.0944795 0.0587987 0.031069 0 0.242012 
node 1 1 1 3
node 2 2 1 1
node 3 3 1 1
node 4 1 0 2
node 6 2 0 0
node 12 1 0 0
node 22 1 0 0
node 39 1 0 0
gene 2 1 4 -2.80603 0 1 -2.80603 1
gene 3 2 4 -0.231973 0 2 -0.231973 1
gene 1 3 4 -2.80589 0 3 -2.80589 0
gene 1 3 6 7.80838 0 6 7.80838 1
gene 1 6 4 7.5034 0 7 7.5034 1
gene 3 2 12 3.98871 0 22 3.98871 0
gene 3 12 4 -1.57168 0 23 -1.57168 0
gene 3 12 22 0.397074 0 49 0.397074 0
gene 3 22 4 -2.20458 0 50 -2.20458 1
gene 1 1 12 -4.43321 0 66 -4.43321 1
gene 3 12 39 4.24767 0 94 4.24767 1
gene 3 39 22 1.13759 0 95 1.13759 1
genomeend 101

/* Organism #102 Fitness: 4.16164 Error: 1.95999 */
genomestart 102
trait 1 0.1 0 0 0 0 0 0 0 
trait 2 0.2 0 0 0.46522 0.0654499 0.851231 0.660799 0.407616 
trait 3 0.3 0 0.126922 0.0944795 0.0587987 0 0 0.242012 
node 1 1 1 3
node 2 2 1 1
node 3 3 1 1
node 4 1 0 2
node 6 2 0 0
node 12 1 0 0
node 22 1 0 0
node 39 1 0 0
node 62 1 0 0
gene 2 1 4 0.226417 0 1 0.226417 1
gene 3 2 4 -6.8374 0 2 -6.8374 1
gene 1 3 4 -3.65784 0 3 -3.65784 0
gene 1 3 6 7.53106 0 6 7.53106 1
gene 1 6 4 3.27821 0 7 3.27821 1
gene 3 2 12 3.37517 0 22 3.37517 0
gene 3 12 4 2.02577 0 23 2.02577 0
gene 3 12 22 1.43749 0 49 1.43749 0
gene 3 22 4 -1.22104 0 50 -1.22104 1
gene 1 1 12 -4.47794 0 66 -4.47794 1
gene 3 12 39 1.45237 0 94 1.45237 1
gene 3 39 22 2.98392 0 95 2.98392 1
gene 3 2 62 1 0 159 1 1
gene 3 62 12 -0.477366 0 160 -0.477366 1
genomeend 102

/* Species #10 : (Size 11) (AF 6.77008) (Age 9)  */


/* Organism #103 Fitness: 9 Error: 1 */
genomestart 103
trait 1 0.1 0 0 0 0 0 0 0 
trait 2 0.2 0 0 0.46522 0.0654499 0.851231 0.660799 0.407616 
trait 3 0.640317 0 0 0 0 0 0 0 
node 1 1 1 3
node 2 2 1 1
node 3 3 1 1
node 4 1 0 2
node 6 1 0 0
node 33 1 0 0
node 37 1 0 0
gene 2 1 4 4.94134 0 1 4.94134 1
gene 2 2 4 -4.44188 0 2 -4.44188 1
gene 1 3 4 3.36131 0 3 3.36131 1
gene 1 3 6 2.1511 0 6 2.1511 0
gene 1 6 4 -6.29619 0 7 -6.29619 1
gene 2 2 33 1.51097 0 80 1.51097 1
gene 3 33 4 -3.92257 0 81 -3.92257 1
gene 1 3 37 -1.54529 0 90 -1.54529 1
gene 1 37 6 6.81583 0 91 6.81583 1
genomeend 103

/* Organism #104 Fitness: 8.96811 Error: 1.00532 */
genomestart 104
trait 1 0.1 0 0 0 0 0 0 0 
trait 2 0.2 0 0 0.46522 0.0654499 0.851231 0.660799 0.407616 
trait 3 0.640317 0 0 0 0 0 0 0 
node 1 1 1 3
node 2 2 1 1
node 3 3 1 1
node 4 1 0 2
node 6 1 0 0
node 33 1 0 0
node 37 1 0 0
gene 2 1 4 4.49088 0 1 4.49088 1
gene 2 2 4 1.03472 0 2 1.03472 1
gene 1 3 4 3.16018 0 3 3.16018 1
gene 1 3 6 2.9897 0 6 2.9897 0
gene 1 6 4 -7.48311 0 7 -7.48311 1
gene 2 2 33 -1.14991 0 80 -1.14991 1
gene 3 33 4 -4.82905 0 81 -4.82905 1
gene 1 3 37 -0.270294 0 90 -0.270294 1
gene 1 37 6 0.130598 0 91 0.130598 1
genomeend 104

/* Organism #105 Fitness: 8.997 Error: 1.0005 */
genomestart 105
trait 1 0.1 0 0 0 0 0 0 0 
trait 2 0.2 0 0 0.46522 0.0654499 0.851231 0.660799 0.407616 
trait 3 0.640317 0 0 0 0 0 0 0 
node 1 2 1 3
node 2 2 1 1
node 3 3 1 1
node 4 1 0 2
node 6 1 0 0
node 33 1 0 0
node 37 1 0 0
gene 2 1 4 5.3875 0 1 5.3875 1
gene 2 2 4 -4.44188 0 2 -4.44188 1
gene 1 3 4 3.36131 0 3 3.36131 1
gene 1 3 6 2.1511 0 6 2.1511 0
gene 1 6 4 -6.29619 0 7 -6.29619 1
gene 2 2 33 1.51097 0 80 1.51097 1
gene 3 33 4 -5.80502 0 81 -5.80502 1
gene 1 3 37 -0.708262 0 90 -0.708262 1
gene 1 37 6 5.26741 0 91 5.26741 1
genomeend 105

/* Organism #106 Fitness: 4.02172 Error: 1.99458 */
genomestart 106
trait 1 0.1 0 0 0 0 0 0 0 
trait 2 0.2 0 0 0.46522 0.0654499 0.851231 0.660799 0.407616 
trait 3 0.640317 0 0 0 0 0 0 0 
node 1 1 1 3
node 2 2 1 1
node 3 3 1 1
node 4 1 0 2
node 6 1 0 0
node 33 1 0 0
node 37 1 0 0
gene 2 1 4 4.27961 0 1 4.27961 1
gene 2 2 4 -4.03635 0 2 -4.03635 1
gene 1 3 4 1.81855 0 3 1.81855 1
gene 1 3 6 -0.117232 0 6 -0.117232 0
gene 1 6 4 -5.1154 0 7 -5.1154 1
gene 2 2 33 -0.559025 0 80 -0.559025 1
gene 3 33 4 -3.95478 0 81 -3.95478 1
gene 1 3 37 -2.45462 0 90 -2.45462 1
gene 1 37 6 -0.316392 0 91 -0.316392 1
genomeend 106

/* Organism #107 Fitness: 8.99989 Error: 1.00002 */
genomestart 107
trait 1 0.1 0 0 0 0 0 0 0 
trait 2 0.2 0 0 0.46522 0.0654499 0.851231 0.660799 0.407616 
trait 3 0.640317 0 0 0 0 0 0 0 
node 1 1 1 3
node 2 2 1 1
node 3 3 1 1
node 4 1 0 2
node 6 1 0 0
node 33 1 0 0
node 37 1 0 0
gene 2 1 4 5.4502 0 1 5.4502 1
gene 2 2 4 -4.39714 0 2 -4.39714 1
gene 1 3 4 3.04358 0 3 3.04358 1
gene 1 3 6 2.19234 0 6 2.19234 0
gene 1 6 4 -8 0 7 -8 1
gene 2 2 33 1.07315 0 80 1.07315 1
gene 3 33 4 -2.32505 0 81 -2.32505 1
gene 1 3 37 -2.4424 0 90 -2.4424 1
gene 1 37 6 3.01588 0 91 3.01588 1
genomeend 107

/* Organism #108 Fitness: 3.99872 Error: 2.00032 */
genomestart 108
trait 1 0.1 0 0 0 0 0 0 0 
trait 2 0.2 0 0 0.46522 0.0654499 0.851231 0.660799 0.407616 
trait 3 0.640317 0 0 0 0 0 0 0 
node 1 2 1 3
node 2 2 1 1
node 3 3 1 1
node 4 1 0 2
node 6 1 0 0
node 33 1 0 0
node 37 1 0 0
gene 2 1 4 5.16442 0 1 5.16442 1
gene 2 2 4 -3.24715 0 2 -3.24715 1
gene 1 3 4 5.47615 0 3 5.47615 1
gene 1 3 6 -0.829913 0 6 -0.829913 0
gene 1 6 4 -8 0 7 -8 1
gene 2 2 33 0.863991 0 80 0.863991 1
gene 3 33 4 2.40252 0 81 2.40252 1
gene 1 3 37 -1.10317 0 90 -1.10317 1
gene 1 37 6 6.64124 0 91 6.64124 1
genomeend 108

/* Organism #109 Fitness: 4.00001 Error: 2 */
genomestart 109
trait 1 0.1 0 0 0 0 0 0 0 
trait 2 0.2 0 0 0.46522 0.0654499 0.851231 0.660799 0.407616 
trait 3 0.640317 0 0 0 0 0 0 0 
node 1 2 1 3
node 2 2 1 1
node 3 3 1 1
node 4 1 0 2
node 6 1 0 0
node 33 1 0 0
node 37 1 0 0
gene 2 1 4 4.46849 0 1 4.46849 1
gene 2 2 4 -2.05028 0 2 -2.05028 1
gene 1 3 4 4.8347 0 3 4.8347 1
gene 1 3 6 4.93729 0 6 4.93729 0
gene 1 6 4 -8 0 7 -8 1
gene 2 2 33 4.40979 0 80 4.40979 1
gene 3 33 4 -7.74343 0 81 -7.74343 1
gene 1 3 37 0.0765294 0 90 0.0765294 1
gene 1 37 6 2.93485 0 91 2.93485 1
genomeend 109

/* Organism #110 Fitness: 4.13797 Error: 1.9658 */
genomestart 110
trait 1 0.1 0 0 0 0 0 0 0 
trait 2 0.2 0 0 0.46522 0.0654499 0.851231 0.660799 0.407616 
trait 3 0.640317 0 0 0 0 0 0 0 
node 1 1 1 3
node 2 2 1 1
node 3 3 1 1
node 4 1 0 2
node 6 1 0 0
node 33 1 0 0
node 37 1 0 0
node 68 1 0 0
gene 2 1 4 3.93353 0 1 3.93353 1
gene 2 2 4 -4.44188 0 2 -4.44188 1
gene 1 3 4 3.16018 0 3 3.16018 1
gene 1 3 6 1.41179 0 6 1.41179 0
gene 1 6 4 -6.29619 0 7 -6.29619 0
gene 2 2 33 -1.64185 0 80 -1.64185 1
gene 3 33 4 -3.92257 0 81 -3.92257 1
gene 1 3 37 -1.54529 0 90 -1.54529 1
gene 1 37 6 6.81583 0 91 6.81583 1
gene 1 6 68 1 0 184 0 1
gene 1 68 4 -6.29619 0 185 0 1
genomeend 110

/* Organism #111 Fitness: 8.99895 Error: 1.00017 */
genomestart 111
trait 1 0.1 0 0 0 0 0 0 0 
trait 2 0.2 0 0 0.46522 0.0654499 0.851231 0.660799 0.407616 
trait 3 0.640317 0 0 0 0 0 0 0 
node 1 2 1 3
node 2 2 1 1
node 3 3 1 1
node 4 1 0 2
node 6 1 0 0
node 33 1 0 0
node 37 1 0 0
gene 2 1 4 4.66051 0 1 4.66051 1
gene 2 2 4 -3.67486 0 2 -3.67486 1
gene 1 3 4 4.11719 0 3 4.11719 1
gene 1 3 6 2.5485 0 6 2.5485 0
gene 1 6 4 -7.1481 0 7 -7.1481 1
gene 2 2 33 0.547254 0 80 0.547254 1
gene 3 33 4 -4.86379 0 81 -4.86379 1
gene 1 3 37 -0.681623 0 90 -0.681623 1
gene 1 37 6 3.52118 0 91 3.52118 1
genomeend 111

/* Organism #112 Fitness: 4.34853 Error: 1.91469 */
genomestart 112
trait 1 0.1 0 0.952852 0 0 0 0 0 
trait 2 0.2 0 0 0.46522 0.0654499 0.851231 0.660799 0.407616 
trait 3 0.640317 0 0 0 0 0 0 0 
node 1 1 1 3
node 2 2 1 1
node 3 3 1 1
node 4 1 0 2
node 6 1 0 0
node 33 1 0 0
node 37 1 0 0
gene 2 1 4 6.97598 0 1 6.97598 1
gene 2 2 4 -2.78234 0 2 -2.78234 1
gene 1 3 4 2.04639 0 3 2.04639 1
gene 1 3 6 1.66695 0 6 1.66695 0
gene 1 6 4 -7.83948 0 7 -7.83948 1
gene 2 2 33 0.457043 0 80 0.457043 1
gene 3 33 4 -3.32925 0 81 -3.32925 1
gene 1 3 37 -1.62387 0 90 -1.62387 1
gene 1 37 6 -0.55569 0 91 -0.55569 1
genomeend 112

/* Organism #113 Fitness: 9 Error: 1 */
genomestart 113
trait 1 0.1 0 0 0 0 0 0 0 
trait 2 0.2 0 0 0.46522 0.0654499 0.851231 0.660799 0.407616 
trait 3 0.640317 0 0 0 0 0 0 0 
node 1 2 1 3
node 2 2 1 1
node 3 3 1 1
node 4 1 0 2
node 6 1 0 0
node 33 1 0 0
node 37 1 0 0
gene 2 1 4 5.81873 0 1 5.81873 1
gene 2 2 4 -5.00102 0 2 -5.00102 1
gene 1 3 4 3.30051 0 3 3.30051 1
gene 1 3 6 6.05223 0 6 6.05223 0
gene 1 6 4 -8 0 7 -8 1
gene 2 2 33 2.0585 0 80 2.0585 1
gene 3 33 4 -2.22844 0 81 -2.22844 1
gene 1 3 37 -0.708262 0 90 -0.708262 1
gene 1 37 6 3.80061 0 91 3.80061 1
genomeend 113

/* Species #12 : (Size 14) (AF 7.0413) (Age 5)  */


/* Organism #114 Fitness: 8.9999 Error: 1.00002 */
genomestart 114
trait 1 0.1 0 0 0 0 0 0 0 
trait 2 0.2 0 0 0.46522 0.0654499 0.851231 0.660799 0.407616 
trait 3 0.385079 0 0 0 0 0 0 0 
node 1 1 1 3
node 2 2 1 1
node 3 3 1 1
node 4 1 0 2
node 6 1 0 0
node 54 1 0 0
gene 2 1 4 8 0 1 8 1
gene 2 2 4 -5.69456 0 2 -5.69456 1
gene 1 3 4 -4.7149 0 3 -4.7149 1
gene 1 3 6 8 0 6 8 1
gene 3 6 4 -1.38822 0 7 -1.38822 0
gene 1 6 54 -1.4113 0 136 -1.4113 1
gene 1 54 4 1.00803 0 137 1.00803 1
genomeend 114

/* Organism #115 Fitness: 8.9717 Error: 1.00472 */
genomestart 115
trait 1 0.1 0 0 0 0 0 0 0 
trait 2 0.2 0 0 0.46522 0.0654499 0.851231 0.660799 0.407616 
trait 3 0.385079 0 0 0 0 0 0 0 
node 1 1 1 3
node 2 2 1 1
node 3 3 1 1
node 4 1 0 2
node 6 1 0 0
node 54 1 0 0
gene 2 1 4 7.83472 0 1 7.83472 1
gene 2 2 4 -6.75235 0 2 -6.75235 1
gene 1 3 4 -4.78118 0 3 -4.78118 1
gene 1 3 6 6.63464 0 6 6.63464 1
gene 3 6 4 0.730888 0 7 0.730888 0
gene 1 6 54 -2.66821 0 136 -2.66821 1
gene 1 54 4 3.1165 0 137 3.1165 1
genomeend 115

/* Organism #116 Fitness: 8.99989 Error: 1.00002 */
genomestart 116
trait 1 0.1 0 0 0 0 0 0 0 
trait 2 0.2 0 0 0.46522 0.0654499 0.851231 0.660799 0.407616 
trait 3 0.385079 0 0 0 0 0 0 0 
node 1 1 1 3
node 2 2 1 1
node 3 3 1 1
node 4 1 0 2
node 6 1 0 0
node 54 1 0 0
gene 2 1 4 8 0 1 8 1
gene 2 2 4 -5.4683 0 2 -5.4683 1
gene 1 3 4 -4.77248 0 3 -4.77248 1
gene 1 3 6 8 0 6 8 1
gene 3 6 4 0.0242418 0 7 0.0242418 0
gene 1 6 54 -1.15587 0 136 -1.15587 1
gene 1 54 4 2.01607 0 137 2.01607 1
genomeend 116

/* Organism #117 Fitness: 4 Error: 2 */
genomestart 117
trait 1 0.1 0 0 0 0 0 0 0 
trait 2 0.2 0 0 0.46522 0.0654499 0.851231 0.660799 0.407616 
trait 3 0.385079 0 0 0 0 0 0 0 
node 1 1 1 3
node 2 2 1 1
node 3 3 1 1
node 4 1 0 2
node 6 1 0 0
node 54 1 0 0
gene 2 1 4 8 0 1 8 1
gene 2 2 4 1.31684 0 2 1.31684 1
gene 1 3 4 -4.82424 0 3 -4.82424 1
gene 1 3 6 2.36914 0 6 2.36914 1
gene 3 6 4 -0.100871 0 7 -0.100871 0
gene 1 6 54 -2.20606 0 136 -2.20606 1
gene 1 54 4 -0.624016 0 137 -0.624016 1
genomeend 117

/* Organism #118 Fitness: 8.9998 Error: 1.00003 */
genomestart 118
trait 1 0.1 0 0 0 0 0 0 0 
trait 2 0.2 0 0 0.46522 0.0654499 0.851231 0.660799 0.407616 
trait 3 0.385079 0 0 0 0 0 0 0 
node 1 1 1 3
node 2 2 1 1
node 3 3 1 1
node 4 1 0 2
node 6 1 0 0
node 54 1 0 0
node 68 1 0 0
gene 2 1 4 8 0 1 8 1
gene 2 2 4 -6.50673 0 2 -6.50673 1
gene 1 3 4 -8 0 3 -8 1
gene 1 3 6 5.37793 0 6 5.37793 1
gene 1 6 4 2.58216 0 7 2.58216 0
gene 1 6 54 1.31377 0 136 1.31377 1
gene 1 54 4 1.85594 0 137 1.85594 1
gene 1 6 68 1 0 184 0 1
gene 1 68 4 2.58216 0 185 0 1
genomeend 118

/* Organism #119 Fitness: 4.00004 Error: 1.99999 */
genomestart 119
trait 1 0.1 0 0 0 0 0 0 0 
trait 2 0.2 0 0 0.46522 0.0654499 0.851231 0.660799 0.407616 
trait 3 0.385079 0 0 0 0 0 0 0 
node 1 1 1 3
node 2 2 1 1
node 3 3 1 1
node 4 1 0 2
node 6 1 0 0
node 54 1 0 0
gene 2 1 4 8 0 1 8 1
gene 2 2 4 -3.25465 0 2 -3.25465 1
gene 1 3 4 -3.11841 0 3 -3.11841 1
gene 1 3 6 8 0 6 8 1
gene 3 6 4 0.284723 0 7 0.284723 0
gene 1 6 54 1.40908 0 136 1.40908 1
gene 1 54 4 0.733897 0 137 0.733897 1
genomeend 119

/* Organism #120 Fitness: 6.36563 Error: 1.47698 */
genomestart 120
trait 1 0 0 0 0 0 0.791991 0 0.703965 
trait 2 0.2 0 0 0.46522 0.0654499 0.851231 0.660799 0.407616 
trait 3 0.385079 0 0 0 0 0 0 0 
node 1 1 1 3
node 2 2 1 1
node 3 3 1 1
node 4 1 0 2
node 6 1 0 0
node 54 1 0 0
gene 2 1 4 6.61111 0 1 6.61111 1
gene 2 2 4 -1.79349 0 2 -1.79349 1
gene 1 3 4 -4.27995 0 3 -4.27995 1
gene 1 3 6 -0.633006 0 6 -0.633006 1
gene 1 6 4 -2.56943 0 7 -2.56943 0
gene 1 6 54 2.31581 0 136 2.31581 1
gene 1 54 4 -0.89963 0 137 -0.89963 1
genomeend 120

/* Organism #121 Fitness: 3.99975 Error: 2.00006 */
genomestart 121
trait 1 0.1 0 0 0 0 0 0 0 
trait 2 0.2 0 0 0.46522 0.0654499 0.851231 0.660799 0.407616 
trait 3 0.385079 0 0 0 0 0 0 0 
node 1 1 1 3
node 2 2 1 1
node 3 3 1 1
node 4 1 0 2
node 6 1 0 0
node 54 1 0 0
gene 2 1 4 5.40585 0 1 5.40585 1
gene 2 2 4 -0.480014 0 2 -0.480014 1
gene 1 3 4 -6.44063 0 3 -6.44063 1
gene 1 3 6 2.16035 0 6 2.16035 1
gene 1 6 4 -1.32026 0 7 -1.32026 1
gene 1 6 54 1.37449 0 136 1.37449 1
gene 1 54 4 -2.40214 0 137 -2.40214 1
genomeend 121

/* Organism #122 Fitness: 8.99095 Error: 1.00151 */
genomestart 122
trait 1 0.1 0 0 0 0 0 0 0 
trait 2 0.2 0 0 0.46522 0.0654499 0.851231 0.660799 0.407616 
trait 3 0.385079 0 0 0 0 0 0 0 
node 1 1 1 3
node 2 2 1 1
node 3 3 1 1
node 4 1 0 2
node 6 1 0 0
node 54 1 0 0
gene 2 1 4 8 0 1 8 1
gene 2 2 4 -4.90977 0 2 -4.90977 1
gene 1 3 4 -4.4093 0 3 -4.4093 1
gene 1 3 6 8 0 6 8 1
gene 3 6 4 -1.50213 0 7 -1.50213 0
gene 1 6 54 -2.01976 0 136 -2.01976 1
gene 1 54 4 -0.103256 0 137 -0.103256 1
genomeend 122

/* Organism #123 Fitness: 8.99926 Error: 1.00012 */
genomestart 123
trait 1 0.1 0 0 0 0 0 0 0 
trait 2 0.2 0 0 0.46522 0.0654499 0.851231 0.660799 0.407616 
trait 3 0.385079 0 0 0 0 0 0 0 
node 1 1 1 3
node 2 2 1 1
node 3 3 1 1
node 4 1 0 2
node 6 1 0 0
node 54 1 0 0
gene 2 1 4 7.57297 0 1 7.57297 1
gene 2 2 4 -5.69456 0 2 -5.69456 1
gene 1 3 4 -4.7149 0 3 -4.7149 1
gene 1 3 6 4.26665 0 6 4.26665 1
gene 1 6 4 -0.498172 0 7 -0.498172 0
gene 1 6 54 2.15513 0 136 1.65513 1
gene 1 54 4 1.00803 0 137 1.00803 1
genomeend 123

/* Organism #124 Fitness: 4 Error: 2 */
genomestart 124
trait 1 0.1 0 0 0 0 0 0 0 
trait 2 0.2 0 0 0.46522 0.0654499 0.851231 0.660799 0.407616 
trait 3 0.385079 0 0 0 0 0 0 0 
node 1 1 1 3
node 2 2 1 1
node 3 3 1 1
node 4 1 0 2
node 6 1 0 0
node 54 1 0 0
gene 2 1 4 -1.10908 0 1 -1.10908 1
gene 2 2 4 -1.75781 0 2 -1.75781 1
gene 1 3 4 -5.11239 0 3 -5.11239 1
gene 1 3 6 4.52188 0 6 4.52188 1
gene 1 6 4 2.43861 0 7 2.43861 0
gene 1 6 54 0.202918 0 136 0.202918 1
gene 1 54 4 -2.92409 0 137 -2.92409 1
genomeend 124

/* Organism #125 Fitness: 8.99925 Error: 1.00013 */
genomestart 125
trait 1 0.1 0 0 0 0 0 0 0 
trait 2 0.2 0 0 0.46522 0.0654499 0.851231 0.660799 0.407616 
trait 3 0.385079 0 0 0 0 0 0 0 
node 1 1 1 3
node 2 2 1 1
node 3 3 1 1
node 4 1 0 2
node 6 1 0 0
node 54 1 0 0
gene 2 1 4 7.57297 0 1 7.57297 1
gene 2 2 4 -4.04941 0 2 -4.04941 1
gene 1 3 4 -4.82424 0 3 -4.82424 1
gene 1 3 6 4.26665 0 6 4.26665 1
gene 1 6 4 -0.498172 0 7 -0.498172 0
gene 1 6 54 2.15513 0 136 1.65513 1
gene 1 54 4 -0.562563 0 137 0.388674 1
genomeend 125

/* Organism #126 Fitness: 8.99923 Error: 1.00013 */
genomestart 126
trait 1 0.1 0 0 0 0 0 0 0 
trait 2 0.2 0 0 0.46522 0.0654499 0.851231 0.660799 0.407616 
trait 3 0.385079 0 0 0 0 0 0 0 
node 1 1 1 3
node 2 2 1 1
node 3 3 1 1
node 4 1 0 2
node 6 1 0 0
node 54 1 0 0
gene 2 1 4 7.78649 0 1 7.78649 1
gene 2 2 4 -4.87198 0 2 -4.87198 1
gene 1 3 4 -4.76957 0 3 -4.76957 1
gene 1 3 6 6.13333 0 6 6.13333 1
gene 1 6 4 -0.943194 0 7 -0.943194 0
gene 1 6 54 0.371918 0 136 0.121918 1
gene 1 54 4 0.222734 0 137 0.698352 1
gene 2 3 54 -0.714569 0 186 -0.714569 1
genomeend 126

/* Organism #127 Fitness: 4.25279 Error: 1.93777 */
genomestart 127
trait 1 0.1 0 0 0 0 0 0 0 
trait 2 0.2 0 0 0.46522 0.0654499 0.851231 0.660799 0.407616 
trait 3 0.385079 0 0 0 0 0 0 0 
node 1 1 1 3
node 2 2 1 1
node 3 3 1 1
node 4 1 0 2
node 6 1 0 0
node 54 1 0 0
gene 2 1 4 8 0 1 8 1
gene 2 2 4 -3.58288 0 2 -3.58288 1
gene 1 3 4 -4.47388 0 3 -4.47388 1
gene 1 3 6 5.04047 0 6 5.04047 1
gene 1 6 4 -1.56372 0 7 -1.56372 0
gene 1 6 54 0.3618 0 136 0.3618 1
gene 1 54 4 0.709952 0 137 0.709952 1
genomeend 127

/* Species #13 : (Size 7) (AF 4.02296) (Age 5)  */


/* Organism #128 Fitness: 4.17566 Error: 1.95656 */
genomestart 128
trait 1 0.05 0.0676065 0 0 0 0.273138 0 0 
trait 2 0.2 0 0 0.46522 0.0654499 0.851231 0.660799 0.407616 
trait 3 0.3 0 0.126922 0.0257548 0 0 0.103894 0.242012 
node 1 1 1 3
node 2 2 1 1
node 3 3 1 1
node 4 1 0 2
node 6 2 0 0
node 12 1 0 0
node 22 1 0 0
gene 2 1 4 0.918045 0 1 0.918045 1
gene 1 2 4 2.03194 0 2 2.03194 0
gene 1 3 4 -6.72913 0 3 -6.72913 0
gene 1 3 6 6.36818 0 6 6.36818 1
gene 1 6 4 1.01942 0 7 1.01942 1
gene 3 2 12 3.78445 0 22 3.78445 1
gene 3 12 4 -0.670402 0 23 -0.670402 0
gene 3 12 22 -1.24199 0 49 -1.24199 1
gene 3 22 4 -6.24176 0 50 -6.24176 1
gene 1 1 12 -0.553985 0 66 -0.553985 1
genomeend 128

/* Organism #129 Fitness: 3.98308 Error: 2.00423 */
genomestart 129
trait 1 0.075 0.0338033 0 0 0 0.136569 0 0 
trait 2 0.2 0 0 0.46522 0.0654499 0.851231 0.660799 0.407616 
trait 3 0.3 0 0.126922 0.0257548 0 0 0.103894 0.242012 
node 1 1 1 3
node 2 2 1 1
node 3 3 1 1
node 4 1 0 2
node 6 2 0 0
node 12 1 0 0
node 22 1 0 0
gene 2 1 4 -1.47821 0 1 -1.47821 1
gene 1 2 4 3.09365 0 2 3.09365 0
gene 1 3 4 -4.82666 0 3 -4.82666 0
gene 1 3 6 7.07534 0 6 7.07534 1
gene 1 6 4 0.961918 0 7 0.961918 1
gene 3 2 12 0.382892 0 22 0.382892 1
gene 3 12 4 1.23275 0 23 1.23275 0
gene 3 12 22 -2.91018 0 49 -2.91018 1
gene 3 22 4 -7.9209 0 50 -7.9209 1
gene 1 1 12 -0.693436 0 66 -0.693436 1
genomeend 129

/* Organism #130 Fitness: 3.99977 Error: 2.00006 */
genomestart 130
trait 1 0.05 0.0676065 0 0 0 0.273138 0 0 
trait 2 0.2 0 0 0.46522 0.0654499 0.851231 0.660799 0.407616 
trait 3 0.3 0 0.126922 0.0257548 0 0 0.103894 0.242012 
node 1 1 1 3
node 2 2 1 1
node 3 3 1 1
node 4 1 0 2
node 6 2 0 0
node 12 1 0 0
node 22 1 0 0
gene 2 1 4 -1.37975 0 1 -1.37975 1
gene 1 2 4 3.79459 0 2 3.79459 0
gene 1 3 4 -6.23374 0 3 -6.23374 0
gene 1 3 6 6.36818 0 6 6.36818 1
gene 1 6 4 -0.613287 0 7 -0.613287 1
gene 3 2 12 -2.32615 0 22 -2.32615 1
gene 3 12 4 0.244099 0 23 0.244099 0
gene 3 12 22 -1.28593 0 49 -1.28593 1
gene 3 22 4 -6.38347 0 50 -6.38347 1
gene 1 1 12 2.47397 0 66 2.47397 1
genomeend 130

/* Organism #131 Fitness: 3.99948 Error: 2.00013 */
genomestart 131
trait 1 0.075 0.0338033 0 0 0 0.136569 0 0 
trait 2 0.2 0 0 0.46522 0.0654499 0.851231 0.660799 0.407616 
trait 3 0.3 0 0.126922 0.0257548 0 0 0.103894 0.242012 
node 1 1 1 3
node 2 2 1 1
node 3 3 1 1
node 4 1 0 2
node 6 2 0 0
node 12 1 0 0
node 22 1 0 0
gene 2 1 4 -0.757362 0 1 -0.757362 1
gene 1 2 4 2.26413 0 2 2.26413 0
gene 1 3 4 -7.084 0 3 -7.084 0
gene 1 3 6 1.36184 0 6 1.36184 1
gene 1 6 4 3.43083 0 7 3.43083 1
gene 3 2 12 2.71753 0 22 2.71753 1
gene 3 12 4 1.94116 0 23 1.94116 0
gene 3 12 22 -3.4796 0 49 -3.4796 1
gene 3 22 4 1.68204 0 50 1.68204 1
gene 1 1 12 -3.52292 0 66 -3.52292 1
genomeend 131

/* Organism #132 Fitness: 4.00119 Error: 1.9997 */
genomestart 132
trait 1 0.075 0.0338033 0 0 0 0.136569 0 0 
trait 2 0.2 0 0 0.46522 0.0654499 0.851231 0.660799 0.407616 
trait 3 0.3 0 0.126922 0.0257548 0 0 0.103894 0.242012 
node 1 1 1 3
node 2 2 1 1
node 3 3 1 1
node 4 1 0 2
node 6 2 0 0
node 12 1 0 0
node 22 1 0 0
gene 2 1 4 0.012925 0 1 0.012925 1
gene 1 2 4 2.22173 0 2 2.22173 0
gene 1 3 4 -5.60822 0 3 -5.60822 0
gene 1 3 6 4.61846 0 6 4.61846 1
gene 1 6 4 -0.764306 0 7 -0.764306 1
gene 3 2 12 3.42114 0 22 3.42114 1
gene 3 12 4 1.82453 0 23 1.82453 0
gene 3 12 22 -0.198685 0 49 -0.198685 1
gene 3 22 4 -3.90613 0 50 -3.90613 1
gene 1 1 12 0.369369 0 66 0.369369 1
genomeend 132

/* Organism #133 Fitness: 4 Error: 2 */
genomestart 133
trait 1 0.1 0 0 0 0 0 0 0 
trait 2 0.2 0 0 0.46522 0.0654499 0.851231 0.660799 0.407616 
trait 3 0.3 0 0.126922 0.0257548 0 0 0.103894 0.242012 
node 1 1 1 3
node 2 2 1 1
node 3 3 1 1
node 4 1 0 2
node 6 2 0 0
node 12 1 0 0
node 22 1 0 0
gene 2 1 4 0.690648 0 1 0.690648 1
gene 1 2 4 3.9886 0 2 3.9886 0
gene 1 3 4 -5.11558 0 3 -5.11558 0
gene 1 3 6 3.40833 0 6 3.40833 1
gene 1 6 4 -0.0689692 0 7 -0.0689692 1
gene 3 2 12 -1.70675 0 22 -1.70675 1
gene 3 12 4 -0.204019 0 23 -0.204019 0
gene 3 12 22 -3.92125 0 49 -3.92125 1
gene 3 22 4 2.85017 0 50 2.85017 1
gene 1 1 12 -3.44557 0 66 -3.44557 1
genomeend 133

/* Organism #134 Fitness: 4.00153 Error: 1.99962 */
genomestart 134
trait 1 0.1 0 0 0 0 0 0 0 
trait 2 0.2 0 0 0.46522 0.0654499 0.851231 0.660799 0.407616 
trait 3 0 0 0.326564 0.272838 0.277476 0 0 0.059717 
node 1 1 1 3
node 2 2 1 1
node 3 3 1 1
node 4 1 0 2
node 6 2 0 0
node 12 1 0 0
node 22 1 0 0
gene 2 1 4 -0.718148 0 1 -0.718148 1
gene 1 2 4 1.56416 0 2 1.56416 0
gene 1 3 4 -8 0 3 -8 0
gene 1 3 6 1.88849 0 6 1.88849 1
gene 1 6 4 0.726849 0 7 0.726849 1
gene 3 2 12 0.491209 0 22 0.491209 1
gene 3 12 4 4.23055 0 23 4.23055 0
gene 3 12 22 -2.84084 0 49 -2.84084 1
gene 3 22 4 1.77415 0 50 1.77415 1
gene 1 1 12 0.0548948 0 66 0.0548948 1
genomeend 134

/* Species #14 : (Size 12) (AF 5.43306) (Age 3)  */


/* Organism #135 Fitness: 8.94587 Error: 1.00904 */
genomestart 135
trait 1 0.579067 0.685818 0 0 0 0 0 0 
trait 2 0.2 0 0 0.46522 0.0654499 0.851231 0.660799 0.407616 
trait 3 0.472034 0.77565 0 0 0 0 0 0 
node 1 3 1 3
node 2 1 1 1
node 3 3 1 1
node 4 1 0 2
node 6 2 0 0
node 13 1 0 0
node 60 1 0 0
gene 2 1 4 -2.15225 0 1 -2.15225 1
gene 3 2 4 -2.88706 0 2 -2.88706 1
gene 1 3 4 2.56606 0 3 2.56606 1
gene 1 3 6 0.150214 0 6 0.150214 1
gene 1 6 4 0.585682 0 7 0.585682 1
gene 1 6 13 -3.25034 0 26 -3.25034 0
gene 1 13 4 2.20266 0 27 2.20266 1
gene 1 6 60 -0.957645 0 155 -0.957645 1
gene 1 60 13 -1.40162 0 156 -1.40162 1
genomeend 135

/* Organism #136 Fitness: 4.00154 Error: 1.99961 */
genomestart 136
trait 1 0.579067 0.685818 0 0 0 0 0 0 
trait 2 0.1 0 0 0.46522 0.0654499 0.564618 0.660799 0.563791 
trait 3 0.472034 0.77565 0 0 0 0 0 0 
node 1 3 1 3
node 2 2 1 1
node 3 3 1 1
node 4 1 0 2
node 6 2 0 0
node 13 1 0 0
node 60 1 0 0
gene 2 1 4 0.366789 0 1 0.366789 1
gene 3 2 4 -5.13249 0 2 -5.13249 1
gene 1 3 4 0.27287 0 3 0.27287 1
gene 1 3 6 0.896323 0 6 0.896323 1
gene 1 6 4 -0.190245 0 7 -0.190245 1
gene 1 6 13 1.11411 0 26 1.11411 0
gene 1 13 4 2.56071 0 27 2.56071 1
gene 1 6 60 -2.28323 0 155 -2.28323 1
gene 1 60 13 -3.51608 0 156 -3.51608 1
genomeend 136

/* Organism #137 Fitness: 4.16388 Error: 1.95944 */
genomestart 137
trait 1 0.579067 0.685818 0 0 0 0 0 0 
trait 2 0.1 0 0 0.46522 0.0654499 0.564618 0.660799 0.563791 
trait 3 0.472034 0.77565 0 0 0 0 0 0 
node 1 3 1 3
node 2 2 1 1
node 3 3 1 1
node 4 1 0 2
node 6 2 0 0
node 13 1 0 0
node 60 1 0 0
gene 2 1 4 -1.32341 0 1 -1.32341 1
gene 3 2 4 -2.75436 0 2 -2.75436 1
gene 1 3 4 4.31609 0 3 4.31609 1
gene 1 3 6 -1.27196 0 6 -1.27196 1
gene 1 6 4 0.794767 0 7 0.794767 1
gene 1 6 13 -0.192145 0 26 -0.192145 0
gene 1 13 4 2.21613 0 27 2.21613 1
gene 1 6 60 -0.840509 0 155 -0.840509 1
gene 1 60 13 -1.77606 0 156 -1.77606 1
genomeend 137

/* Organism #138 Fitness: 4.09046 Error: 1.97751 */
genomestart 138
trait 1 0.579067 0.685818 0 0 0 0 0 0 
trait 2 0.2 0.88018 0 0.46522 1 0.288545 0 0 
trait 3 0.472034 0.77565 0 0 0 0 0 0 
node 1 3 1 3
node 2 2 1 1
node 3 3 1 1
node 4 1 0 2
node 6 2 0 0
node 13 1 0 0
node 60 1 0 0
gene 2 1 4 -4.47862 0 1 -4.47862 1
gene 3 2 4 -4.25408 0 2 -4.25408 1
gene 1 3 4 3.56777 0 3 3.56777 1
gene 1 3 6 -1.63255 0 6 -1.63255 1
gene 1 6 4 3.01468 0 7 3.01468 1
gene 1 6 13 -4.92947 0 26 -4.92947 0
gene 1 13 4 2.69921 0 27 2.69921 1
gene 1 6 60 -1.0014 0 155 -1.0014 1
gene 1 60 13 -1.16727 0 156 -1.16727 1
genomeend 138

/* Organism #139 Fitness: 4.00808 Error: 1.99798 */
genomestart 139
trait 1 0.579067 0.685818 0 0 0 0 0 0 
trait 2 0 0 0 0.46522 0.0654499 0.278004 0.660799 0.719965 
trait 3 0.472034 0.77565 0 0 0 0 0 0 
node 1 3 1 3
node 2 2 1 1
node 3 3 1 1
node 4 1 0 2
node 6 2 0 0
node 13 1 0 0
node 60 1 0 0
gene 2 1 4 0.058802 0 1 0.058802 1
gene 3 2 4 -4.25108 0 2 -4.25108 1
gene 1 3 4 0.311146 0 3 0.311146 1
gene 1 3 6 0.258584 0 6 0.258584 1
gene 1 6 4 2.38369 0 7 2.38369 1
gene 1 6 13 -3.33279 0 26 -3.33279 0
gene 1 13 4 2.46048 0 27 2.46048 1
gene 1 6 60 2.21348 0 155 2.21348 1
gene 1 60 13 -1.40274 0 156 -1.40274 1
genomeend 139

/* Organism #140 Fitness: 1.06257 Error: 2.96919 */
genomestart 140
trait 1 0.579067 0.685818 0 0 0 0 0 0 
trait 2 0.2 0 0 0.46522 0.0654499 0.851231 0.660799 0.407616 
trait 3 0.472034 0.77565 0 0 0 0 0 0 
node 1 3 1 3
node 2 2 1 1
node 3 3 1 1
node 4 1 0 2
node 6 2 0 0
node 13 1 0 0
node 60 1 0 0
gene 2 1 4 -0.335307 0 1 -0.335307 1
gene 3 2 4 -2.54782 0 2 -2.54782 1
gene 1 3 4 3.99642 0 3 3.99642 1
gene 1 3 6 -1.28251 0 6 -1.28251 1
gene 1 6 4 2.84441 0 7 2.84441 1
gene 1 6 13 -2.1481 0 26 -2.1481 0
gene 1 13 4 4.29875 0 27 4.29875 1
gene 1 6 60 1.89782 0 155 1.89782 1
gene 1 60 13 -0.31536 0 156 -0.31536 1
genomeend 140

/* Organism #141 Fitness: 4.00363 Error: 1.99909 */
genomestart 141
trait 1 0.579067 0.685818 0 0 0 0 0 0 
trait 2 0.1 0 0 0.46522 0.0654499 0.564618 0.660799 0.563791 
trait 3 0.472034 0.77565 0 0 0 0 0 0 
node 1 3 1 3
node 2 3 1 1
node 3 3 1 1
node 4 1 0 2
node 6 2 0 0
node 13 1 0 0
node 60 1 0 0
gene 2 1 4 -1.09131 0 1 -1.09131 1
gene 3 2 4 -3.42658 0 2 -3.42658 1
gene 1 3 4 2.76455 0 3 2.76455 1
gene 1 3 6 -2.85144 0 6 -2.85144 1
gene 1 6 4 1.48482 0 7 1.48482 1
gene 1 6 13 -4.25979 0 26 -4.25979 0
gene 1 13 4 4.65929 0 27 4.65929 1
gene 1 6 60 -1.43283 0 155 -1.43283 1
gene 1 60 13 -3.97234 0 156 -3.97234 1
genomeend 141

/* Organism #142 Fitness: 8.78983 Error: 1.03524 */
genomestart 142
trait 1 0.579067 0.685818 0 0 0 0 0 0 
trait 2 0.2 0 0 0.46522 0.0654499 0.851231 0.660799 0.407616 
trait 3 0.472034 0.77565 0 0 0 0 0 0 
node 1 3 1 3
node 2 2 1 1
node 3 3 1 1
node 4 1 0 2
node 6 2 0 0
node 13 1 0 0
node 60 1 0 0
gene 2 1 4 -2.09827 0 1 -2.09827 1
gene 3 2 4 -2.86089 0 2 -2.86089 1
gene 1 3 4 2.76455 0 3 2.76455 1
gene 1 3 6 -1.27196 0 6 -1.27196 1
gene 1 6 4 1.7303 0 7 1.7303 1
gene 1 6 13 -1.96721 0 26 -1.96721 0
gene 1 13 4 2.21613 0 27 2.21613 1
gene 1 6 60 1 0 155 0 1
gene 1 60 13 -1.96721 0 156 0 1
genomeend 142

/* Organism #143 Fitness: 8.47883 Error: 1.08816 */
genomestart 143
trait 1 0.579067 0.685818 0 0 0 0 0 0 
trait 2 0.1 0 0 0.46522 0.0654499 0.564618 0.660799 0.563791 
trait 3 0.472034 0.77565 0 0 0 0 0 0 
node 1 3 1 3
node 2 2 1 1
node 3 3 1 1
node 4 1 0 2
node 6 2 0 0
node 13 1 0 0
node 60 1 0 0
gene 2 1 4 -3.76753 0 1 -3.76753 1
gene 3 2 4 1.45201 0 2 1.45201 1
gene 1 3 4 1.89434 0 3 1.89434 1
gene 1 3 6 2.0522 0 6 2.0522 1
gene 1 6 4 2.86838 0 7 2.86838 1
gene 1 6 13 -1.63249 0 26 -1.63249 0
gene 3 13 4 4.43707 0 27 4.43707 1
gene 1 6 60 -1.03957 0 155 -1.03957 1
gene 1 60 13 -2.2506 0 156 -2.2506 1
genomeend 143

/* Organism #144 Fitness: 4.00041 Error: 1.9999 */
genomestart 144
trait 1 0.579067 0.685818 0 0 0 0 0 0 
trait 2 0.2 0 0 0.46522 0.0654499 0.851231 0.660799 0.407616 
trait 3 0.472034 0.77565 0 0 0 0 0 0 
node 1 3 1 3
node 2 1 1 1
node 3 3 1 1
node 4 1 0 2
node 6 2 0 0
node 13 1 0 0
node 60 1 0 0
gene 2 1 4 -2.19946 0 1 -2.19946 1
gene 3 2 4 -4.49523 0 2 -4.49523 1
gene 1 3 4 1.31124 0 3 1.31124 1
gene 1 3 6 0.763593 0 6 0.763593 1
gene 1 6 4 -0.994751 0 7 -0.994751 1
gene 1 6 13 -2.59934 0 26 -2.59934 0
gene 1 13 4 2.60462 0 27 2.60462 1
gene 1 6 60 2.52685 0 155 2.52685 1
gene 1 60 13 -3.18748 0 156 -3.18748 1
genomeend 144

/* Organism #145 Fitness: 4.86172 Error: 1.79507 */
genomestart 145
trait 1 0.579067 0.685818 0 0 0 0 0 0 
trait 2 0.1 0 0 0.46522 0.0654499 0.564618 0.660799 0.563791 
trait 3 0.472034 0.77565 0 0 0 0 0 0 
node 1 3 1 3
node 2 2 1 1
node 3 3 1 1
node 4 1 0 2
node 6 2 0 0
node 13 1 0 0
node 60 1 0 0
gene 2 1 4 -3.73388 0 1 -3.73388 1
gene 3 2 4 -3.21676 0 2 -3.21676 1
gene 1 3 4 3.44885 0 3 3.44885 1
gene 1 3 6 -1.4508 0 6 -1.4508 1
gene 1 6 4 -0.428266 0 7 -0.428266 1
gene 1 6 13 -2.31941 0 26 -2.31941 0
gene 1 13 4 2.08987 0 27 2.08987 1
gene 1 6 60 -1.45863 0 155 -1.45863 1
gene 1 60 13 -2.17187 0 156 -2.17187 1
genomeend 145

/* Organism #146 Fitness: 8.78983 Error: 1.03524 */
genomestart 146
trait 1 0.579067 0.685818 0 0 0 0 0 0 
trait 2 0 0 0 0.46522 0.0654499 0.278004 0.660799 0.719965 
trait 3 0.472034 0.77565 0 0 0 0 0 0 
node 1 3 1 3
node 2 2 1 1
node 3 3 1 1
node 4 1 0 2
node 6 2 0 0
node 13 1 0 0
node 60 1 0 0
gene 2 1 4 -2.09827 0 1 -2.09827 1
gene 3 2 4 -2.86089 0 2 -2.86089 1
gene 1 3 4 2.76455 0 3 2.76455 1
gene 1 3 6 -1.27196 0 6 -1.27196 1
gene 1 6 4 1.7303 0 7 1.7303 1
gene 1 6 13 -1.96721 0 26 -1.96721 0
gene 1 13 4 2.21613 0 27 2.21613 1
gene 1 6 60 1 0 155 0 1
gene 1 60 13 -1.96721 0 156 0 1
genomeend 146

/* Species #15 : (Size 2) (AF 4.0632) (Age 1)  */


/* Organism #147 Fitness: 4.00009 Error: 1.99998 */
genomestart 147
trait 1 0.339534 0.800121 0 0 0 0 0 0 
trait 2 0.2 0 0 0.46522 0.0654499 0.851231 0.660799 0.407616 
trait 3 0.386017 0.738258 0 0 0 0 0 0 
node 1 3 1 3
node 2 2 1 1
node 3 3 1 1
node 4 1 0 2
node 6 2 0 0
node 13 1 0 0
node 67 1 0 0
gene 2 1 4 -1.29748 0 1 -1.29748 1
gene 3 2 4 -5.5636 0 2 -5.5636 0
gene 1 3 4 -1.93639 0 3 -1.93639 0
gene 1 3 6 -5.52957 0 6 -5.52957 1
gene 1 6 4 -3.09047 0 7 -3.09047 0
gene 1 6 13 -2.03445 0 26 -2.03445 1
gene 1 13 4 6.65181 0 27 6.65181 1
gene 2 1 13 -0.186092 0 166 -0.186092 1
gene 3 2 67 1 0 182 0 1
gene 3 67 4 -5.5636 0 183 0 1
genomeend 147

/* Organism #148 Fitness: 4.12632 Error: 1.96867 */
genomestart 148
trait 1 0.339534 0.800121 0 0 0 0 0 0 
trait 2 0.2 0 0 0.46522 0.0654499 0.851231 0.660799 0.407616 
trait 3 0.965642 0.186405 0.697725 0 0 0 0 0 
node 1 3 1 3
node 2 2 1 1
node 3 3 1 1
node 4 1 0 2
node 6 2 0 0
node 13 1 0 0
gene 2 1 4 0.576983 0 1 0.576983 1
gene 3 2 4 -7.95428 0 2 -7.95428 1
gene 1 3 4 -0.589187 0 3 -0.589187 0
gene 1 3 6 -5.68437 0 6 -5.68437 1
gene 1 6 4 -1.09626 0 7 -1.09626 0
gene 1 6 13 -2.03445 0 26 -2.03445 1
gene 1 13 4 7.37883 0 27 7.37883 1
gene 2 1 13 -0.749101 0 166 -0.749101 1
genomeend 148

/* Species #16 : (Size 1) (AF 4) (Age 1)  */


/* Organism #149 Fitness: 4 Error: 2 */
genomestart 149
trait 1 0.1 0 0 0 0 0 0 0 
trait 2 0.2 0 0 0.46522 0.0654499 0.851231 0.660799 0.407616 
trait 3 0.3 0 0.126922 0.0257548 0 0 0.103894 0.242012 
node 1 1 1 3
node 2 2 1 1
node 3 3 1 1
node 4 1 0 2
node 6 2 0 0
node 12 1 0 0
node 22 1 0 0
node 69 1 0 0
gene 2 1 4 -1.33952 0 1 -1.33952 1
gene 1 2 4 2.71293 0 2 2.71293 0
gene 1 3 4 -7.084 0 3 -7.084 0
gene 1 3 6 1.15103 0 6 1.15103 1
gene 1 6 4 0.592074 0 7 0.592074 1
gene 3 2 12 -0.0818791 0 22 -0.0818791 1
gene 3 12 4 1.87228 0 23 1.87228 0
gene 3 12 22 -4.86836 0 49 -4.86836 0
gene 3 22 4 2.03959 0 50 2.03959 1
gene 1 1 12 -1.35932 0 66 -1.35932 1
gene 3 12 69 1 0 187 0 1
gene 3 69 22 -4.86836 0 188 0 1
genomeend 149
