
/* Species #1 : (Size 11) (AF 8.99986) (Age 23)  */


/* Organism #0 Fitness: 9 Error: 1 */
genomestart 0
trait 1 0.025 0 0.0089124 0.201753 0.00620391 0.0474538 0 0.0643916 
trait 2 0.217044 0.142357 0.035618 0.0841688 0.0322514 0 0 0.193802 
trait 3 0.3 0.00114157 0 0.000920132 0 0 0 0 
node 1 2 1 3
node 2 3 1 1
node 3 2 1 1
node 4 2 0 2
gene 1 1 4 -4.09425 0 1 -4.09425 1
gene 3 2 4 8 0 2 8 1
gene 3 3 4 8 0 3 8 1
genomeend 0

/* Organism #1 Fitness: 9 Error: 1 */
genomestart 1
trait 1 0.0234375 0 0.00890731 0.201638 0.00597455 0.0474171 0 0.0643549 
trait 2 0.216908 0.142188 0.0356046 0.0846651 0.0327165 0 0 0.193652 
trait 3 0.3 0.00115804 0 0.000933403 0 0 0 0 
node 1 2 1 3
node 2 3 1 1
node 3 2 1 1
node 4 2 0 2
gene 1 1 4 -4.43666 0 1 -4.43666 1
gene 3 2 4 8 0 2 8 1
gene 3 3 4 8 0 3 8 1
genomeend 1

/* Organism #2 Fitness: 9 Error: 1 */
genomestart 2
trait 1 0.025 0 0.0089124 0.201753 0.00620391 0.0474538 0 0.0643916 
trait 2 0.217044 0.142357 0.035618 0.0841688 0.0322514 0 0 0.193802 
trait 3 0.3 0.00114157 0 0.000920132 0 0 0 0 
node 1 2 1 3
node 2 3 1 1
node 3 2 1 1
node 4 2 0 2
gene 1 1 4 -4.09425 0 1 -4.09425 1
gene 3 2 4 8 0 2 8 1
gene 3 3 4 8 0 3 8 1
genomeend 2

/* Organism #3 Fitness: 8.99997 Error: 1 */
genomestart 3
trait 1 0.0203125 0 0.00889713 0.201407 0.00551582 0.0473439 0 0.0642813 
trait 2 0.216634 0.141849 0.0355779 0.0856576 0.0336469 0 0 0.193353 
trait 3 0.3 0.00119097 0 0.000959945 0 0 0 0 
node 1 2 1 3
node 2 3 1 1
node 3 2 1 1
node 4 2 0 2
gene 1 1 4 -4.8754 0 1 -4.8754 1
gene 3 2 4 8 0 2 8 1
gene 2 3 4 7.39744 0 3 7.39744 1
genomeend 3

/* Organism #4 Fitness: 9 Error: 1 */
genomestart 4
trait 1 0.0210938 0 0.00889967 0.201465 0.0056305 0.0473622 0 0.0642997 
trait 2 0.216703 0.141934 0.0355846 0.0854095 0.0334143 0 0 0.193428 
trait 3 0.3 0.00118273 0 0.00095331 0 0 0 0 
node 1 2 1 3
node 2 3 1 1
node 3 2 1 1
node 4 2 0 2
gene 1 1 4 -4.14688 0 1 -4.14688 1
gene 3 2 4 8 0 2 8 1
gene 3 3 4 8 0 3 8 1
genomeend 4

/* Organism #5 Fitness: 9 Error: 1 */
genomestart 5
trait 1 0.0234375 0 0.00890731 0.201638 0.00597455 0.0474171 0 0.0643549 
trait 2 0.216908 0.142188 0.0356046 0.0846651 0.0327165 0 0 0.193652 
trait 3 0.3 0.00115804 0 0.000933403 0 0 0 0 
node 1 2 1 3
node 2 3 1 1
node 3 2 1 1
node 4 2 0 2
gene 1 1 4 -4.43666 0 1 -4.43666 1
gene 3 2 4 8 0 2 8 1
gene 3 3 4 8 0 3 8 1
genomeend 5

/* Organism #6 Fitness: 8.99999 Error: 1 */
genomestart 6
trait 1 0.021875 0 0.00890222 0.201522 0.00574518 0.0473805 0 0.0643181 
trait 2 0.216771 0.142018 0.0355913 0.0851613 0.0331817 0 0 0.193503 
trait 3 0.3 0.0011745 0 0.000946674 0 0 0 0 
node 1 2 1 3
node 2 3 1 1
node 3 2 1 1
node 4 2 0 2
gene 1 1 4 -3.82172 0 1 -3.82172 1
gene 3 2 4 6.65706 0 2 6.65706 1
gene 3 3 4 6.8666 0 3 6.8666 1
genomeend 6

/* Organism #7 Fitness: 8.99984 Error: 1.00003 */
genomestart 7
trait 1 0.0210938 0 0.00889967 0.201465 0.0056305 0.0473622 0 0.0642997 
trait 2 0.216703 0.141934 0.0355846 0.0854095 0.0334143 0 0 0.193428 
trait 3 0.3 0.00118273 0 0.00095331 0 0 0 0 
node 1 2 1 3
node 2 3 1 1
node 3 2 1 1
node 4 2 0 2
gene 1 1 4 -3.89482 0 1 -3.89482 1
gene 3 2 4 6.0396 0 2 6.0396 1
gene 3 3 4 8 0 3 8 1
genomeend 7

/* Organism #8 Fitness: 9 Error: 1 */
genomestart 8
trait 1 0.0203125 0 0.00889713 0.201407 0.00551582 0.0473439 0 0.0642813 
trait 2 0.216634 0.141849 0.0355779 0.0856576 0.0336469 0 0 0.193353 
trait 3 0.3 0.00119097 0 0.000959945 0 0 0 0 
node 1 2 1 3
node 2 3 1 1
node 3 2 1 1
node 4 2 0 2
gene 1 1 4 -3.36171 0 1 -3.36171 1
gene 3 2 4 8 0 2 8 1
gene 3 3 4 6.99388 0 3 6.99388 1
genomeend 8

/* Organism #9 Fitness: 8.9987 Error: 1.00022 */
genomestart 9
trait 1 0.025 0 0.0089124 0.201753 0.00620391 0.0474538 0 0.0643916 
trait 2 0.217044 0.142357 0.035618 0.0841688 0.0322514 0 0 0.193802 
trait 3 0.3 0.00114157 0 0.000920132 0 0 0 0 
node 1 2 1 3
node 2 3 1 1
node 3 2 1 1
node 4 2 0 2
gene 1 1 4 -4.83608 0 1 -4.83608 1
gene 3 2 4 6.54949 0 2 6.54949 1
gene 3 3 4 8 0 3 8 1
genomeend 9

/* Organism #10 Fitness: 8.99998 Error: 1 */
genomestart 10
trait 1 0.021875 0 0.00890222 0.201522 0.00574518 0.0473805 0 0.0643181 
trait 2 0 0.142018 0.0355913 0.0851613 0 0 0 0.193503 
trait 3 0.3 0.0011745 0 0.000946674 0 0 0 0 
node 1 2 1 3
node 2 3 1 1
node 3 2 1 1
node 4 2 0 2
gene 1 1 4 -2.53765 0 1 -2.53765 1
gene 3 2 4 8 0 2 8 1
gene 3 3 4 5.78961 0 3 5.78961 1
genomeend 10

/* Species #2 : (Size 11) (AF 5.63969) (Age 21)  */


/* Organism #11 Fitness: 9 Error: 1 */
genomestart 11
trait 1 0.1 0 0 0 0 0 0 0 
trait 2 0.2 0 0 0 0 0 0 0 
trait 3 0.3 0.559947 0 0.0966374 0.49603 0 0 0 
node 1 1 1 3
node 2 3 1 1
node 3 3 1 1
node 4 2 0 2
node 7 1 0 0
gene 3 1 4 3.78019 0 1 3.78019 1
gene 1 2 4 -8 0 2 -8 1
gene 1 3 4 0.246925 0 3 0.246925 0
gene 1 3 7 -4.52149 0 8 -4.52149 1
gene 2 7 4 -8 0 9 -8 1
gene 3 1 7 1.87865 0 48 1.87865 1
gene 3 2 7 2.36233 0 78 2.36233 1
genomeend 11

/* Organism #12 Fitness: 4 Error: 2 */
genomestart 12
trait 1 0.1 0 0 0 0 0 0 0 
trait 2 0.2 0 0 0 0 0 0 0 
trait 3 0.3 0.559947 0 0.0966374 0.49603 0 0 0 
node 1 1 1 3
node 2 3 1 1
node 3 3 1 1
node 4 2 0 2
node 7 1 0 0
gene 3 1 4 1.94082 0 1 1.94082 1
gene 1 2 4 -6.63892 0 2 -6.63892 1
gene 1 3 4 2.6104 0 3 2.6104 0
gene 1 3 7 1.76248 0 8 1.76248 1
gene 2 7 4 -6.89574 0 9 -6.89574 1
gene 3 1 7 3.55551 0 48 3.55551 1
gene 3 2 7 0.101146 0 78 0.101146 1
genomeend 12

/* Organism #13 Fitness: 4 Error: 2 */
genomestart 13
trait 1 0.1 0 0 0 0 0 0 0 
trait 2 0.2 0 0 0 0 0 0 0 
trait 3 0.3 0.559947 0 0.0966374 0.49603 0 0 0 
node 1 1 1 3
node 2 3 1 1
node 3 3 1 1
node 4 2 0 2
node 7 1 0 0
gene 3 1 4 2.0468 0 1 2.0468 1
gene 1 2 4 -8 0 2 -8 1
gene 1 3 4 0.200121 0 3 0.200121 0
gene 1 3 7 -2.26167 0 8 -2.26167 1
gene 2 7 4 -8 0 9 -8 1
gene 3 1 7 2.8313 0 48 2.8313 1
gene 3 2 7 -1.60326 0 78 -1.60326 1
genomeend 13

/* Organism #14 Fitness: 4 Error: 2 */
genomestart 14
trait 1 0.1 0 0 0 0 0 0 0 
trait 2 0.2 0 0 0 0 0 0 0 
trait 3 0.3 0.559947 0 0.0966374 0.49603 0 0 0 
node 1 1 1 3
node 2 3 1 1
node 3 3 1 1
node 4 2 0 2
node 7 1 0 0
gene 3 1 4 5.6236 0 1 5.6236 1
gene 1 2 4 -8 0 2 -8 1
gene 1 3 4 -1.20287 0 3 -1.20287 0
gene 1 3 7 -5.82689 0 8 -5.82689 1
gene 2 7 4 -0.0291709 0 9 -0.0291709 1
gene 3 1 7 1.16486 0 48 1.16486 1
gene 3 2 7 -0.631801 0 78 -0.631801 1
genomeend 14

/* Organism #15 Fitness: 4.70762 Error: 1.83029 */
genomestart 15
trait 1 0.1 0 0 0 0 0 0 0 
trait 2 0.2 0 0 0 0 0 0 0 
trait 3 0.3 0.559947 0 0.0966374 0.49603 0 0 0 
node 1 1 1 3
node 2 3 1 1
node 3 3 1 1
node 4 2 0 2
node 7 1 0 0
gene 3 1 4 6.12288 0 1 6.12288 1
gene 1 2 4 -8 0 2 -8 1
gene 1 3 4 -0.706951 0 3 -0.706951 0
gene 1 3 7 -5.67056 0 8 -5.67056 1
gene 2 7 4 -5.81488 0 9 -5.81488 1
gene 3 1 7 1.21962 0 48 1.21962 1
gene 3 2 7 3.16321 0 78 3.16321 1
genomeend 15

/* Organism #16 Fitness: 4 Error: 2 */
genomestart 16
trait 1 0.1 0 0 0 0 0 0 0 
trait 2 0.2 0 0 0 0 0 0 0 
trait 3 0.3 0.559947 0 0.0966374 0.49603 0 0 0 
node 1 1 1 3
node 2 3 1 1
node 3 3 1 1
node 4 2 0 2
node 7 1 0 0
gene 3 1 4 5.33685 0 1 5.33685 1
gene 1 2 4 -8 0 2 -8 1
gene 1 3 4 2.71206 0 3 2.71206 0
gene 1 3 7 -2.94189 0 8 -2.94189 1
gene 2 7 4 -8 0 9 -8 1
gene 3 1 7 -0.377723 0 48 -0.377723 1
gene 3 2 7 2.90342 0 78 2.90342 1
genomeend 16

/* Organism #17 Fitness: 9 Error: 1 */
genomestart 17
trait 1 0.1 0 0 0 0 0 0 0 
trait 2 0.2 0 0 0 0 0 0 0 
trait 3 0.3 0.559947 0 0.0966374 0.49603 0 0 0 
node 1 1 1 3
node 2 3 1 1
node 3 3 1 1
node 4 2 0 2
node 7 1 0 0
gene 3 1 4 3.78019 0 1 3.78019 1
gene 1 2 4 -8 0 2 -8 1
gene 1 3 4 0.246925 0 3 0.246925 0
gene 1 3 7 -4.52149 0 8 -4.52149 1
gene 2 7 4 -8 0 9 -8 1
gene 3 1 7 1.87865 0 48 1.87865 1
gene 3 2 7 2.36233 0 78 2.36233 1
genomeend 17

/* Organism #18 Fitness: 6.32552 Error: 1.48494 */
genomestart 18
trait 1 0.1 0 0 0 0 0 0 0 
trait 2 0.2 0 0 0 0 0 0 0 
trait 3 0.3 0.559947 0 0.0966374 0.49603 0 0 0 
node 1 1 1 3
node 2 3 1 1
node 3 3 1 1
node 4 2 0 2
node 7 1 0 0
gene 3 1 4 4.27527 0 1 4.27527 1
gene 1 2 4 -5.89299 0 2 -5.89299 1
gene 1 3 4 1.60549 0 3 1.60549 1
gene 1 3 7 -6.10132 0 8 -6.10132 1
gene 2 7 4 -8 0 9 -8 1
gene 3 1 7 2.89335 0 48 2.89335 1
gene 3 2 7 0.411684 0 78 0.411684 1
genomeend 18

/* Organism #19 Fitness: 9 Error: 1 */
genomestart 19
trait 1 0.1 0 0 0 0 0 0 0 
trait 2 0.2 0 0 0 0 0 0 0 
trait 3 0.3 0.559947 0 0.0966374 0.49603 0 0 0 
node 1 1 1 3
node 2 3 1 1
node 3 3 1 1
node 4 1 0 2
node 7 1 0 0
gene 3 1 4 4.16833 0 1 4.16833 1
gene 1 2 4 -8 0 2 -8 1
gene 1 3 4 0.246925 0 3 0.246925 0
gene 1 3 7 -2.26167 0 8 -2.26167 1
gene 2 7 4 -7.70741 0 9 -7.70741 1
gene 3 1 7 1.777 0 48 1.777 1
gene 3 2 7 2.01564 0 78 2.01564 1
genomeend 19

/* Organism #20 Fitness: 3.99992 Error: 2.00002 */
genomestart 20
trait 1 0.1 0 0 0 0 0 0 0 
trait 2 0.2 0 0 0 0 0 0 0 
trait 3 0.3 0.559947 0 0.0966374 0.49603 0 0 0 
node 1 1 1 3
node 2 3 1 1
node 3 3 1 1
node 4 2 0 2
node 7 1 0 0
gene 3 1 4 2.17585 0 1 2.17585 1
gene 1 2 4 -8 0 2 -8 1
gene 1 3 4 0.246925 0 3 0.246925 0
gene 1 3 7 -5.08352 0 8 -5.08352 1
gene 2 7 4 0.625194 0 9 0.625194 1
gene 3 1 7 4.32228 0 48 4.32228 1
gene 3 2 7 1.77392 0 78 1.77392 1
genomeend 20

/* Organism #21 Fitness: 4.00353 Error: 1.99912 */
genomestart 21
trait 1 0.1 0 0 0 0 0 0 0 
trait 2 0.2 0 0 0 0 0 0 0 
trait 3 0.3 0.559947 0 0.0966374 0.49603 0 0 0 
node 1 1 1 3
node 2 3 1 1
node 3 3 1 1
node 4 2 0 2
node 7 1 0 0
gene 3 1 4 -1.42804 0 1 -1.42804 1
gene 1 2 4 -8 0 2 -8 1
gene 1 3 4 -0.587246 0 3 -0.587246 0
gene 1 3 7 -6.52884 0 8 -6.52884 1
gene 2 7 4 -8 0 9 -8 1
gene 3 1 7 1.87865 0 48 1.87865 1
gene 3 2 7 4.84808 0 78 4.84808 1
genomeend 21

/* Species #3 : (Size 11) (AF 6.88964) (Age 21)  */


/* Organism #22 Fitness: 9 Error: 1 */
genomestart 22
trait 1 0.1 0 0.0011277 0 0 0 0.0443796 0 
trait 2 0.2 0 0 0 0 0 0 0 
trait 3 0.3 0 0 0 0 0 0 0 
node 1 1 1 3
node 2 3 1 1
node 3 2 1 1
node 4 1 0 2
node 6 1 0 0
gene 1 1 4 -3.97275 0 1 -3.97275 1
gene 3 2 4 -3.38864 0 2 -3.38864 1
gene 1 3 4 3.07117 0 3 3.07117 1
gene 3 2 6 -2.74877 0 6 -2.74877 1
gene 3 6 4 4.96935 0 7 4.96935 1
gene 1 3 6 3.55218 0 10 3.55218 1
gene 3 1 6 -1.80802 0 72 -1.80802 1
genomeend 22

/* Organism #23 Fitness: 5.02062 Error: 1.75933 */
genomestart 23
trait 1 0.1 0 0.0011277 0 0 0 0.0443796 0 
trait 2 0.2 0 0 0 0 0 0 0 
trait 3 0.3 0 0 0 0 0 0 0 
node 1 1 1 3
node 2 3 1 1
node 3 2 1 1
node 4 1 0 2
node 6 1 0 0
gene 1 1 4 -3.97275 0 1 -3.97275 1
gene 3 2 4 -5.68513 0 2 -5.68513 1
gene 1 3 4 1.05619 0 3 1.05619 1
gene 3 2 6 0.502808 0 6 0.502808 1
gene 3 6 4 2.68322 0 7 2.68322 1
gene 1 3 6 6.02349 0 10 6.02349 1
gene 3 1 6 -0.249733 0 72 -0.249733 1
genomeend 23

/* Organism #24 Fitness: 9 Error: 1 */
genomestart 24
trait 1 0.1 0 0.00104715 0 0 0 0.0412096 0 
trait 2 0.2 0 0 0 0 0 0 0 
trait 3 0.3 0 0 0 0 0 0 0 
node 1 1 1 3
node 2 3 1 1
node 3 2 1 1
node 4 1 0 2
node 6 1 0 0
gene 1 1 4 -3.97275 0 1 -3.97275 1
gene 3 2 4 -3.38864 0 2 -3.38864 1
gene 1 3 4 3.31592 0 3 3.31592 1
gene 3 2 6 -2.74877 0 6 -2.74877 1
gene 3 6 4 4.96935 0 7 4.96935 1
gene 1 3 6 3.55218 0 10 3.55218 1
gene 3 1 6 -1.80802 0 72 -1.80802 1
genomeend 24

/* Organism #25 Fitness: 4.00134 Error: 1.99967 */
genomestart 25
trait 1 0.1 0 0.0009666 0 0 0 0.0380396 0 
trait 2 0.2 0 0 0 0 0 0 0 
trait 3 0.3 0 0 0 0 0 0 0 
node 1 1 1 3
node 2 3 1 1
node 3 2 1 1
node 4 1 0 2
node 6 1 0 0
gene 1 1 4 -4.78509 0 1 -4.78509 1
gene 3 2 4 -4.84181 0 2 -4.84181 1
gene 1 3 4 3.1446 0 3 3.1446 1
gene 3 2 6 -1.46914 0 6 -1.46914 1
gene 3 6 4 6.49894 0 7 6.49894 1
gene 1 3 6 1.10583 0 10 1.10583 1
gene 3 1 6 -2.33321 0 72 -2.33321 1
genomeend 25

/* Organism #26 Fitness: 1.08799 Error: 2.95693 */
genomestart 26
trait 1 0.1 0 0.00104715 0 0 0 0.0412096 0 
trait 2 0.2 0 0 0 0 0 0 0 
trait 3 0.3 0 0 0 0 0 0 0 
node 1 1 1 3
node 2 3 1 1
node 3 2 1 1
node 4 1 0 2
node 6 1 0 0
gene 1 1 4 0.62985 0 1 0.62985 1
gene 3 2 4 -2.81244 0 2 -2.81244 1
gene 1 3 4 4.66207 0 3 4.66207 1
gene 3 2 6 -2.74877 0 6 -2.74877 1
gene 3 6 4 6.18523 0 7 6.18523 1
gene 1 3 6 3.55218 0 10 3.55218 1
gene 3 1 6 -3.33413 0 72 -3.33413 1
genomeend 26

/* Organism #27 Fitness: 6.43525 Error: 1.46322 */
genomestart 27
trait 1 0.1 0 0.0009666 0 0 0 0.0380396 0 
trait 2 0.2 0 0 0 0 0 0 0 
trait 3 0 0.319912 0 0.0663075 0 0 0 0 
node 1 1 1 3
node 2 3 1 1
node 3 2 1 1
node 4 1 0 2
node 6 1 0 0
gene 1 1 4 -4.50883 0 1 -4.50883 1
gene 3 2 4 -3.38864 0 2 -3.38864 1
gene 1 3 4 0.741046 0 3 0.741046 1
gene 3 2 6 -1.38243 0 6 -1.38243 1
gene 3 6 4 7.13846 0 7 7.13846 1
gene 1 3 6 3.08328 0 10 3.08328 1
gene 3 1 6 -0.40331 0 72 -0.40331 1
genomeend 27

/* Organism #28 Fitness: 8.99502 Error: 1.00083 */
genomestart 28
trait 1 0.1 0 0.00104715 0 0 0 0.0412096 0 
trait 2 0.2 0 0 0 0 0 0 0 
trait 3 0.3 0 0 0 0 0 0 0 
node 1 1 1 3
node 2 3 1 1
node 3 2 1 1
node 4 1 0 2
node 6 1 0 0
node 62 1 0 0
gene 1 1 4 -3.97275 0 1 -3.97275 1
gene 3 2 4 -3.38864 0 2 -3.38864 1
gene 1 3 4 3.07117 0 3 3.07117 1
gene 3 2 6 -2.74877 0 6 -2.74877 1
gene 3 6 4 4.96935 0 7 4.96935 0
gene 1 3 6 3.55218 0 10 3.55218 1
gene 3 1 6 -1.80802 0 72 -1.80802 1
gene 3 6 62 1 0 168 0 1
gene 3 62 4 4.96935 0 169 0 1
genomeend 28

/* Organism #29 Fitness: 8.99502 Error: 1.00083 */
genomestart 29
trait 1 0.1 0 0.00104715 0 0 0 0.0412096 0 
trait 2 0.2 0 0 0 0 0 0 0 
trait 3 0.3 0 0 0 0 0 0 0 
node 1 1 1 3
node 2 3 1 1
node 3 2 1 1
node 4 1 0 2
node 6 1 0 0
node 62 1 0 0
gene 1 1 4 -3.97275 0 1 -3.97275 1
gene 3 2 4 -3.38864 0 2 -3.38864 1
gene 1 3 4 3.07117 0 3 3.07117 1
gene 3 2 6 -2.74877 0 6 -2.74877 1
gene 3 6 4 4.96935 0 7 4.96935 0
gene 1 3 6 3.55218 0 10 3.55218 1
gene 3 1 6 -1.80802 0 72 -1.80802 1
gene 3 6 62 1 0 168 0 1
gene 3 62 4 4.96935 0 169 0 1
genomeend 29

/* Organism #30 Fitness: 5.25089 Error: 1.70852 */
genomestart 30
trait 1 0.1 0 0.0009666 0 0 0 0.0380396 0 
trait 2 0.2 0 0 0 0 0 0 0 
trait 3 0.3 0 0 0 0 0 0 0 
node 1 1 1 3
node 2 3 1 1
node 3 2 1 1
node 4 1 0 2
node 6 1 0 0
gene 1 1 4 -5.22158 0 1 -5.22158 1
gene 3 2 4 -4.14863 0 2 -4.14863 1
gene 1 3 4 1.31743 0 3 1.31743 1
gene 3 2 6 -3.25965 0 6 -3.25965 1
gene 3 6 4 3.72386 0 7 3.72386 1
gene 1 3 6 2.70141 0 10 2.70141 1
gene 3 1 6 -0.513059 0 72 -0.513059 1
genomeend 30

/* Organism #31 Fitness: 9 Error: 1 */
genomestart 31
trait 1 0.1 0 0.0009666 0 0 0 0.0380396 0 
trait 2 0.2 0 0 0 0 0 0 0 
trait 3 0.3 0 0 0 0 0 0 0 
node 1 1 1 3
node 2 3 1 1
node 3 2 1 1
node 4 1 0 2
node 6 1 0 0
gene 1 1 4 -3.97275 0 1 -3.97275 1
gene 3 2 4 -3.38864 0 2 -3.38864 1
gene 1 3 4 3.56067 0 3 3.56067 1
gene 3 2 6 -2.74877 0 6 -2.74877 1
gene 3 6 4 4.96935 0 7 4.96935 1
gene 1 3 6 3.55218 0 10 3.55218 1
gene 3 1 6 -1.80802 0 72 -1.80802 1
genomeend 31

/* Organism #32 Fitness: 8.99989 Error: 1.00002 */
genomestart 32
trait 1 0.1 0 0.0009666 0 0 0 0.0380396 0 
trait 2 0.2 0 0 0 0 0 0 0 
trait 3 0.3 0 0 0 0 0 0 0 
node 1 1 1 3
node 2 3 1 1
node 3 2 1 1
node 4 1 0 2
node 6 1 0 0
gene 1 1 4 -2.56396 0 1 -2.56396 1
gene 3 2 4 -5.44783 0 2 -5.44783 1
gene 1 3 4 5.76408 0 3 5.76408 1
gene 3 2 6 -1.8199 0 6 -1.8199 1
gene 3 6 4 3.84001 0 7 3.84001 1
gene 1 3 6 1.7332 0 10 1.7332 1
gene 3 1 6 -2.06539 0 72 -2.06539 1
genomeend 32

/* Species #4 : (Size 9) (AF 6.6419) (Age 20)  */


/* Organism #33 Fitness: 8.99914 Error: 1.00014 */
genomestart 33
trait 1 0.0944793 0.263403 0 0.677738 0 0 0 0.592158 
trait 2 0 0 0 0.38132 0 0 0.0322421 0.385606 
trait 3 0.3 0 0 0 0 0 0 0 
node 1 2 1 3
node 2 3 1 1
node 3 2 1 1
node 4 3 0 2
node 8 1 0 0
gene 1 1 4 -5.833 0 1 -5.833 1
gene 3 2 4 6.90589 0 2 6.90589 0
gene 1 3 4 -8 0 3 -8 1
gene 3 2 8 1.55842 0 11 1.55842 1
gene 3 8 4 8 0 12 8 1
genomeend 33

/* Organism #34 Fitness: 8.99636 Error: 1.00061 */
genomestart 34
trait 1 0.0944793 0.263403 0 0.677738 0 0 0 0.592158 
trait 2 0 0 0 0.38132 0 0 0.0322421 0.385606 
trait 3 0.3 0 0 0 0 0 0 0 
node 1 2 1 3
node 2 3 1 1
node 3 2 1 1
node 4 3 0 2
node 8 1 0 0
gene 1 1 4 -5.5078 0 1 -5.5078 1
gene 3 2 4 7.65011 0 2 7.65011 0
gene 1 3 4 -8 0 3 -8 1
gene 3 2 8 0.79415 0 11 0.79415 1
gene 3 8 4 8 0 12 8 1
genomeend 34

/* Organism #35 Fitness: 8.99987 Error: 1.00002 */
genomestart 35
trait 1 0.0944793 0.263403 0 0.677738 0 0 0 0.592158 
trait 2 0.136551 0 0 0.19066 0.0327904 0 0.0322421 0.385606 
trait 3 0.3 0 0 0 0 0 0 0 
node 1 2 1 3
node 2 3 1 1
node 3 2 1 1
node 4 3 0 2
node 8 1 0 0
gene 1 1 4 -5.8116 0 1 -5.8116 1
gene 3 2 4 6.01195 0 2 6.01195 0
gene 1 3 4 -6.83949 0 3 -6.83949 1
gene 3 2 8 2.69495 0 11 2.69495 1
gene 3 8 4 8 0 12 8 1
gene 2 1 8 -0.183669 0 170 -0.183669 1
genomeend 35

/* Organism #36 Fitness: 3.43079 Error: 2.14776 */
genomestart 36
trait 1 0.0944793 0.263403 0 0.677738 0 0 0 0.592158 
trait 2 0.0682756 0 0 0.28599 0.0163952 0 0.0322421 0.385606 
trait 3 0.3 0 0 0 0 0 0 0 
node 1 2 1 3
node 2 3 1 1
node 3 2 1 1
node 4 3 0 2
node 8 1 0 0
gene 1 1 4 -3.58559 0 1 -3.58559 1
gene 3 2 4 5.90266 0 2 5.90266 1
gene 1 3 4 -8 0 3 -8 1
gene 3 2 8 4.44783 0 11 4.44783 1
gene 3 8 4 6.51093 0 12 6.51093 1
genomeend 36

/* Organism #37 Fitness: 4.00948 Error: 1.99763 */
genomestart 37
trait 1 0.0944793 0.263403 0 0.677738 0 0 0 0.592158 
trait 2 0.0682756 0 0 0.28599 0.0163952 0 0.0322421 0.385606 
trait 3 0.3 0 0 0 0 0 0 0 
node 1 2 1 3
node 2 3 1 1
node 3 2 1 1
node 4 3 0 2
node 8 1 0 0
gene 1 1 4 -5.8223 0 1 -5.8223 1
gene 3 2 4 6.45892 0 2 6.45892 1
gene 1 3 4 -7.41974 0 3 -7.41974 1
gene 3 2 8 2.12668 0 11 2.12668 1
gene 3 8 4 8 0 12 8 1
genomeend 37

/* Organism #38 Fitness: 4 Error: 2 */
genomestart 38
trait 1 0.0944793 0.263403 0 0.677738 0 0 0 0.592158 
trait 2 0.136551 0 0 0.19066 0.0327904 0 0.0322421 0.385606 
trait 3 0.3 0 0 0 0 0 0 0 
node 1 2 1 3
node 2 3 1 1
node 3 2 1 1
node 4 3 0 2
node 8 1 0 0
gene 1 1 4 -5.38367 0 1 -5.38367 1
gene 3 2 4 -2.01568 0 2 -2.01568 0
gene 1 3 4 -0.924588 0 3 -0.924588 1
gene 3 2 8 4.71495 0 11 4.71495 1
gene 3 8 4 1.79503 0 12 1.79503 1
genomeend 38

/* Organism #39 Fitness: 8.93529 Error: 1.0108 */
genomestart 39
trait 1 0.0944793 0.263403 0 0.677738 0 0 0 0.592158 
trait 2 0 0 0 0.38132 0 0 0.0322421 0.385606 
trait 3 0.3 0 0 0 0 0 0 0 
node 1 2 1 3
node 2 3 1 1
node 3 2 1 1
node 4 3 0 2
node 8 1 0 0
gene 1 1 4 -4.95491 0 1 -4.95491 1
gene 3 2 4 5.29577 0 2 5.29577 0
gene 1 3 4 -7.50719 0 3 -7.50719 1
gene 3 2 8 1.78251 0 11 1.78251 1
gene 3 8 4 5.87402 0 12 5.87402 1
genomeend 39

/* Organism #40 Fitness: 6.79301 Error: 1.39366 */
genomestart 40
trait 1 0.0944793 0.263403 0 0.677738 0 0 0 0.592158 
trait 2 0 0 0 0.38132 0 0 0.0322421 0.385606 
trait 3 0.3 0 0 0 0 0 0 0 
node 1 2 1 3
node 2 3 1 1
node 3 2 1 1
node 4 3 0 2
node 8 1 0 0
gene 1 1 4 -6.96401 0 1 -6.96401 1
gene 3 2 4 8 0 2 8 0
gene 1 3 4 -8 0 3 -8 1
gene 3 2 8 3.00586 0 11 3.00586 1
gene 3 8 4 7.05174 0 12 7.05174 1
genomeend 40

/* Organism #41 Fitness: 5.61313 Error: 1.6308 */
genomestart 41
trait 1 0.0944793 0.263403 0 0.677738 0 0 0 0.592158 
trait 2 0.0682756 0 0 0.28599 0.0163952 0 0.0322421 0.385606 
trait 3 0.3 0 0 0 0 0 0 0 
node 1 2 1 3
node 2 3 1 1
node 3 2 1 1
node 4 3 0 2
node 8 1 0 0
gene 1 1 4 -6.53733 0 1 -6.53733 1
gene 3 2 4 7.88394 0 2 7.88394 0
gene 1 3 4 -7.19195 0 3 -7.19195 1
gene 3 2 8 1.5274 0 11 1.5274 1
gene 3 8 4 6.43203 0 12 6.43203 1
genomeend 41

/* Species #6 : (Size 20) (AF 6.4462) (Age 16)  */


/* Organism #42 Fitness: 9 Error: 1 */
genomestart 42
trait 1 0.1 0 0 0 0 0 0 0 
trait 2 0.2 0 0 0 0 0 0 0 
trait 3 0.3 0.119894 0 0.0966374 0 0 0 0 
node 1 1 1 3
node 2 3 1 1
node 3 1 1 1
node 4 1 0 2
node 7 1 0 0
node 22 1 0 0
node 58 1 0 0
gene 1 1 4 3.98214 0 1 3.98214 1
gene 1 2 4 6.27855 0 2 6.27855 1
gene 1 3 4 -2.07281 0 3 -2.07281 0
gene 1 3 7 -3.67412 0 8 -3.67412 1
gene 1 7 4 -6.90839 0 9 -6.90839 1
gene 1 3 22 -1.40963 0 49 -1.40963 0
gene 1 22 7 1.48257 0 50 1.48257 1
gene 1 3 58 1.71429 0 153 1.71429 1
gene 1 58 22 2.11239 0 154 2.11239 1
genomeend 42

/* Organism #43 Fitness: 5.56531 Error: 1.64091 */
genomestart 43
trait 1 0.1 0 0 0 0 0 0 0 
trait 2 0.2 0 0 0 0 0 0 0 
trait 3 0.3 0.119894 0 0.0966374 0 0 0 0 
node 1 1 1 3
node 2 3 1 1
node 3 1 1 1
node 4 1 0 2
node 7 1 0 0
node 22 1 0 0
gene 1 1 4 2.72279 0 1 2.72279 1
gene 1 2 4 7.92018 0 2 7.92018 1
gene 1 3 4 -1.02848 0 3 -1.02848 1
gene 1 3 7 -1.21301 0 8 -1.21301 1
gene 1 7 4 -8 0 9 -8 1
gene 1 3 22 3.85612 0 49 3.85612 1
gene 2 22 7 -0.29561 0 50 -0.29561 1
genomeend 43

/* Organism #44 Fitness: 4 Error: 2 */
genomestart 44
trait 1 0.1 0 0 0 0 0 0 0 
trait 2 0.2 0 0 0 0 0 0 0 
trait 3 0.3 0.119894 0 0.0966374 0 0 0 0 
node 1 1 1 3
node 2 3 1 1
node 3 1 1 1
node 4 1 0 2
node 7 1 0 0
node 22 1 0 0
node 58 1 0 0
gene 1 1 4 4.05026 0 1 4.05026 1
gene 1 2 4 4.61084 0 2 4.61084 1
gene 1 3 4 -4.345 0 3 -4.345 0
gene 1 3 7 -5.21903 0 8 -5.21903 1
gene 1 7 4 -4.48113 0 9 -4.48113 1
gene 1 3 22 -2.63984 0 49 -2.63984 0
gene 1 22 7 -0.445296 0 50 -0.445296 1
gene 1 3 58 3.15345 0 153 3.15345 1
gene 1 58 22 0.339555 0 154 0.339555 1
genomeend 44

/* Organism #45 Fitness: 4.00187 Error: 1.99953 */
genomestart 45
trait 1 0.1 0 0 0 0 0 0 0 
trait 2 0.2 0 0 0 0 0 0 0 
trait 3 0.3 0.119894 0 0.0966374 0 0 0 0 
node 1 1 1 3
node 2 3 1 1
node 3 1 1 1
node 4 1 0 2
node 7 1 0 0
node 22 1 0 0
node 58 1 0 0
gene 1 1 4 2.21419 0 1 2.21419 1
gene 1 2 4 6.4371 0 2 6.4371 1
gene 1 3 4 -1.14663 0 3 -1.14663 0
gene 1 3 7 -1.46598 0 8 -1.46598 1
gene 1 7 4 -8 0 9 -8 1
gene 1 3 22 1.1156 0 49 1.1156 0
gene 1 22 7 -0.487461 0 50 -0.487461 1
gene 1 3 58 -1.08953 0 153 -1.08953 1
gene 1 58 22 4.32036 0 154 4.32036 1
genomeend 45

/* Organism #46 Fitness: 3.99999 Error: 2 */
genomestart 46
trait 1 0.1 0 0 0 0 0 0 0 
trait 2 0.2 0 0 0 0 0 0 0 
trait 3 0.3 0.119894 0 0.0966374 0 0 0 0 
node 1 1 1 3
node 2 3 1 1
node 3 1 1 1
node 4 1 0 2
node 7 1 0 0
node 22 1 0 0
node 58 1 0 0
gene 1 1 4 4.89859 0 1 4.89859 1
gene 1 2 4 4.0336 0 2 4.0336 1
gene 1 3 4 -2.3346 0 3 -2.3346 1
gene 1 3 7 -5.66167 0 8 -5.66167 1
gene 1 7 4 -8 0 9 -8 1
gene 1 3 22 -3.88537 0 49 -3.88537 0
gene 1 22 7 -0.342451 0 50 -0.342451 1
gene 1 3 58 4.08449 0 153 4.08449 1
gene 1 58 22 1.00063 0 154 1.00063 1
genomeend 46

/* Organism #47 Fitness: 4.00427 Error: 1.99893 */
genomestart 47
trait 1 0.1 0 0 0 0 0 0 0 
trait 2 0.2 0 0 0 0 0 0 0 
trait 3 0.3 0.119894 0 0.0966374 0 0 0 0 
node 1 1 1 3
node 2 3 1 1
node 3 1 1 1
node 4 1 0 2
node 7 1 0 0
node 22 1 0 0
node 58 1 0 0
gene 1 1 4 3.6082 0 1 3.6082 1
gene 1 2 4 1.16059 0 2 1.16059 1
gene 1 3 4 0.778779 0 3 0.778779 1
gene 1 3 7 -2.67469 0 8 -2.67469 1
gene 1 7 4 -2.27232 0 9 -2.27232 1
gene 1 3 22 -0.532764 0 49 -0.532764 0
gene 1 22 7 0.762301 0 50 0.762301 1
gene 1 3 58 1.22408 0 153 1.22408 1
gene 1 58 22 2.1477 0 154 2.1477 1
genomeend 47

/* Organism #48 Fitness: 6.67234 Error: 1.41691 */
genomestart 48
trait 1 0.1 0 0 0 0 0 0 0 
trait 2 0.2 0 0 0 0 0 0 0 
trait 3 0.3 0.119894 0 0.0966374 0 0 0 0 
node 1 1 1 3
node 2 3 1 1
node 3 1 1 1
node 4 1 0 2
node 7 1 0 0
node 22 1 0 0
gene 1 1 4 3.79988 0 1 3.79988 1
gene 1 2 4 5.81743 0 2 5.81743 1
gene 1 3 4 1.4811 0 3 1.4811 1
gene 1 3 7 -1.81127 0 8 -1.81127 1
gene 1 7 4 -6.13288 0 9 -6.13288 1
gene 1 3 22 2.87137 0 49 2.87137 1
gene 1 22 7 0.21738 0 50 0.21738 1
genomeend 48

/* Organism #49 Fitness: 4.00048 Error: 1.99988 */
genomestart 49
trait 1 0.1 0 0 0 0 0 0 0 
trait 2 0.2 0 0 0 0 0 0 0 
trait 3 0.3 0.119894 0 0.0966374 0 0 0 0 
node 1 1 1 3
node 2 3 1 1
node 3 1 1 1
node 4 1 0 2
node 7 1 0 0
node 22 1 0 0
node 58 1 0 0
gene 1 1 4 6.13189 0 1 6.13189 1
gene 1 2 4 8 0 2 8 1
gene 1 3 4 0.318129 0 3 0.318129 0
gene 1 3 7 -0.186623 0 8 -0.186623 1
gene 1 7 4 -8 0 9 -8 1
gene 1 3 22 -2.27446 0 49 -2.27446 0
gene 1 22 7 2.36964 0 50 2.36964 1
gene 1 3 58 2.20299 0 153 2.20299 1
gene 1 58 22 -0.0806161 0 154 -0.0806161 1
genomeend 49

/* Organism #50 Fitness: 4 Error: 2 */
genomestart 50
trait 1 0.1 0 0 0 0 0 0 0 
trait 2 0.2 0 0 0 0 0 0 0 
trait 3 0.3 0.119894 0 0.0966374 0 0 0 0 
node 1 1 1 3
node 2 3 1 1
node 3 1 1 1
node 4 1 0 2
node 7 1 0 0
node 22 1 0 0
node 58 1 0 0
gene 1 1 4 3.63842 0 1 3.63842 1
gene 1 2 4 4.75625 0 2 4.75625 1
gene 1 3 4 -0.0933781 0 3 -0.0933781 0
gene 1 3 7 -3.41983 0 8 -3.41983 1
gene 1 7 4 -5.33739 0 9 -5.33739 1
gene 1 3 22 2.64608 0 49 2.64608 0
gene 1 22 7 -1.71584 0 50 -1.71584 1
gene 1 3 58 3.26355 0 153 3.26355 1
gene 1 58 22 1.75314 0 154 1.75314 1
genomeend 50

/* Organism #51 Fitness: 8.98357 Error: 1.00274 */
genomestart 51
trait 1 0.1 0 0 0 0 0 0 0 
trait 2 0.2 0 0 0 0 0 0 0 
trait 3 0.3 0.119894 0 0.0966374 0 0 0 0 
node 1 1 1 3
node 2 3 1 1
node 3 1 1 1
node 4 1 0 2
node 7 1 0 0
node 22 1 0 0
gene 1 1 4 2.66261 0 1 2.66261 1
gene 1 2 4 5.47607 0 2 5.47607 1
gene 1 3 4 2.86592 0 3 2.86592 1
gene 1 3 7 -1.63769 0 8 -1.63769 1
gene 1 7 4 -7.15637 0 9 -7.15637 1
gene 1 3 22 0.45814 0 49 0.45814 1
gene 1 22 7 1.4106 0 50 1.4106 1
genomeend 51

/* Organism #52 Fitness: 8.99999 Error: 1 */
genomestart 52
trait 1 0.1 0 0 0 0 0 0 0 
trait 2 0.2 0 0 0 0 0 0 0 
trait 3 0.3 0.119894 0 0.0966374 0 0 0 0 
node 1 1 1 3
node 2 3 1 1
node 3 1 1 1
node 4 1 0 2
node 7 1 0 0
node 22 1 0 0
node 58 1 0 0
gene 1 1 4 3.35247 0 1 3.35247 1
gene 1 2 4 5.8824 0 2 5.8824 1
gene 1 3 4 -0.433216 0 3 -0.433216 0
gene 1 3 7 -2.79522 0 8 -2.79522 1
gene 1 7 4 -6.58962 0 9 -6.58962 1
gene 1 3 22 0.767556 0 49 0.767556 0
gene 1 22 7 1.12243 0 50 1.12243 1
gene 1 3 58 1.71429 0 153 1.71429 1
gene 1 58 22 2.11239 0 154 2.11239 1
gene 1 58 7 0.427527 0 171 0.427527 1
genomeend 52

/* Organism #53 Fitness: 8.99997 Error: 1.00001 */
genomestart 53
trait 1 0.1 0 0 0 0 0 0 0 
trait 2 0.2 0 0 0 0 0 0 0 
trait 3 0.3 0.119894 0 0.0966374 0 0 0 0 
node 1 1 1 3
node 2 3 1 1
node 3 1 1 1
node 4 1 0 2
node 7 1 0 0
node 22 1 0 0
node 58 1 0 0
gene 1 1 4 2.51109 0 1 2.51109 1
gene 1 2 4 4.77459 0 2 4.77459 1
gene 1 3 4 1.5893 0 3 1.5893 0
gene 1 3 7 -1.9173 0 8 -1.9173 1
gene 1 7 4 -6.28672 0 9 -6.28672 1
gene 1 3 22 2.09637 0 49 2.09637 0
gene 1 22 7 0.352793 0 50 0.352793 1
gene 1 3 58 1 0 153 0 1
gene 1 58 22 2.69381 0 154 0 1
gene 1 2 7 -0.834818 0 158 -0.834818 1
genomeend 53

/* Organism #54 Fitness: 8.99994 Error: 1.00001 */
genomestart 54
trait 1 0.1 0 0 0 0 0 0 0 
trait 2 0.2 0 0 0 0 0 0 0 
trait 3 0.3 0.119894 0 0.0966374 0 0 0 0 
node 1 1 1 3
node 2 3 1 1
node 3 1 1 1
node 4 1 0 2
node 7 1 0 0
node 22 1 0 0
node 58 1 0 0
gene 1 1 4 2.34176 0 1 2.34176 1
gene 1 2 4 7.09368 0 2 7.09368 1
gene 1 3 4 0.131861 0 3 0.131861 0
gene 1 3 7 -3.63401 0 8 -3.63401 1
gene 1 7 4 -5.35412 0 9 -5.35412 1
gene 1 3 22 1.47676 0 49 1.47676 0
gene 1 22 7 1.79944 0 50 1.79944 1
gene 1 3 58 -0.645658 0 153 -0.645658 1
gene 1 58 22 5.19009 0 154 5.19009 1
gene 1 2 7 -1.99906 0 158 -1.99906 1
gene 1 2 22 1.77824 0 167 1.77824 1
genomeend 54

/* Organism #55 Fitness: 8.99997 Error: 1.00001 */
genomestart 55
trait 1 0.1 0 0 0 0 0 0 0 
trait 2 0.2 0 0 0 0 0 0 0 
trait 3 0.3 0.119894 0 0.0966374 0 0 0 0 
node 1 1 1 3
node 2 3 1 1
node 3 1 1 1
node 4 1 0 2
node 7 1 0 0
node 22 1 0 0
node 58 1 0 0
gene 1 1 4 2.51109 0 1 2.51109 1
gene 1 2 4 4.77459 0 2 4.77459 1
gene 1 3 4 1.5893 0 3 1.5893 0
gene 1 3 7 -1.9173 0 8 -1.9173 1
gene 1 7 4 -6.28672 0 9 -6.28672 1
gene 1 3 22 2.09637 0 49 2.09637 0
gene 1 22 7 0.352793 0 50 0.352793 1
gene 1 3 58 1 0 153 0 1
gene 1 58 22 2.69381 0 154 0 1
gene 1 2 7 -0.834818 0 158 -0.834818 1
genomeend 55

/* Organism #56 Fitness: 4 Error: 2 */
genomestart 56
trait 1 0.1 0 0 0 0 0 0 0 
trait 2 0.2 0 0 0 0 0 0 0 
trait 3 0.3 0.119894 0 0.0966374 0 0 0 0 
node 1 1 1 3
node 2 3 1 1
node 3 1 1 1
node 4 1 0 2
node 7 1 0 0
node 22 1 0 0
node 58 1 0 0
gene 1 1 4 2.51109 0 1 2.51109 1
gene 1 2 4 5.56734 0 2 5.56734 1
gene 1 3 4 1.02635 0 3 1.02635 0
gene 1 3 7 -0.95712 0 8 -0.95712 1
gene 1 7 4 -4.96538 0 9 -4.96538 1
gene 1 3 22 1.57174 0 49 1.57174 0
gene 1 22 7 2.14448 0 50 2.14448 1
gene 1 3 58 1 0 153 1 1
gene 1 58 22 1.73146 0 154 1.73146 1
gene 1 2 7 -0.0962726 0 158 -0.0962726 1
genomeend 56

/* Organism #57 Fitness: 8.99997 Error: 1.00001 */
genomestart 57
trait 1 0.1 0 0 0 0 0 0 0 
trait 2 0.2 0 0 0 0 0 0 0 
trait 3 0.3 0.119894 0 0.0966374 0 0 0 0 
node 1 1 1 3
node 2 3 1 1
node 3 1 1 1
node 4 1 0 2
node 7 1 0 0
node 22 1 0 0
node 58 1 0 0
gene 1 1 4 2.51109 0 1 2.51109 1
gene 1 2 4 4.77459 0 2 4.77459 1
gene 1 3 4 1.5893 0 3 1.5893 0
gene 1 3 7 -1.9173 0 8 -1.9173 1
gene 1 7 4 -6.28672 0 9 -6.28672 1
gene 1 3 22 2.09637 0 49 2.09637 1
gene 1 22 7 0.352793 0 50 0.352793 1
gene 1 3 58 1 0 153 0 1
gene 1 58 22 2.69381 0 154 0 1
gene 1 2 7 -0.834818 0 158 -0.834818 1
genomeend 57

/* Organism #58 Fitness: 4 Error: 2 */
genomestart 58
trait 1 0.1 0 0 0 0 0 0 0 
trait 2 0.2 0 0 0 0 0 0 0 
trait 3 0.3 0.119894 0 0.0966374 0 0 0 0 
node 1 1 1 3
node 2 3 1 1
node 3 1 1 1
node 4 1 0 2
node 7 1 0 0
node 22 1 0 0
node 58 1 0 0
gene 1 1 4 2.51109 0 1 2.51109 1
gene 1 2 4 0.725735 0 2 0.725735 1
gene 1 3 4 -1.30044 0 3 -1.30044 0
gene 1 3 7 0.132436 0 8 0.132436 1
gene 1 7 4 -7.64022 0 9 -7.64022 1
gene 1 3 22 2.50768 0 49 2.50768 0
gene 1 22 7 1.76613 0 50 1.76613 1
gene 1 3 58 1.75982 0 153 1.75982 1
gene 1 58 22 5.07115 0 154 5.07115 1
gene 1 2 7 -0.149569 0 158 -0.149569 1
genomeend 58

/* Organism #59 Fitness: 8.69771 Error: 1.05081 */
genomestart 59
trait 1 0.1 0 0 0 0 0 0 0 
trait 2 0.2 0 0 0 0 0 0 0 
trait 3 0.3 0.119894 0 0.0966374 0 0 0 0 
node 1 1 1 3
node 2 3 1 1
node 3 1 1 1
node 4 1 0 2
node 7 1 0 0
node 22 1 0 0
node 58 1 0 0
gene 1 1 4 -1.16391 0 1 -1.16391 1
gene 1 2 4 3.64258 0 2 3.64258 1
gene 1 3 4 1.86359 0 3 1.86359 0
gene 1 3 7 1.34693 0 8 1.34693 1
gene 1 7 4 -3.86615 0 9 -3.86615 1
gene 1 3 22 0.552722 0 49 0.552722 0
gene 1 22 7 0.596956 0 50 0.596956 1
gene 1 3 58 1.1809 0 153 1.1809 1
gene 1 58 22 0.451692 0 154 0.451692 1
gene 1 2 7 -1.61017 0 158 -1.61017 1
genomeend 59

/* Organism #60 Fitness: 8.99867 Error: 1.00022 */
genomestart 60
trait 1 0.1 0 0 0 0 0 0 0 
trait 2 0.2 0 0 0 0 0 0 0 
trait 3 0.3 0.119894 0 0.0966374 0 0 0 0 
node 1 1 1 3
node 2 3 1 1
node 3 1 1 1
node 4 1 0 2
node 7 1 0 0
node 22 1 0 0
node 58 1 0 0
gene 1 1 4 2.51109 0 1 2.51109 1
gene 1 2 4 4.77459 0 2 4.77459 1
gene 1 3 4 1.5893 0 3 1.5893 0
gene 1 3 7 -1.9173 0 8 -1.9173 1
gene 1 7 4 -6.28672 0 9 -6.28672 1
gene 1 3 22 2.09637 0 49 2.09637 0
gene 1 22 7 0.352793 0 50 0.352793 1
gene 1 3 58 1 0 153 0 1
gene 1 58 22 2.69381 0 154 0 1
gene 1 2 7 -0.834818 0 158 -0.834818 1
gene 3 58 4 -0.805063 0 181 -0.805063 1
genomeend 60

/* Organism #61 Fitness: 4.00001 Error: 2 */
genomestart 61
trait 1 0.1 0 0 0 0 0 0 0 
trait 2 0.2 0 0 0 0 0 0 0 
trait 3 0.3 0.119894 0 0.0966374 0 0 0 0 
node 1 1 1 3
node 2 3 1 1
node 3 1 1 1
node 4 1 0 2
node 7 1 0 0
node 22 1 0 0
node 58 1 0 0
gene 1 1 4 1.47321 0 1 1.47321 1
gene 1 2 4 5.76046 0 2 5.76046 1
gene 1 3 4 3.97648 0 3 3.97648 0
gene 1 3 7 -2.11697 0 8 -2.11697 1
gene 1 7 4 -7.76822 0 9 -7.76822 1
gene 1 3 22 2.09637 0 49 2.09637 0
gene 1 22 7 -1.80904 0 50 -1.80904 1
gene 1 3 58 -1.14723 0 153 -1.14723 1
gene 1 58 22 2.63298 0 154 2.63298 1
gene 1 2 7 -0.814061 0 158 -0.814061 1
gene 1 2 22 -0.905126 0 167 -0.905126 1
genomeend 61

/* Species #7 : (Size 9) (AF 6.77386) (Age 16)  */


/* Organism #62 Fitness: 8.99942 Error: 1.0001 */
genomestart 62
trait 1 0 0.527746 0 0 0.957804 0.0912758 0.720877 0 
trait 2 0.2 0 0 0 0 0 0 0 
trait 3 0.3 0.119894 0 0.0966374 0 0 0 0 
node 1 1 1 3
node 2 3 1 1
node 3 3 1 1
node 4 1 0 2
node 7 1 0 0
node 23 1 0 0
node 44 1 0 0
gene 3 1 4 -0.723746 0 1 -0.723746 1
gene 1 2 4 -6.43627 0 2 -6.43627 1
gene 1 3 4 0.455457 0 3 0.455457 1
gene 1 3 7 -2.64799 0 8 -2.64799 1
gene 1 7 4 -6.44543 0 9 -6.44543 1
gene 1 2 23 -0.277904 0 51 -0.277904 1
gene 1 23 4 0.56139 0 52 0.56139 1
gene 1 3 44 0.968245 0 109 0.968245 1
gene 1 44 4 1.63238 0 110 1.63238 1
gene 2 44 23 0.586663 0 122 0.586663 1
genomeend 62

/* Organism #63 Fitness: 4 Error: 2 */
genomestart 63
trait 1 0 0.527746 0 0 0.957804 0.0912758 0.720877 0 
trait 2 0.2 0 0 0 0 0 0 0 
trait 3 0.3 0.119894 0 0.0966374 0 0 0 0 
node 1 1 1 3
node 2 3 1 1
node 3 3 1 1
node 4 1 0 2
node 7 1 0 0
node 23 1 0 0
node 44 1 0 0
gene 3 1 4 -0.464506 0 1 -0.464506 1
gene 1 2 4 -6.12227 0 2 -6.12227 1
gene 1 3 4 -1.39264 0 3 -1.39264 1
gene 1 3 7 -2.54694 0 8 -2.54694 1
gene 1 7 4 -5.12341 0 9 -5.12341 1
gene 1 2 23 -1.91545 0 51 -1.91545 1
gene 1 23 4 2.36601 0 52 2.36601 1
gene 1 3 44 0.783197 0 109 0.783197 1
gene 1 44 4 -1.15387 0 110 -1.15387 1
gene 2 44 23 -1.08559 0 122 -1.08559 1
genomeend 63

/* Organism #64 Fitness: 4.0001 Error: 1.99997 */
genomestart 64
trait 1 0 0.527746 0 0 0.957804 0.0912758 0.720877 0 
trait 2 0.2 0 0 0 0 0 0 0 
trait 3 0.3 0.119894 0 0.0966374 0 0 0 0 
node 1 1 1 3
node 2 3 1 1
node 3 3 1 1
node 4 1 0 2
node 7 1 0 0
node 23 1 0 0
node 44 1 0 0
node 63 1 0 0
gene 3 1 4 -1.69779 0 1 -1.69779 1
gene 1 2 4 -7.21814 0 2 -7.21814 0
gene 1 3 4 2.05777 0 3 2.05777 0
gene 1 3 7 -1.76631 0 8 -1.76631 1
gene 1 7 4 -7.14848 0 9 -7.14848 1
gene 1 2 23 -2.0802 0 51 -2.0802 1
gene 1 23 4 0.599982 0 52 0.599982 1
gene 1 3 44 1.39738 0 109 1.39738 1
gene 1 44 4 2.56259 0 110 2.56259 1
gene 2 44 23 1.90771 0 122 1.90771 1
gene 1 2 63 1 0 172 0 1
gene 1 63 4 -7.21814 0 173 0 1
genomeend 64

/* Organism #65 Fitness: 8.98918 Error: 1.0018 */
genomestart 65
trait 1 0 0.527746 0 0 0.957804 0.0912758 0.720877 0 
trait 2 0.2 0 0 0 0 0 0 0 
trait 3 0.3 0.119894 0 0.0966374 0 0 0 0 
node 1 1 1 3
node 2 3 1 1
node 3 3 1 1
node 4 1 0 2
node 7 1 0 0
node 23 1 0 0
node 44 1 0 0
gene 3 1 4 -3.19159 0 1 -3.19159 1
gene 1 2 4 -5.07932 0 2 -5.07932 1
gene 1 3 4 3.73903 0 3 3.73903 0
gene 1 3 7 -1.54337 0 8 -1.54337 1
gene 1 7 4 -7.50753 0 9 -7.50753 1
gene 1 2 23 -2.88486 0 51 -2.88486 1
gene 1 23 4 0.205325 0 52 0.205325 1
gene 1 3 44 1.82652 0 109 1.82652 1
gene 1 44 4 4.27316 0 110 4.27316 1
gene 2 44 23 2.17589 0 122 2.17589 1
genomeend 65

/* Organism #66 Fitness: 8.9955 Error: 1.00075 */
genomestart 66
trait 1 0 0.527746 0 0 0.957804 0.0912758 0.720877 0 
trait 2 0.2 0 0 0 0 0 0 0 
trait 3 0.3 0.119894 0 0.0966374 0 0 0 0 
node 1 1 1 3
node 2 3 1 1
node 3 3 1 1
node 4 1 0 2
node 7 1 0 0
node 23 1 0 0
node 44 1 0 0
node 64 1 0 0
gene 3 1 4 -1.69779 0 1 -1.69779 1
gene 1 2 4 -7.21814 0 2 -7.21814 1
gene 1 3 4 2.05777 0 3 2.05777 0
gene 1 3 7 -1.76631 0 8 -1.76631 1
gene 1 7 4 -7.14848 0 9 -7.14848 1
gene 1 2 23 -2.0802 0 51 -2.0802 1
gene 1 23 4 0.599982 0 52 0.599982 1
gene 1 3 44 1.39738 0 109 1.39738 1
gene 1 44 4 2.56259 0 110 2.56259 1
gene 2 44 23 1.90771 0 122 1.90771 0
gene 2 44 64 1 0 174 0 1
gene 2 64 23 1.90771 0 175 0 1
genomeend 66

/* Organism #67 Fitness: 8.98095 Error: 1.00318 */
genomestart 67
trait 1 0 0.527746 0 0 0.957804 0.0912758 0.720877 0 
trait 2 0.2 0 0 0 0 0 0 0 
trait 3 0.3 0.119894 0 0.0966374 0 0 0 0 
node 1 1 1 3
node 2 3 1 1
node 3 3 1 1
node 4 1 0 2
node 7 1 0 0
node 23 1 0 0
node 44 1 0 0
gene 3 1 4 -0.448948 0 1 -0.448948 1
gene 1 2 4 -5.90504 0 2 -5.90504 1
gene 1 3 4 2.98835 0 3 2.98835 0
gene 1 3 7 -1.03003 0 8 -1.03003 1
gene 1 7 4 -8 0 9 -8 1
gene 1 2 23 -2.0287 0 51 -2.0287 1
gene 1 23 4 2.77552 0 52 2.77552 1
gene 1 3 44 2.33134 0 109 2.33134 1
gene 1 44 4 1.01365 0 110 1.01365 1
gene 2 44 23 3.22876 0 122 3.22876 1
genomeend 67

/* Organism #68 Fitness: 4 Error: 2 */
genomestart 68
trait 1 0 0.527746 0 0 0.957804 0.0912758 0.720877 0 
trait 2 0.2 0 0 0 0 0 0 0 
trait 3 0.3 0.119894 0 0.0966374 0 0 0 0 
node 1 1 1 3
node 2 3 1 1
node 3 3 1 1
node 4 1 0 2
node 7 1 0 0
node 23 1 0 0
node 44 1 0 0
gene 3 1 4 -3.12717 0 1 -3.12717 1
gene 1 2 4 -0.117112 0 2 -0.117112 1
gene 1 3 4 -1.31098 0 3 -1.31098 1
gene 1 3 7 -4.0271 0 8 -4.0271 1
gene 1 7 4 1.22276 0 9 1.22276 1
gene 1 2 23 -0.277904 0 51 -0.277904 1
gene 1 23 4 -1.29548 0 52 -1.29548 1
gene 1 3 44 2.76265 0 109 2.76265 1
gene 1 44 4 -0.458401 0 110 -0.458401 1
gene 2 44 23 -0.391976 0 122 -0.391976 1
genomeend 68

/* Organism #69 Fitness: 8.99873 Error: 1.00021 */
genomestart 69
trait 1 0 0.527746 0 0 0.957804 0.0912758 0.720877 0 
trait 2 0.2 0 0 0 0 0 0 0 
trait 3 0.3 0.119894 0 0.0966374 0 0 0 0 
node 1 1 1 3
node 2 3 1 1
node 3 3 1 1
node 4 1 0 2
node 7 1 0 0
node 23 1 0 0
node 44 1 0 0
gene 3 1 4 1.01802 0 1 1.01802 1
gene 1 2 4 -7.16081 0 2 -7.16081 1
gene 1 3 4 -1.00005 0 3 -1.00005 1
gene 1 3 7 -1.35213 0 8 -1.35213 1
gene 1 7 4 -8 0 9 -8 1
gene 1 2 23 1.72208 0 51 1.72208 1
gene 1 23 4 -0.282644 0 52 -0.282644 1
gene 1 3 44 3.43085 0 109 3.43085 1
gene 1 44 4 2.53213 0 110 2.53213 1
gene 2 44 23 -1.62428 0 122 -1.62428 1
genomeend 69

/* Organism #70 Fitness: 4.00088 Error: 1.99978 */
genomestart 70
trait 1 0 0.527746 0 0 0.957804 0.0912758 0.720877 0 
trait 2 0.2 0 0 0 0 0 0 0 
trait 3 0.3 0.119894 0 0.0966374 0 0 0 0 
node 1 1 1 3
node 2 3 1 1
node 3 3 1 1
node 4 1 0 2
node 7 1 0 0
node 23 1 0 0
node 44 1 0 0
gene 3 1 4 -1.7786 0 1 -1.7786 1
gene 1 2 4 -6.40693 0 2 -6.40693 1
gene 1 3 4 3.38305 0 3 3.38305 0
gene 1 3 7 -1.76631 0 8 -1.76631 1
gene 1 7 4 -2.34205 0 9 -2.34205 1
gene 1 2 23 -2.59007 0 51 -2.59007 1
gene 1 23 4 0.120286 0 52 0.120286 1
gene 1 3 44 -0.88401 0 109 -0.88401 1
gene 1 44 4 0.741111 0 110 0.741111 1
gene 2 44 23 1.86043 0 122 1.86043 1
genomeend 70

/* Species #8 : (Size 5) (AF 6.58681) (Age 15)  */


/* Organism #71 Fitness: 8.9896 Error: 1.00173 */
genomestart 71
trait 1 0.1 0 0 0 0 0 0 0 
trait 2 0.2 0 0 0 0 0 0 0 
trait 3 0.3 0.119894 0 0.0966374 0 0 0 0 
node 1 1 1 3
node 2 3 1 1
node 3 1 1 1
node 4 1 0 2
node 7 1 0 0
node 27 1 0 0
gene 3 1 4 2.26201 0 1 2.26201 1
gene 1 2 4 -5.092 0 2 -5.092 1
gene 1 3 4 3.66354 0 3 3.66354 1
gene 1 3 7 -1.81894 0 8 -1.81894 1
gene 1 7 4 -2.78568 0 9 -2.78568 1
gene 1 7 27 -0.215475 0 60 -0.215475 1
gene 1 27 4 -3.29878 0 61 -3.29878 1
gene 2 1 7 2.1617 0 102 2.1617 1
gene 3 2 27 -1.64502 0 125 -1.64502 1
genomeend 71

/* Organism #72 Fitness: 4.00021 Error: 1.99995 */
genomestart 72
trait 1 0.1 0 0 0 0 0 0 0 
trait 2 0.2 0 0 0 0 0 0 0 
trait 3 0.3 0.119894 0 0.0966374 0 0 0 0 
node 1 1 1 3
node 2 3 1 1
node 3 3 1 1
node 4 1 0 2
node 7 1 0 0
node 27 1 0 0
gene 3 1 4 1.17803 0 1 1.17803 1
gene 1 2 4 -6.70629 0 2 -6.70629 1
gene 1 3 4 1.37808 0 3 1.37808 1
gene 1 3 7 -1.43547 0 8 -1.43547 1
gene 1 7 4 -2.77672 0 9 -2.77672 1
gene 1 7 27 0.112053 0 60 0.112053 1
gene 1 27 4 -2.80959 0 61 -2.80959 1
gene 2 1 7 4.15523 0 102 4.15523 1
gene 3 2 27 -1.90175 0 125 -1.90175 1
genomeend 72

/* Organism #73 Fitness: 5.59618 Error: 1.63438 */
genomestart 73
trait 1 0.1 0 0 0 0 0 0 0 
trait 2 0.2 0 0 0 0 0 0 0 
trait 3 0.3 0.119894 0 0.0966374 0 0 0 0 
node 1 1 1 3
node 2 3 1 1
node 3 1 1 1
node 4 1 0 2
node 7 1 0 0
node 27 1 0 0
gene 3 1 4 2.5446 0 1 2.5446 1
gene 1 2 4 -5.092 0 2 -5.092 0
gene 1 3 4 3.66354 0 3 3.66354 1
gene 1 3 7 -2.37215 0 8 -2.37215 1
gene 1 7 4 -2.78568 0 9 -2.78568 1
gene 1 7 27 -0.215475 0 60 -0.215475 1
gene 1 27 4 -3.29878 0 61 -3.29878 1
gene 2 1 7 0.602621 0 102 0.602621 1
gene 3 2 27 -1.64502 0 125 -1.64502 1
genomeend 73

/* Organism #74 Fitness: 8.8702 Error: 1.02171 */
genomestart 74
trait 1 0.1 0 0 0 0 0 0 0 
trait 2 0.2 0 0 0 0 0 0 0 
trait 3 0.3 0.119894 0 0.0966374 0 0 0 0 
node 1 1 1 3
node 2 3 1 1
node 3 1 1 1
node 4 1 0 2
node 7 1 0 0
node 27 1 0 0
node 61 1 0 0
gene 3 1 4 2.5446 0 1 2.5446 1
gene 1 2 4 -3.05726 0 2 -3.05726 0
gene 1 3 4 1.56281 0 3 1.56281 1
gene 1 3 7 -2.37215 0 8 -2.37215 1
gene 1 7 4 -3.23369 0 9 -3.23369 0
gene 1 7 27 1.03914 0 60 1.03914 1
gene 1 27 4 -3.60735 0 61 -3.60735 1
gene 2 1 7 0.602621 0 102 0.602621 1
gene 3 2 27 0.296912 0 125 0.296912 1
gene 1 2 61 1 0 163 0 1
gene 1 61 4 -3.05726 0 164 0 1
genomeend 74

/* Organism #75 Fitness: 5.47788 Error: 1.65951 */
genomestart 75
trait 1 0.1 0 0 0 0 0 0 0 
trait 2 0.2 0 0.154636 0 0.91501 0 0 0 
trait 3 0.3 0.119894 0 0.0966374 0 0 0 0 
node 1 1 1 3
node 2 3 1 1
node 3 1 1 1
node 4 1 0 2
node 7 1 0 0
node 27 1 0 0
node 61 1 0 0
gene 3 1 4 1.06578 0 1 1.06578 1
gene 1 2 4 -5.3816 0 2 -5.3816 0
gene 1 3 4 3.4285 0 3 3.4285 1
gene 1 3 7 -3.41215 0 8 -3.41215 1
gene 1 7 4 -3.41057 0 9 -3.41057 0
gene 1 7 27 -1.03007 0 60 -1.03007 1
gene 1 27 4 -4.33887 0 61 -4.33887 1
gene 2 1 7 1.66037 0 102 1.66037 1
gene 3 2 27 2.13337 0 125 2.13337 1
gene 1 2 61 1 0 163 1 1
gene 1 61 4 -4.91852 0 164 -4.91852 1
genomeend 75

/* Species #9 : (Size 8) (AF 6.38484) (Age 13)  */


/* Organism #76 Fitness: 8.99503 Error: 1.00083 */
genomestart 76
trait 1 0.0972397 0.131702 0 0.338869 0 0 0 0.296079 
trait 2 0.254827 0 0 0 0.0491856 0 0.0241816 0.385606 
trait 3 0.3 0 0 0 0 0 0 0 
node 1 2 1 3
node 2 3 1 1
node 3 2 1 1
node 4 1 0 2
node 8 1 0 0
node 33 1 0 0
gene 1 1 4 -1.74827 0 1 -1.74827 1
gene 3 2 4 2.21716 0 2 2.21716 0
gene 1 3 4 -3.35251 0 3 -3.35251 1
gene 3 2 8 -5.6156 0 11 -5.6156 0
gene 3 8 4 6.66642 0 12 6.66642 1
gene 3 2 33 -1.3282 0 79 -1.3282 1
gene 3 33 8 -3.95816 0 80 -3.95816 1
genomeend 76

/* Organism #77 Fitness: 4 Error: 2 */
genomestart 77
trait 1 0.0486198 0.131702 0 0.338869 0.338181 0.0883463 0 0.296079 
trait 2 0.254827 0 0 0 0.0491856 0 0.0241816 0.385606 
trait 3 0.3 0 0 0 0 0 0 0 
node 1 2 1 3
node 2 3 1 1
node 3 2 1 1
node 4 1 0 2
node 8 1 0 0
node 33 1 0 0
gene 1 1 4 -1.21289 0 1 -1.21289 1
gene 3 2 4 0.0895578 0 2 0.0895578 0
gene 1 3 4 -3.91689 0 3 -3.91689 1
gene 3 2 8 -7.93726 0 11 -7.93726 0
gene 3 8 4 2.02814 0 12 2.02814 1
gene 3 2 33 -0.0599742 0 79 -0.0599742 1
gene 3 33 8 -5.41118 0 80 -5.41118 1
genomeend 77

/* Organism #78 Fitness: 8.97369 Error: 1.00439 */
genomestart 78
trait 1 0.0486198 0 0 0.643007 0 0.0883463 0 0.629838 
trait 2 0.254827 0 0 0 0.0491856 0 0.0241816 0.385606 
trait 3 0.3 0 0 0 0 0 0 0 
node 1 2 1 3
node 2 3 1 1
node 3 2 1 1
node 4 1 0 2
node 8 1 0 0
node 33 1 0 0
gene 1 1 4 -2.89652 0 1 -2.89652 1
gene 3 2 4 -0.0118996 0 2 -0.0118996 0
gene 1 3 4 -5.45728 0 3 -5.45728 1
gene 3 2 8 -7.7303 0 11 -7.7303 0
gene 3 8 4 8 0 12 8 1
gene 3 2 33 -1.90483 0 79 -1.90483 1
gene 3 33 8 -2.26225 0 80 -2.26225 1
genomeend 78

/* Organism #79 Fitness: 3.9993 Error: 2.00017 */
genomestart 79
trait 1 0.0729297 0.131702 0 0.338869 0.16909 0.0441731 0 0.296079 
trait 2 0.254827 0 0 0 0.0491856 0 0.0241816 0.385606 
trait 3 0.3 0 0 0 0 0 0 0 
node 1 2 1 3
node 2 3 1 1
node 3 2 1 1
node 4 1 0 2
node 8 1 0 0
node 33 1 0 0
gene 1 1 4 -0.25115 0 1 -0.25115 1
gene 3 2 4 0.777478 0 2 0.777478 0
gene 1 3 4 -4.06428 0 3 -4.06428 1
gene 3 2 8 -6.41996 0 11 -6.41996 0
gene 3 8 4 6.87139 0 12 6.87139 1
gene 3 2 33 0.986351 0 79 0.986351 1
gene 3 33 8 -4.23677 0 80 -4.23677 1
genomeend 79

/* Organism #80 Fitness: 5.85857 Error: 1.57955 */
genomestart 80
trait 1 0.0729297 0.131702 0 0.338869 0.16909 0.0441731 0 0.296079 
trait 2 0.254827 0 0 0 0.0491856 0 0.0241816 0.385606 
trait 3 0.3 0 0 0 0 0 0 0 
node 1 2 1 3
node 2 3 1 1
node 3 2 1 1
node 4 1 0 2
node 8 1 0 0
node 33 1 0 0
gene 1 1 4 -2.58387 0 1 -2.58387 1
gene 3 2 4 1.08268 0 2 1.08268 0
gene 1 3 4 -3.36315 0 3 -3.36315 1
gene 3 2 8 -6.51164 0 11 -6.51164 0
gene 3 8 4 5.03744 0 12 5.03744 1
gene 3 2 33 -2.74486 0 79 -2.74486 1
gene 3 33 8 -2.20571 0 80 -2.20571 1
genomeend 80

/* Organism #81 Fitness: 7.74087 Error: 1.21776 */
genomestart 81
trait 1 0.0729297 0.131702 0 0.338869 0.16909 0.0441731 0 0.296079 
trait 2 0.254827 0 0 0 0.0491856 0 0.0241816 0.385606 
trait 3 0.3 0 0 0 0 0 0 0 
node 1 2 1 3
node 2 3 1 1
node 3 2 1 1
node 4 1 0 2
node 8 1 0 0
node 33 1 0 0
gene 1 1 4 -3.40041 0 1 -3.40041 1
gene 3 2 4 2.19445 0 2 2.19445 0
gene 1 3 4 -0.924274 0 3 -0.924274 1
gene 3 2 8 -8 0 11 -8 0
gene 3 8 4 8 0 12 8 1
gene 3 2 33 -3.36672 0 79 -3.36672 1
gene 3 33 8 -3.72633 0 80 -3.72633 1
genomeend 81

/* Organism #82 Fitness: 3.99996 Error: 2.00001 */
genomestart 82
trait 1 0 0.556654 0 0.338869 0 0 0 0.296079 
trait 2 0.254827 0 0 0 0.0491856 0 0.0241816 0.385606 
trait 3 0.3 0 0 0 0 0 0 0 
node 1 2 1 3
node 2 3 1 1
node 3 2 1 1
node 4 1 0 2
node 8 1 0 0
node 33 1 0 0
gene 1 1 4 1.77003 0 1 1.77003 1
gene 3 2 4 0.202842 0 2 0.202842 0
gene 1 3 4 -3.35251 0 3 -3.35251 1
gene 3 2 8 -6.31451 0 11 -6.31451 0
gene 3 8 4 -1.23384 0 12 -1.23384 1
gene 3 2 33 0.924954 0 79 0.924954 1
gene 3 33 8 -1.95964 0 80 -1.95964 1
genomeend 82

/* Organism #83 Fitness: 7.51126 Error: 1.25933 */
genomestart 83
trait 1 0.0972397 0.131702 0 0.338869 0 0 0 0.296079 
trait 2 0.254827 0 0 0 0.0491856 0 0.0241816 0.385606 
trait 3 0.3 0 0 0 0 0 0 0 
node 1 2 1 3
node 2 3 1 1
node 3 2 1 1
node 4 1 0 2
node 8 1 0 0
node 33 1 0 0
gene 1 1 4 -0.215088 0 1 -0.215088 1
gene 3 2 4 1.51211 0 2 1.51211 0
gene 1 3 4 -4.2625 0 3 -4.2625 1
gene 3 2 8 -5.71368 0 11 -5.71368 0
gene 3 8 4 6.31786 0 12 6.31786 1
gene 3 2 33 -3.7718 0 79 -3.7718 1
gene 3 33 8 -3.95816 0 80 -3.95816 1
genomeend 83

/* Species #10 : (Size 7) (AF 6.41661) (Age 13)  */


/* Organism #84 Fitness: 8.99998 Error: 1 */
genomestart 84
trait 1 0.1 0 0 0.680068 0.796544 0.575705 0 0 
trait 2 0.2 0 0 0 0 0 0 0 
trait 3 0.3 0.119894 0 0.0966374 0 0 0 0 
node 1 1 1 3
node 2 3 1 1
node 3 1 1 1
node 4 1 0 2
node 7 1 0 0
node 34 1 0 0
gene 3 1 4 2.12581 0 1 2.12581 1
gene 1 2 4 0.420029 0 2 0.420029 1
gene 1 3 4 2.68448 0 3 2.68448 1
gene 1 3 7 1.58869 0 8 1.58869 0
gene 1 7 4 -8 0 9 -8 1
gene 1 1 7 2.3082 0 71 2.3082 1
gene 1 3 34 3.18933 0 81 3.18933 1
gene 1 34 7 -4.22206 0 82 -4.22206 1
gene 1 2 34 0.70073 0 94 0.70073 1
genomeend 84

/* Organism #85 Fitness: 3.99955 Error: 2.00011 */
genomestart 85
trait 1 0.1 0 0 0.680068 0.796544 0.575705 0 0 
trait 2 0.2 0 0 0 0 0 0 0 
trait 3 0.3 0.119894 0 0.0966374 0 0 0 0 
node 1 1 1 3
node 2 3 1 1
node 3 1 1 1
node 4 2 0 2
node 7 1 0 0
node 34 1 0 0
gene 3 1 4 3.19952 0 1 3.19952 1
gene 1 2 4 -1.35479 0 2 -1.35479 1
gene 1 3 4 1.60231 0 3 1.60231 1
gene 1 3 7 -0.605595 0 8 -0.605595 0
gene 1 7 4 -8 0 9 -8 1
gene 1 1 7 1.54665 0 71 1.54665 1
gene 1 3 34 2.25152 0 81 2.25152 1
gene 1 34 7 -4.50947 0 82 -4.50947 1
gene 1 2 34 2.0846 0 94 2.0846 1
genomeend 85

/* Organism #86 Fitness: 4.00513 Error: 1.99872 */
genomestart 86
trait 1 0.1 0 0 0.680068 0.796544 0.575705 0 0 
trait 2 0.2 0 0 0 0 0 0 0 
trait 3 0.3 0.119894 0 0.0966374 0 0 0 0 
node 1 1 1 3
node 2 3 1 1
node 3 1 1 1
node 4 1 0 2
node 7 1 0 0
node 34 1 0 0
gene 3 1 4 1.5674 0 1 1.5674 1
gene 1 2 4 1.32865 0 2 1.32865 1
gene 1 3 4 3.35723 0 3 3.35723 1
gene 1 3 7 -0.23613 0 8 -0.23613 1
gene 1 7 4 -6.94591 0 9 -6.94591 1
gene 1 1 7 2.24722 0 71 2.24722 1
gene 1 3 34 2.60015 0 81 2.60015 1
gene 1 34 7 -5.89233 0 82 -5.89233 1
gene 1 2 34 2.68361 0 94 2.68361 1
genomeend 86

/* Organism #87 Fitness: 3.99984 Error: 2.00004 */
genomestart 87
trait 1 0.1 0 0 0.680068 0.796544 0.575705 0 0 
trait 2 0.2 0 0 0 0 0 0 0 
trait 3 0.3 0.119894 0 0.0966374 0 0 0 0 
node 1 1 1 3
node 2 3 1 1
node 3 1 1 1
node 4 1 0 2
node 7 1 0 0
node 34 1 0 0
gene 3 1 4 -0.166977 0 1 -0.166977 1
gene 1 2 4 0.98297 0 2 0.98297 1
gene 1 3 4 4.5585 0 3 4.5585 1
gene 1 3 7 -0.524866 0 8 -0.524866 0
gene 1 7 4 -8 0 9 -8 1
gene 1 1 7 3.06591 0 71 3.06591 1
gene 1 3 34 5.55436 0 81 5.55436 1
gene 1 34 7 -3.245 0 82 -3.245 1
gene 1 2 34 0.521583 0 94 0.521583 1
genomeend 87

/* Organism #88 Fitness: 3.92736 Error: 2.01824 */
genomestart 88
trait 1 0.1 0 0 0.680068 0.796544 0.575705 0 0 
trait 2 0.2 0 0 0 0 0 0 0 
trait 3 0.3 0.119894 0 0.0966374 0 0 0 0 
node 1 1 1 3
node 2 3 1 1
node 3 1 1 1
node 4 1 0 2
node 7 1 0 0
node 34 1 0 0
gene 3 1 4 0.94241 0 1 0.94241 1
gene 1 2 4 -1.43129 0 2 -1.43129 1
gene 1 3 4 4.08435 0 3 4.08435 1
gene 1 3 7 -0.49565 0 8 -0.49565 1
gene 1 7 4 1.29809 0 9 1.29809 1
gene 1 1 7 2.53052 0 71 2.53052 1
gene 1 3 34 2.66264 0 81 2.66264 1
gene 1 34 7 -2.89898 0 82 -2.89898 1
gene 1 2 34 -0.373949 0 94 -0.373949 1
genomeend 88

/* Organism #89 Fitness: 15.9844 Error: 0.00195023 */
/* ##------$ WINNER 89 SPECIES #10 $------## */
genomestart 89
trait 1 0.1 0 0 0.680068 0.796544 0.575705 0 0 
trait 2 0.2 0 0 0 0 0 0 0 
trait 3 0.3 0.119894 0 0.0966374 0 0 0 0 
node 1 1 1 3
node 2 3 1 1
node 3 1 1 1
node 4 1 0 2
node 7 1 0 0
node 34 1 0 0
gene 3 1 4 1.3619 0 1 1.3619 1
gene 1 2 4 -0.074946 0 2 -0.074946 1
gene 1 3 4 2.60568 0 3 2.60568 1
gene 1 3 7 1.80549 0 8 1.80549 1
gene 1 7 4 -8 0 9 -8 1
gene 1 1 7 2.20854 0 71 2.20854 1
gene 1 3 34 2.73957 0 81 2.73957 1
gene 1 34 7 -4.45484 0 82 -4.45484 1
gene 1 2 34 0.70073 0 94 0.70073 1
gene 1 2 7 0.626098 0 176 0.626098 1
genomeend 89

/* Organism #90 Fitness: 4.00002 Error: 2 */
genomestart 90
trait 1 0.1 0 0 0.680068 0.796544 0.575705 0 0 
trait 2 0.2 0 0 0 0 0 0 0 
trait 3 0.3 0.119894 0 0.0966374 0 0 0 0 
node 1 1 1 3
node 2 3 1 1
node 3 1 1 1
node 4 1 0 2
node 7 1 0 0
node 34 1 0 0
gene 3 1 4 2.48093 0 1 2.48093 1
gene 1 2 4 0.358096 0 2 0.358096 1
gene 1 3 4 2.39517 0 3 2.39517 1
gene 1 3 7 -0.0204446 0 8 -0.0204446 0
gene 1 7 4 -0.117686 0 9 -0.117686 1
gene 1 1 7 0.943198 0 71 0.943198 1
gene 1 3 34 3.41128 0 81 3.41128 1
gene 1 34 7 -5.52402 0 82 -5.52402 1
gene 1 2 34 2.14793 0 94 2.14793 1
genomeend 90

/* Species #11 : (Size 10) (AF 7.41224) (Age 13)  */


/* Organism #91 Fitness: 8.99792 Error: 1.00035 */
genomestart 91
trait 1 0.1 0 0 0 0 0 0 0 
trait 2 0.2 0 0 0 0 0 0 0 
trait 3 0.3 0.119894 0 0.0966374 0 0 0 0 
node 1 1 1 3
node 2 3 1 1
node 3 1 1 1
node 4 1 0 2
node 7 1 0 0
node 35 1 0 0
gene 3 1 4 5.03305 0 1 5.03305 1
gene 1 2 4 -4.04111 0 2 -4.04111 1
gene 1 3 4 0.222397 0 3 0.222397 1
gene 1 3 7 -1.70771 0 8 -1.70771 1
gene 1 7 4 -8 0 9 -8 0
gene 2 2 7 3.20505 0 78 3.20505 1
gene 1 7 35 4.69079 0 83 4.69079 1
gene 1 35 4 -6.71209 0 84 -6.71209 1
genomeend 91

/* Organism #92 Fitness: 8.99402 Error: 1.001 */
genomestart 92
trait 1 0.1 0 0 0 0 0 0 0 
trait 2 0.2 0 0 0 0 0 0 0 
trait 3 0.3 0.119894 0 0.0966374 0 0 0 0 
node 1 1 1 3
node 2 3 1 1
node 3 1 1 1
node 4 1 0 2
node 7 1 0 0
node 35 1 0 0
gene 3 1 4 4.71164 0 1 4.71164 1
gene 1 2 4 -3.52177 0 2 -3.52177 1
gene 1 3 4 0.402075 0 3 0.402075 0
gene 1 3 7 -2.23296 0 8 -2.23296 1
gene 1 7 4 -8 0 9 -8 0
gene 2 2 7 3.20838 0 78 3.20838 1
gene 1 7 35 5.25736 0 83 5.25736 1
gene 1 35 4 -6.20774 0 84 -6.20774 1
genomeend 92

/* Organism #93 Fitness: 8.96269 Error: 1.00622 */
genomestart 93
trait 1 0.1 0 0 0 0 0 0 0 
trait 2 0.2 0 0 0 0 0 0 0 
trait 3 0.3 0.119894 0 0.0966374 0 0 0 0 
node 1 1 1 3
node 2 3 1 1
node 3 1 1 1
node 4 1 0 2
node 7 1 0 0
node 35 1 0 0
gene 3 1 4 4.33351 0 1 4.33351 1
gene 1 2 4 -4.14617 0 2 -4.14617 1
gene 1 3 4 -1.83002 0 3 -1.83002 0
gene 1 3 7 -1.03884 0 8 -1.03884 1
gene 1 7 4 -8 0 9 -8 0
gene 2 2 7 5.59565 0 78 5.59565 1
gene 1 7 35 4.58129 0 83 4.58129 1
gene 1 35 4 -6.18373 0 84 -6.18373 1
gene 3 2 35 -0.0557602 0 160 -0.0557602 1
genomeend 93

/* Organism #94 Fitness: 4.01721 Error: 1.9957 */
genomestart 94
trait 1 0.1 0 0 0 0 0 0 0 
trait 2 0.2 0 0 0 0 0 0 0 
trait 3 0.3 0.119894 0 0.0966374 0 0 0 0 
node 1 1 1 3
node 2 3 1 1
node 3 1 1 1
node 4 1 0 2
node 7 1 0 0
node 35 1 0 0
gene 3 1 4 3.55867 0 1 3.55867 1
gene 1 2 4 -5.30722 0 2 -5.30722 1
gene 1 3 4 0.800357 0 3 0.800357 0
gene 1 3 7 -0.326208 0 8 -0.326208 1
gene 1 7 4 1.06813 0 9 1.06813 0
gene 2 2 7 1.62884 0 78 1.62884 1
gene 1 7 35 0.626251 0 83 0.626251 1
gene 1 35 4 -7.45053 0 84 -7.45053 1
genomeend 94

/* Organism #95 Fitness: 8.9615 Error: 1.00642 */
genomestart 95
trait 1 0.1 0 0 0 0 0 0 0 
trait 2 0.2 0 0 0 0 0 0 0 
trait 3 0.3 0.119894 0 0.0966374 0 0 0 0 
node 1 1 1 3
node 2 3 1 1
node 3 1 1 1
node 4 1 0 2
node 7 1 0 0
node 35 1 0 0
gene 3 1 4 4.39023 0 1 4.39023 1
gene 1 2 4 -3.00243 0 2 -3.00243 1
gene 1 3 4 0.222397 0 3 0.222397 0
gene 1 3 7 -1.70771 0 8 -1.70771 1
gene 1 7 4 -8 0 9 -8 1
gene 2 2 7 3.2117 0 78 3.2117 1
gene 1 7 35 4.69079 0 83 4.69079 1
gene 1 35 4 -6.71209 0 84 -6.71209 1
genomeend 95

/* Organism #96 Fitness: 3.99986 Error: 2.00004 */
genomestart 96
trait 1 0.1 0 0 0 0 0 0 0 
trait 2 0.2 0 0 0 0 0 0 0 
trait 3 0.3 0.119894 0 0.0966374 0 0 0 0 
node 1 3 1 3
node 2 3 1 1
node 3 1 1 1
node 4 1 0 2
node 7 1 0 0
node 35 1 0 0
gene 3 1 4 5.03305 0 1 5.03305 1
gene 1 2 4 -6.14139 0 2 -6.14139 1
gene 1 3 4 0.222397 0 3 0.222397 1
gene 1 3 7 -0.953333 0 8 -0.953333 1
gene 1 7 4 -1.87214 0 9 -1.87214 0
gene 2 2 7 -0.434827 0 78 -0.434827 1
gene 1 7 35 -0.664066 0 83 -0.664066 1
gene 1 35 4 -6.45085 0 84 -6.45085 1
genomeend 96

/* Organism #97 Fitness: 8.98761 Error: 1.00207 */
genomestart 97
trait 1 0.1 0 0 0 0 0 0 0 
trait 2 0.2 0 0 0 0 0 0 0 
trait 3 0.3 0.119894 0 0.0966374 0 0 0 0 
node 1 1 1 3
node 2 3 1 1
node 3 1 1 1
node 4 1 0 2
node 7 1 0 0
node 35 1 0 0
gene 3 1 4 4.39023 0 1 4.39023 1
gene 1 2 4 -3.52135 0 2 -3.52135 1
gene 1 3 4 -0.368676 0 3 -0.368676 0
gene 1 3 7 -2.75821 0 8 -2.75821 1
gene 1 7 4 -8 0 9 -8 0
gene 2 2 7 4.16822 0 78 4.16822 1
gene 1 7 35 4.69079 0 83 4.69079 1
gene 1 35 4 -5.70339 0 84 -5.70339 1
gene 3 2 35 0.339883 0 160 0.339883 1
genomeend 97

/* Organism #98 Fitness: 3.99926 Error: 2.00019 */
genomestart 98
trait 1 0.1 0 0 0 0 0 0 0 
trait 2 0.2 0 0 0 0 0 0 0 
trait 3 0.3 0.119894 0 0.0966374 0 0 0 0 
node 1 1 1 3
node 2 3 1 1
node 3 1 1 1
node 4 1 0 2
node 7 1 0 0
node 35 2 0 0
gene 3 1 4 5.74195 0 1 5.74195 1
gene 1 2 4 -3.52135 0 2 -3.52135 1
gene 1 3 4 1.22098 0 3 1.22098 0
gene 1 3 7 -4.94848 0 8 -4.94848 1
gene 1 7 4 -8 0 9 -8 0
gene 2 2 7 4.09764 0 78 4.09764 1
gene 1 7 35 3.54858 0 83 3.54858 1
gene 1 35 4 -8 0 84 -8 1
gene 3 2 35 -1.75319 0 160 -1.75319 1
genomeend 98

/* Organism #99 Fitness: 8.20689 Error: 1.13523 */
genomestart 99
trait 1 0.1 0 0 0 0 0 0 0 
trait 2 0.2 0 0 0 0 0 0 0 
trait 3 0.3 0.119894 0 0.0966374 0 0 0 0 
node 1 1 1 3
node 2 3 1 1
node 3 1 1 1
node 4 1 0 2
node 7 1 0 0
node 35 1 0 0
gene 3 1 4 4.0703 0 1 4.0703 1
gene 1 2 4 -1.40407 0 2 -1.40407 1
gene 1 3 4 0.636258 0 3 0.636258 0
gene 1 3 7 -1.8042 0 8 -1.8042 1
gene 1 7 4 2.45298 0 9 2.45298 1
gene 2 2 7 3.2117 0 78 3.2117 1
gene 1 7 35 5.82393 0 83 5.82393 1
gene 1 35 4 -7.37292 0 84 -7.37292 1
gene 3 2 35 0.339883 0 160 0.339883 1
genomeend 99

/* Organism #100 Fitness: 8.9954 Error: 1.00077 */
genomestart 100
trait 1 0.1 0 0 0 0 0 0 0 
trait 2 0.2 0 0 0 0 0 0 0 
trait 3 0.3 0.119894 0 0.0966374 0 0 0 0 
node 1 1 1 3
node 2 3 1 1
node 3 1 1 1
node 4 1 0 2
node 7 1 0 0
node 35 1 0 0
gene 3 1 4 4.76475 0 1 4.76475 1
gene 1 2 4 -1.36597 0 2 -1.36597 1
gene 1 3 4 2.4719 0 3 2.4719 0
gene 1 3 7 -2.75041 0 8 -2.75041 1
gene 1 7 4 -8 0 9 -8 0
gene 2 2 7 4.48591 0 78 4.48591 1
gene 1 7 35 5.31126 0 83 5.31126 1
gene 1 35 4 -6.40599 0 84 -6.40599 1
genomeend 100

/* Species #12 : (Size 10) (AF 6.7852) (Age 13)  */


/* Organism #101 Fitness: 8.99685 Error: 1.00053 */
genomestart 101
trait 1 0.1 0 0 0 0 0 0 0 
trait 2 0.2 0 0 0 0 0 0 0 
trait 3 0.3 0.119894 0 0.0966374 0 0 0 0 
node 1 1 1 3
node 2 3 1 1
node 3 3 1 1
node 4 2 0 2
node 7 1 0 0
gene 3 1 4 1.5349 0 1 1.5349 1
gene 1 2 4 -4.45466 0 2 -4.45466 1
gene 1 3 4 -0.995298 0 3 -0.995298 0
gene 1 3 7 -4.54445 0 8 -4.54445 1
gene 1 7 4 5.46703 0 9 5.46703 1
gene 3 1 7 0.791377 0 71 0.791377 1
gene 2 2 7 0.860955 0 78 0.860955 1
genomeend 101

/* Organism #102 Fitness: 8.99619 Error: 1.00063 */
genomestart 102
trait 1 0.1 0 0 0 0 0 0 0 
trait 2 0.2 0 0 0 0 0 0 0 
trait 3 0.3 0.119894 0 0.0966374 0 0 0 0 
node 1 1 1 3
node 2 3 1 1
node 3 3 1 1
node 4 2 0 2
node 7 1 0 0
gene 3 1 4 1.5349 0 1 1.5349 1
gene 1 2 4 -5.15436 0 2 -5.15436 1
gene 1 3 4 0.186996 0 3 0.186996 0
gene 2 3 7 -4.54445 0 8 -4.54445 1
gene 1 7 4 5.46703 0 9 5.46703 1
gene 3 1 7 0.791377 0 71 0.791377 1
gene 2 2 7 0.860955 0 78 0.860955 1
genomeend 102

/* Organism #103 Fitness: 4.45662 Error: 1.88893 */
genomestart 103
trait 1 0.1 0 0 0 0 0 0 0 
trait 2 0.2 0 0 0 0 0 0 0 
trait 3 0.3 0.119894 0 0.0966374 0 0 0 0 
node 1 1 1 3
node 2 3 1 1
node 3 3 1 1
node 4 2 0 2
node 7 1 0 0
gene 3 1 4 2.73538 0 1 2.73538 1
gene 1 2 4 -6.3585 0 2 -6.3585 1
gene 1 3 4 2.36397 0 3 2.36397 0
gene 2 3 7 -2.40843 0 8 -2.40843 1
gene 1 7 4 3.33738 0 9 3.33738 1
gene 3 1 7 1.1874 0 71 1.1874 1
gene 2 2 7 1.7853 0 78 1.7853 1
genomeend 103

/* Organism #104 Fitness: 8.99643 Error: 1.00059 */
genomestart 104
trait 1 0.1 0 0 0 0 0.537705 0 0.966376 
trait 2 0.2 0 0 0 0 0 0 0 
trait 3 0.3 0.119894 0 0.0966374 0 0 0 0 
node 1 1 1 3
node 2 3 1 1
node 3 3 1 1
node 4 2 0 2
node 7 1 0 0
gene 3 1 4 1.5349 0 1 1.5349 1
gene 1 2 4 -5.02924 0 2 -5.02924 1
gene 1 3 4 -1.4616 0 3 -1.4616 0
gene 1 3 7 -6.93056 0 8 -6.93056 1
gene 1 7 4 5.4289 0 9 5.4289 1
gene 3 1 7 0.919346 0 71 0.919346 1
gene 2 2 7 1.93406 0 78 1.93406 1
genomeend 104

/* Organism #105 Fitness: 4.25976 Error: 1.93608 */
genomestart 105
trait 1 0.1 0 0 0 0 0 0 0 
trait 2 0.2 0 0 0 0 0 0 0 
trait 3 0.3 0.119894 0 0.0966374 0 0 0 0 
node 1 1 1 3
node 2 3 1 1
node 3 3 1 1
node 4 2 0 2
node 7 1 0 0
gene 3 1 4 2.12225 0 1 2.12225 1
gene 1 2 4 -4.76923 0 2 -4.76923 1
gene 1 3 4 -2.61944 0 3 -2.61944 1
gene 1 3 7 -3.42835 0 8 -3.42835 1
gene 1 7 4 3.4628 0 9 3.4628 1
gene 3 1 7 2.13546 0 71 2.13546 1
gene 2 2 7 2.42508 0 78 2.42508 1
genomeend 105

/* Organism #106 Fitness: 1.38017 Error: 2.82519 */
genomestart 106
trait 1 0.1 0 0 0 0 0 0 0 
trait 2 0.2 0.0689464 0 0 0 0 0.378731 0 
trait 3 0.3 0.119894 0 0.0966374 0 0 0 0 
node 1 1 1 3
node 2 3 1 1
node 3 3 1 1
node 4 2 0 2
node 7 1 0 0
gene 3 1 4 -0.315162 0 1 -0.315162 1
gene 1 2 4 -6.68347 0 2 -6.68347 1
gene 1 3 4 -0.171462 0 3 -0.171462 0
gene 2 3 7 -6.64865 0 8 -6.64865 1
gene 1 7 4 4.8024 0 9 4.8024 1
gene 3 1 7 0.759108 0 71 0.759108 1
gene 2 2 7 -1.15975 0 78 -1.15975 1
genomeend 106

/* Organism #107 Fitness: 8.99898 Error: 1.00017 */
genomestart 107
trait 1 0.1 0 0 0 0 0 0 0 
trait 2 0.2 0 0 0 0 0 0 0 
trait 3 0.3 0.119894 0 0.0966374 0 0 0 0 
node 1 1 1 3
node 2 3 1 1
node 3 3 1 1
node 4 2 0 2
node 7 1 0 0
gene 3 1 4 1.60125 0 1 1.60125 1
gene 1 2 4 -4.22221 0 2 -4.22221 1
gene 1 3 4 -0.390212 0 3 -0.390212 0
gene 1 3 7 -5.97376 0 8 -5.97376 1
gene 1 7 4 4.64547 0 9 4.64547 1
gene 3 1 7 -0.830919 0 71 -0.830919 1
gene 2 2 7 2.07795 0 78 2.07795 1
genomeend 107

/* Organism #108 Fitness: 8.99591 Error: 1.00068 */
genomestart 108
trait 1 0.1 0 0 0 0 0 0 0 
trait 2 0.2 0 0 0 0 0 0 0 
trait 3 0.3 0.119894 0 0.0966374 0 0 0 0 
node 1 1 1 3
node 2 3 1 1
node 3 3 1 1
node 4 2 0 2
node 7 1 0 0
gene 3 1 4 2.32504 0 1 2.32504 1
gene 1 2 4 -5.15436 0 2 -5.15436 1
gene 1 3 4 0.186996 0 3 0.186996 0
gene 2 3 7 -4.54445 0 8 -4.54445 1
gene 1 7 4 4.31338 0 9 4.31338 1
gene 3 1 7 1.42049 0 71 1.42049 1
gene 1 2 7 0.509382 0 78 0.509382 1
genomeend 108

/* Organism #109 Fitness: 4 Error: 2 */
genomestart 109
trait 1 0.1 0 0 0 0 0 0 0 
trait 2 0.2 0 0 0 0 0 0 0 
trait 3 0.3 0.119894 0 0.0966374 0 0 0 0 
node 1 1 1 3
node 2 3 1 1
node 3 3 1 1
node 4 2 0 2
node 7 1 0 0
gene 3 1 4 2.28359 0 1 2.28359 1
gene 1 2 4 0.186189 0 2 0.186189 1
gene 1 3 4 -0.988401 0 3 -0.988401 0
gene 1 3 7 -0.935157 0 8 -0.935157 1
gene 1 7 4 0.580409 0 9 0.580409 1
gene 3 1 7 -1.07588 0 71 -1.07588 1
gene 2 2 7 -1.58814 0 78 -1.58814 1
genomeend 109

/* Organism #110 Fitness: 8.77114 Error: 1.03839 */
genomestart 110
trait 1 0.1 0 0 0 0 0 0 0 
trait 2 0.2 0 0 0 0 0 0 0 
trait 3 0.3 0.119894 0 0.0966374 0 0 0 0 
node 1 1 1 3
node 2 3 1 1
node 3 3 1 1
node 4 2 0 2
node 7 1 0 0
gene 3 1 4 4.0162 0 1 4.0162 1
gene 1 2 4 -4.67045 0 2 -4.67045 1
gene 1 3 4 0.981324 0 3 0.981324 0
gene 2 3 7 -6.57672 0 8 -6.57672 1
gene 1 7 4 3.6517 0 9 3.6517 1
gene 3 1 7 -1.03258 0 71 -1.03258 1
gene 2 2 7 1.25906 0 78 1.25906 1
genomeend 110

/* Species #13 : (Size 7) (AF 4.44027) (Age 12)  */


/* Organism #111 Fitness: 8.9941 Error: 1.00098 */
genomestart 111
trait 1 0.1 0 0 0 0 0 0 0 
trait 2 0.218276 0 0 0 0.0163952 0 0.00806053 0.385606 
trait 3 0.3 0 0 0 0 0 0 0 
node 1 1 1 3
node 2 3 1 1
node 3 2 1 1
node 4 1 0 2
node 8 1 0 0
node 36 3 0 0
gene 1 1 4 1.93677 0 1 1.93677 1
gene 3 2 4 5.87474 0 2 5.87474 0
gene 1 3 4 -3.51764 0 3 -3.51764 1
gene 3 2 8 -0.33669 0 11 -0.33669 0
gene 3 8 4 4.54505 0 12 4.54505 1
gene 1 1 8 1.96865 0 73 1.96865 1
gene 3 2 36 1.42426 0 85 1.42426 1
gene 3 36 8 -2.77379 0 86 -2.77379 1
gene 2 1 36 -0.832998 0 146 -0.832998 1
genomeend 111

/* Organism #112 Fitness: 4 Error: 2 */
genomestart 112
trait 1 0.1 0 0 0 0 0 0 0 
trait 2 0.218276 0 0 0 0.0163952 0 0.00806053 0.385606 
trait 3 0.3 0 0 0 0 0 0 0 
node 1 1 1 3
node 2 3 1 1
node 3 2 1 1
node 4 1 0 2
node 8 1 0 0
node 36 3 0 0
gene 1 1 4 4.29857 0 1 4.29857 1
gene 3 2 4 6.54503 0 2 6.54503 0
gene 1 3 4 -3.69149 0 3 -3.69149 1
gene 3 2 8 1.59646 0 11 1.59646 0
gene 3 8 4 6.24419 0 12 6.24419 1
gene 1 1 8 4.00858 0 73 4.00858 1
gene 3 2 36 -0.183394 0 85 -0.183394 1
gene 3 36 8 -1.37191 0 86 -1.37191 1
gene 2 1 36 -1.91804 0 146 -1.91804 1
genomeend 112

/* Organism #113 Fitness: 4.00004 Error: 1.99999 */
genomestart 113
trait 1 0.1 0 0 0 0 0 0 0 
trait 2 0.218276 0 0 0 0.0163952 0 0.00806053 0.385606 
trait 3 0.3 0.917736 0 0 0 0 0 0 
node 1 1 1 3
node 2 1 1 1
node 3 2 1 1
node 4 1 0 2
node 8 1 0 0
node 36 3 0 0
gene 1 1 4 -1.67669 0 1 -1.67669 1
gene 3 2 4 0.853959 0 2 0.853959 0
gene 1 3 4 -1.27833 0 3 -1.27833 1
gene 3 2 8 -0.30078 0 11 -0.30078 0
gene 3 8 4 6.96061 0 12 6.96061 1
gene 1 1 8 -1.36577 0 73 -1.36577 1
gene 3 2 36 -1.54631 0 85 -1.54631 1
gene 3 36 8 -5.60127 0 86 -5.60127 1
genomeend 113

/* Organism #114 Fitness: 2.10088 Error: 2.55056 */
genomestart 114
trait 1 0.1 0 0 0 0 0 0 0 
trait 2 0.218276 0 0 0 0.0163952 0 0.00806053 0.385606 
trait 3 0.3 0 0 0 0 0 0 0 
node 1 1 1 3
node 2 3 1 1
node 3 2 1 1
node 4 2 0 2
node 8 1 0 0
node 36 3 0 0
gene 1 1 4 2.30208 0 1 2.30208 1
gene 3 2 4 -1.09077 0 2 -1.09077 0
gene 1 3 4 -3.21363 0 3 -3.21363 1
gene 3 2 8 -2.11919 0 11 -2.11919 0
gene 3 8 4 4.64364 0 12 4.64364 1
gene 1 1 8 -0.272571 0 73 -0.272571 1
gene 3 2 36 -4.29311 0 85 -4.29311 1
gene 3 36 8 -5.35509 0 86 -5.35509 1
gene 2 1 36 1.06326 0 146 1.06326 1
genomeend 114

/* Organism #115 Fitness: 3.97858 Error: 2.00536 */
genomestart 115
trait 1 0.1 0 0 0 0 0 0 0 
trait 2 0.218276 0 0 0 0.0163952 0 0.00806053 0.385606 
trait 3 0.3 0 0 0 0 0 0 0 
node 1 1 1 3
node 2 1 1 1
node 3 2 1 1
node 4 1 0 2
node 8 1 0 0
node 36 3 0 0
gene 1 1 4 -1.05508 0 1 -1.05508 1
gene 3 2 4 4.17222 0 2 4.17222 1
gene 1 3 4 -0.742943 0 3 -0.742943 1
gene 3 2 8 -1.17082 0 11 -1.17082 1
gene 3 8 4 3.01681 0 12 3.01681 1
gene 1 1 8 -2.06518 0 73 -2.06518 1
gene 3 2 36 -0.341429 0 85 -0.341429 1
gene 3 36 8 -4.78143 0 86 -4.78143 1
gene 2 1 36 -2.66222 0 146 -2.66222 1
genomeend 115

/* Organism #116 Fitness: 4.00748 Error: 1.99813 */
genomestart 116
trait 1 0.1 0 0 0 0 0 0 0 
trait 2 0.218276 0 0 0 0.0163952 0 0.00806053 0.385606 
trait 3 0.3 0 0 0 0 0 0 0 
node 1 1 1 3
node 2 3 1 1
node 3 2 1 1
node 4 1 0 2
node 8 1 0 0
node 36 3 0 0
gene 1 1 4 4.30558 0 1 4.30558 1
gene 3 2 4 7.64333 0 2 7.64333 0
gene 1 3 4 -5.98135 0 3 -5.98135 1
gene 3 2 8 -2.79656 0 11 -2.79656 0
gene 3 8 4 4.39101 0 12 4.39101 1
gene 1 1 8 0.453606 0 73 0.453606 1
gene 3 2 36 0.168859 0 85 0.168859 1
gene 3 36 8 -0.380341 0 86 -0.380341 1
gene 2 1 36 0.633298 0 146 0.633298 1
genomeend 116

/* Organism #117 Fitness: 4.00083 Error: 1.99979 */
genomestart 117
trait 1 0.1 0 0 0 0 0 0 0 
trait 2 0.218276 0 0 0 0.0163952 0 0.00806053 0.385606 
trait 3 0.3 0 0 0 0 0 0 0 
node 1 1 1 3
node 2 1 1 1
node 3 2 1 1
node 4 1 0 2
node 8 1 0 0
node 36 3 0 0
gene 1 1 4 1.58586 0 1 1.58586 1
gene 3 2 4 3.03829 0 2 3.03829 0
gene 1 3 4 -3.26875 0 3 -3.26875 1
gene 3 2 8 -0.330662 0 11 -0.330662 0
gene 3 8 4 6.96242 0 12 6.96242 1
gene 1 1 8 -0.698637 0 73 -0.698637 1
gene 3 2 36 1.65666 0 85 1.65666 1
gene 3 36 8 -3.08143 0 86 -3.08143 1
gene 2 1 36 -1.49425 0 146 -1.49425 1
genomeend 117

/* Species #14 : (Size 8) (AF 6.548) (Age 9)  */


/* Organism #118 Fitness: 8.86148 Error: 1.02318 */
genomestart 118
trait 1 0.1 0 0 0 0 0 0 0 
trait 2 0 0 0 0.108267 0 0 0 0 
trait 3 0.3 0 0 0 0 0 0 0 
node 1 1 1 3
node 2 3 1 1
node 3 2 1 1
node 4 1 0 2
node 6 1 0 0
gene 1 1 4 1.03843 0 1 1.03843 1
gene 3 2 4 -0.259687 0 2 -0.259687 0
gene 1 3 4 -5.1201 0 3 -5.1201 1
gene 3 2 6 -3.80704 0 6 -3.80704 1
gene 3 6 4 -3.66685 0 7 -3.66685 1
gene 1 3 6 -0.260449 0 10 -0.260449 1
gene 2 1 6 0.00588781 0 157 0.00588781 1
genomeend 118

/* Organism #119 Fitness: 8.97891 Error: 1.00352 */
genomestart 119
trait 1 0.1 0 0 0 0 0 0 0 
trait 2 0 0 0 0.108267 0 0 0 0 
trait 3 0.3 0 0 0 0 0 0 0 
node 1 1 1 3
node 2 3 1 1
node 3 2 1 1
node 4 1 0 2
node 6 1 0 0
gene 1 1 4 2.3231 0 1 2.3231 1
gene 3 2 4 -0.251001 0 2 -0.251001 0
gene 1 3 4 -3.84032 0 3 -3.84032 1
gene 3 2 6 -4.10288 0 6 -4.10288 1
gene 3 6 4 -3.48417 0 7 -3.48417 1
gene 1 3 6 -2.5614 0 10 -2.5614 1
gene 2 1 6 1.84779 0 157 1.84779 1
genomeend 119

/* Organism #120 Fitness: 8.77139 Error: 1.03835 */
genomestart 120
trait 1 0.1 0 0 0 0 0 0 0 
trait 2 0 0 0 0.108267 0 0 0 0 
trait 3 0.3 0 0 0 0 0 0 0 
node 1 1 1 3
node 2 3 1 1
node 3 2 1 1
node 4 1 0 2
node 6 1 0 0
gene 1 1 4 1.03843 0 1 1.03843 1
gene 3 2 4 -0.259687 0 2 -0.259687 1
gene 1 3 4 -5.1201 0 3 -5.1201 1
gene 3 2 6 -3.80704 0 6 -3.80704 1
gene 3 6 4 -3.66685 0 7 -3.66685 1
gene 1 3 6 -0.260449 0 10 -0.260449 1
gene 2 1 6 0.00588781 0 157 0.00588781 1
genomeend 120

/* Organism #121 Fitness: 4.90785 Error: 1.78463 */
genomestart 121
trait 1 0.1 0 0 0 0 0 0 0 
trait 2 0 0 0 0.108267 0 0 0 0 
trait 3 0.3 0 0 0 0 0 0 0 
node 1 1 1 3
node 2 3 1 1
node 3 2 1 1
node 4 1 0 2
node 6 3 0 0
gene 1 1 4 -0.251371 0 1 -0.251371 1
gene 3 2 4 0.713732 0 2 0.713732 0
gene 1 3 4 0.758847 0 3 0.758847 1
gene 3 2 6 -4.09607 0 6 -4.09607 1
gene 3 6 4 -2.13682 0 7 -2.13682 1
gene 1 3 6 -1.71702 0 10 -1.71702 1
gene 2 1 6 0.823187 0 157 0.823187 1
genomeend 121

/* Organism #122 Fitness: 8.86148 Error: 1.02318 */
genomestart 122
trait 1 0.1 0 0 0 0 0 0 0 
trait 2 0 0 0 0.108267 0 0 0 0 
trait 3 0.3 0 0 0 0 0 0 0 
node 1 1 1 3
node 2 3 1 1
node 3 2 1 1
node 4 1 0 2
node 6 1 0 0
gene 1 1 4 1.03843 0 1 1.03843 1
gene 3 2 4 -0.259687 0 2 -0.259687 0
gene 1 3 4 -5.1201 0 3 -5.1201 1
gene 3 2 6 -3.80704 0 6 -3.80704 1
gene 3 6 4 -3.66685 0 7 -3.66685 1
gene 1 3 6 -0.260449 0 10 -0.260449 1
gene 2 1 6 0.00588781 0 157 0.00588781 1
genomeend 122

/* Organism #123 Fitness: 4.0017 Error: 1.99957 */
genomestart 123
trait 1 0.1 0 0 0 0 0 0 0 
trait 2 0 0 0 0.108267 0 0 0 0 
trait 3 0.3 0 0 0 0 0 0 0 
node 1 1 1 3
node 2 3 1 1
node 3 2 1 1
node 4 1 0 2
node 6 1 0 0
gene 1 1 4 1.03843 0 1 1.03843 1
gene 3 2 4 -0.864791 0 2 -0.864791 0
gene 1 3 4 -5.78165 0 3 -5.78165 1
gene 3 2 6 -5.43828 0 6 -5.43828 1
gene 3 6 4 -3.66685 0 7 -3.66685 1
gene 1 3 6 0.853663 0 10 0.853663 1
gene 2 1 6 -1.12936 0 157 -1.12936 1
genomeend 123

/* Organism #124 Fitness: 4 Error: 2 */
genomestart 124
trait 1 0.1 0 0 0 0 0 0 0 
trait 2 0 0 0 0.108267 0 0 0 0 
trait 3 0.3 0 0 0 0 0 0 0 
node 1 1 1 3
node 2 3 1 1
node 3 2 1 1
node 4 1 0 2
node 6 1 0 0
gene 1 1 4 2.57361 0 1 2.57361 1
gene 3 2 4 1.89069 0 2 1.89069 0
gene 1 3 4 -7.09065 0 3 -7.09065 1
gene 3 2 6 -2.57211 0 6 -2.57211 1
gene 3 6 4 -5.89367 0 7 -5.89367 1
gene 1 3 6 1.16213 0 10 1.16213 1
gene 2 1 6 -1.06208 0 157 -1.06208 1
genomeend 124

/* Organism #125 Fitness: 4.0012 Error: 1.9997 */
genomestart 125
trait 1 0.1 0 0 0 0 0 0 0 
trait 2 0 0 0 0.108267 0 0 0 0 
trait 3 0.3 0 0 0 0 0 0 0 
node 1 1 1 3
node 2 3 1 1
node 3 2 1 1
node 4 1 0 2
node 6 1 0 0
gene 1 1 4 -1.62041 0 1 -1.62041 1
gene 3 2 4 -0.0401283 0 2 -0.0401283 0
gene 1 3 4 -5.27586 0 3 -5.27586 1
gene 3 2 6 -2.81877 0 6 -2.81877 1
gene 3 6 4 -4.5228 0 7 -4.5228 1
gene 1 3 6 0.894564 0 10 0.894564 1
gene 2 1 6 -0.458648 0 157 -0.458648 1
genomeend 125

/* Species #15 : (Size 8) (AF 5.48385) (Age 7)  */


/* Organism #126 Fitness: 8.99741 Error: 1.00043 */
genomestart 126
trait 1 0 0.527746 0 0 0.957804 0.0912758 0.720877 0 
trait 2 0.2 0 0 0 0 0 0 0 
trait 3 0.3 0.119894 0 0.0966374 0 0 0 0 
node 1 1 1 3
node 2 3 1 1
node 3 3 1 1
node 4 1 0 2
node 7 1 0 0
node 23 1 0 0
node 44 1 0 0
node 49 1 0 0
gene 3 1 4 0.0902542 0 1 0.0902542 1
gene 1 2 4 -4.76055 0 2 -4.76055 1
gene 1 3 4 1.04033 0 3 1.04033 1
gene 1 3 7 -0.775964 0 8 -0.775964 1
gene 1 7 4 -5.65224 0 9 -5.65224 1
gene 1 2 23 -0.668502 0 51 -0.668502 1
gene 1 23 4 0.563011 0 52 0.563011 1
gene 1 3 44 0.791201 0 109 0.791201 1
gene 1 44 4 0.946939 0 110 0.946939 0
gene 1 44 49 1 0 123 0 1
gene 1 49 4 0.946939 0 124 0 1
genomeend 126

/* Organism #127 Fitness: 4.00431 Error: 1.99892 */
genomestart 127
trait 1 0 0.527746 0 0 0.957804 0.0912758 0.720877 0 
trait 2 0.2 0 0 0 0 0 0 0 
trait 3 0.3 0.119894 0 0.0966374 0 0 0 0 
node 1 1 1 3
node 2 3 1 1
node 3 3 1 1
node 4 1 0 2
node 7 1 0 0
node 23 1 0 0
node 44 1 0 0
node 49 1 0 0
gene 3 1 4 -0.876329 0 1 -0.876329 1
gene 1 2 4 -5.09823 0 2 -5.09823 1
gene 1 3 4 2.18893 0 3 2.18893 1
gene 1 3 7 -0.136808 0 8 -0.136808 1
gene 1 7 4 -6.88198 0 9 -6.88198 1
gene 1 2 23 -1.24371 0 51 -1.24371 1
gene 1 23 4 -1.07129 0 52 -1.07129 1
gene 1 3 44 1.26566 0 109 1.26566 1
gene 1 44 4 0.999791 0 110 0.999791 0
gene 1 44 49 -0.324651 0 123 -0.324651 1
gene 1 49 4 0.946939 0 124 0.946939 1
genomeend 127

/* Organism #128 Fitness: 7.91967 Error: 1.18581 */
genomestart 128
trait 1 0 0.527746 0 0 0.957804 0.0912758 0.720877 0 
trait 2 0.2 0 0 0 0 0 0 0 
trait 3 0.3 0.119894 0 0.0966374 0 0.286852 0 0 
node 1 1 1 3
node 2 3 1 1
node 3 3 1 1
node 4 1 0 2
node 7 1 0 0
node 23 1 0 0
node 44 1 0 0
node 49 1 0 0
gene 3 1 4 2.37711 0 1 2.37711 1
gene 1 2 4 -1.90277 0 2 -1.90277 1
gene 1 3 4 -1.67654 0 3 -1.67654 1
gene 1 3 7 0.536876 0 8 0.536876 1
gene 1 7 4 0.444107 0 9 0.444107 1
gene 1 2 23 -2.49557 0 51 -2.49557 1
gene 1 23 4 1.9951 0 52 1.9951 1
gene 1 3 44 2.19398 0 109 2.19398 1
gene 1 44 4 -0.886007 0 110 -0.886007 0
gene 1 44 49 0.76795 0 123 0.76795 1
gene 1 49 4 0.974069 0 124 0.974069 1
gene 1 3 49 -0.768088 0 177 -0.768088 1
genomeend 128

/* Organism #129 Fitness: 1.19046 Error: 2.90892 */
genomestart 129
trait 1 0 0.527746 0 0 1 0.0912758 0.720877 0.642576 
trait 2 0.2 0 0 0 0 0 0 0 
trait 3 0.3 0.119894 0 0.0966374 0 0.143426 0 0 
node 1 1 1 3
node 2 3 1 1
node 3 3 1 1
node 4 1 0 2
node 7 1 0 0
node 23 1 0 0
node 44 1 0 0
node 49 1 0 0
gene 3 1 4 3.60744 0 1 3.60744 1
gene 1 2 4 -3.11549 0 2 -3.11549 1
gene 1 3 4 0.174731 0 3 0.174731 1
gene 1 3 7 -1.34067 0 8 -1.34067 1
gene 1 7 4 -3.72029 0 9 -3.72029 1
gene 1 2 23 -1.50694 0 51 -1.50694 1
gene 1 23 4 2.36703 0 52 2.36703 1
gene 1 3 44 1.59871 0 109 1.59871 1
gene 1 44 4 -1.25929 0 110 -1.25929 0
gene 1 44 49 3.01834 0 123 3.01834 1
gene 1 49 4 -0.194749 0 124 -0.194749 1
genomeend 129

/* Organism #130 Fitness: 6.89485 Error: 1.3742 */
genomestart 130
trait 1 0 0.527746 0 0 0.957804 0.0912758 0.720877 0 
trait 2 0.2 0 0 0 0 0 0 0 
trait 3 0.3 0.119894 0 0.0966374 0 0.286852 0 0 
node 1 1 1 3
node 2 3 1 1
node 3 3 1 1
node 4 1 0 2
node 7 1 0 0
node 23 1 0 0
node 44 1 0 0
node 49 1 0 0
gene 3 1 4 0.516427 0 1 0.516427 1
gene 1 2 4 -0.738077 0 2 -0.738077 1
gene 1 3 4 -1.65793 0 3 -1.65793 1
gene 1 3 7 1.76666 0 8 1.76666 1
gene 1 7 4 2.10786 0 9 2.10786 1
gene 1 2 23 -1.78486 0 51 -1.78486 1
gene 1 23 4 1.9951 0 52 1.9951 1
gene 1 3 44 0.988615 0 109 0.988615 1
gene 1 44 4 -0.434607 0 110 -0.434607 0
gene 1 44 49 -0.0080553 0 123 -0.0080553 1
gene 1 49 4 -1.11517 0 124 -1.11517 1
genomeend 130

/* Organism #131 Fitness: 1.86666 Error: 2.63374 */
genomestart 131
trait 1 0 0.527746 0 0 0.957804 0.0912758 0.720877 0 
trait 2 0.2 0 0 0 0 0 0 0 
trait 3 0.3 0.119894 0 0.0966374 0 0.286852 0 0 
node 1 1 1 3
node 2 3 1 1
node 3 3 1 1
node 4 1 0 2
node 7 1 0 0
node 23 1 0 0
node 44 1 0 0
node 49 1 0 0
gene 3 1 4 -0.162518 0 1 -0.162518 1
gene 1 2 4 -2.66596 0 2 -2.66596 1
gene 1 3 4 1.53706 0 3 1.53706 1
gene 1 3 7 -0.885487 0 8 -0.885487 1
gene 1 7 4 -4.03564 0 9 -4.03564 1
gene 1 2 23 -2.60317 0 51 -2.60317 1
gene 1 23 4 1.77701 0 52 1.77701 1
gene 1 3 44 0.979132 0 109 0.979132 1
gene 1 44 4 2.07746 0 110 2.07746 0
gene 1 44 49 1.21691 0 123 1.21691 1
gene 1 49 4 1.66057 0 124 1.66057 1
gene 2 2 49 1.31541 0 166 1.31541 1
genomeend 131

/* Organism #132 Fitness: 4 Error: 2 */
genomestart 132
trait 1 0 0.527746 0 0 0.957804 0.0912758 0.720877 0 
trait 2 0.2 0 0 0 0 0 0 0 
trait 3 0.3 0.119894 0 0.0966374 0 0.286852 0 0 
node 1 1 1 3
node 2 3 1 1
node 3 3 1 1
node 4 1 0 2
node 7 1 0 0
node 23 1 0 0
node 44 1 0 0
node 49 1 0 0
gene 3 1 4 -1.15956 0 1 -1.15956 1
gene 1 2 4 -4.76055 0 2 -4.76055 1
gene 1 3 4 -0.747857 0 3 -0.747857 1
gene 1 3 7 -0.211615 0 8 -0.211615 1
gene 1 7 4 -4.06123 0 9 -4.06123 1
gene 1 2 23 -0.0196116 0 51 -0.0196116 1
gene 1 23 4 -1.75328 0 52 -1.75328 1
gene 1 3 44 0.530092 0 109 0.530092 1
gene 1 44 4 -0.692297 0 110 -0.692297 0
gene 1 44 49 1 0 123 1 1
gene 1 49 4 -0.256709 0 124 -0.256709 1
gene 2 2 49 0.52244 0 166 0.52244 1
genomeend 132

/* Organism #133 Fitness: 8.99741 Error: 1.00043 */
genomestart 133
trait 1 0 0.527746 0 0 0.957804 0.0912758 0.720877 0 
trait 2 0.2 0 0 0 0 0 0 0 
trait 3 0.3 0.119894 0 0.0966374 0 0.143426 0 0 
node 1 1 1 3
node 2 3 1 1
node 3 3 1 1
node 4 1 0 2
node 7 1 0 0
node 23 1 0 0
node 44 1 0 0
node 49 1 0 0
gene 3 1 4 0.0902542 0 1 0.0902542 1
gene 1 2 4 -4.76055 0 2 -4.76055 1
gene 1 3 4 1.04033 0 3 1.04033 1
gene 1 3 7 -0.775964 0 8 -0.775964 1
gene 1 7 4 -5.65224 0 9 -5.65224 1
gene 1 2 23 -0.668502 0 51 -0.668502 1
gene 1 23 4 0.563011 0 52 0.563011 1
gene 1 3 44 0.791201 0 109 0.791201 1
gene 1 44 4 0.946939 0 110 0.946939 0
gene 1 44 49 1 0 123 0 1
gene 1 49 4 0.946939 0 124 0 1
genomeend 133

/* Species #16 : (Size 6) (AF 5.75051) (Age 5)  */


/* Organism #134 Fitness: 8.50085 Error: 1.08438 */
genomestart 134
trait 1 0.1 0 0 0.680068 0.796544 0.575705 0 0 
trait 2 0.2 0 0 0 0 0 0 0 
trait 3 0.3 0.119894 0 0.0966374 0 0 0 0 
node 1 1 1 3
node 2 3 1 1
node 3 1 1 1
node 4 1 0 2
node 7 1 0 0
node 34 1 0 0
node 53 1 0 0
gene 3 1 4 3.30766 0 1 3.30766 1
gene 1 2 4 -3.23785 0 2 -3.23785 0
gene 1 3 4 1.94964 0 3 1.94964 0
gene 1 3 7 -3.88762 0 8 -3.88762 1
gene 1 7 4 -4.83747 0 9 -4.83747 1
gene 1 1 7 1.6375 0 71 1.6375 1
gene 1 3 34 6.26147 0 81 6.26147 1
gene 1 34 7 1.50469 0 82 1.50469 1
gene 1 2 34 -3.17745 0 94 -3.17745 1
gene 2 2 7 -2.52256 0 137 -2.52256 1
gene 1 2 53 0.591358 0 142 0.591358 1
gene 1 53 4 2.09116 0 143 2.09116 1
genomeend 134

/* Organism #135 Fitness: 4 Error: 2 */
genomestart 135
trait 1 0.1 0 0 0.680068 0.796544 0.575705 0 0 
trait 2 0.0825865 0 0.309394 0 0 0.703378 0 0 
trait 3 0.3 0.119894 0 0.0966374 0 0 0 0 
node 1 1 1 3
node 2 3 1 1
node 3 1 1 1
node 4 1 0 2
node 7 1 0 0
node 34 1 0 0
node 53 1 0 0
gene 3 1 4 5.17975 0 1 5.17975 1
gene 1 2 4 -3.35973 0 2 -3.35973 0
gene 1 3 4 4.0628 0 3 4.0628 0
gene 1 3 7 -3.09545 0 8 -3.09545 1
gene 1 7 4 -2.64434 0 9 -2.64434 1
gene 1 1 7 2.91937 0 71 2.91937 1
gene 1 3 34 6.69337 0 81 6.69337 1
gene 1 34 7 -0.941387 0 82 -0.941387 1
gene 1 2 34 -3.62475 0 94 -3.62475 1
gene 2 2 7 -3.77068 0 137 -3.77068 1
gene 1 2 53 1.45264 0 142 1.45264 1
gene 1 53 4 2.09116 0 143 2.09116 1
genomeend 135

/* Organism #136 Fitness: 4 Error: 2 */
genomestart 136
trait 1 0.1 0 0 0.680068 0.796544 0.575705 0 0 
trait 2 0.2 0 0 0 0 0 0 0 
trait 3 0.3 0.119894 0 0.0966374 0 0 0 0 
node 1 3 1 3
node 2 3 1 1
node 3 1 1 1
node 4 1 0 2
node 7 1 0 0
node 34 1 0 0
node 53 1 0 0
gene 3 1 4 5.45755 0 1 5.45755 1
gene 1 2 4 -2.32285 0 2 -2.32285 0
gene 1 3 4 4.11014 0 3 4.11014 0
gene 1 3 7 -2.979 0 8 -2.979 1
gene 1 7 4 -1.7699 0 9 -1.7699 1
gene 1 1 7 3.3418 0 71 3.3418 1
gene 1 3 34 7.9219 0 81 7.9219 1
gene 1 34 7 0.364706 0 82 0.364706 1
gene 1 2 34 -5.07886 0 94 -5.07886 1
gene 2 2 7 -2.58499 0 137 -2.58499 1
gene 1 2 53 1.10721 0 142 1.10721 1
gene 1 53 4 1.413 0 143 1.413 1
genomeend 136

/* Organism #137 Fitness: 8.50085 Error: 1.08438 */
genomestart 137
trait 1 0.1 0 0 0.680068 0.796544 0.575705 0 0 
trait 2 0.2 0 0 0 0 0 0 0 
trait 3 0.3 0.119894 0 0.0966374 0 0 0 0 
node 1 1 1 3
node 2 3 1 1
node 3 1 1 1
node 4 1 0 2
node 7 1 0 0
node 34 1 0 0
node 53 1 0 0
gene 3 1 4 3.30766 0 1 3.30766 1
gene 1 2 4 -3.23785 0 2 -3.23785 0
gene 1 3 4 1.94964 0 3 1.94964 0
gene 1 3 7 -3.88762 0 8 -3.88762 1
gene 1 7 4 -4.83747 0 9 -4.83747 1
gene 1 1 7 1.6375 0 71 1.6375 1
gene 1 3 34 6.26147 0 81 6.26147 1
gene 1 34 7 1.50469 0 82 1.50469 1
gene 1 2 34 -3.17745 0 94 -3.17745 1
gene 2 2 7 -2.52256 0 137 -2.52256 1
gene 1 2 53 0.591358 0 142 0.591358 1
gene 1 53 4 2.09116 0 143 2.09116 1
genomeend 137

/* Organism #138 Fitness: 8.50085 Error: 1.08438 */
genomestart 138
trait 1 0.1 0 0 0.680068 0.796544 0.575705 0 0 
trait 2 0.2 0 0 0 0 0 0 0 
trait 3 0.3 0.119894 0 0.0966374 0 0 0 0 
node 1 1 1 3
node 2 3 1 1
node 3 1 1 1
node 4 1 0 2
node 7 1 0 0
node 34 1 0 0
node 53 1 0 0
gene 3 1 4 3.30766 0 1 3.30766 1
gene 1 2 4 -3.23785 0 2 -3.23785 0
gene 1 3 4 1.94964 0 3 1.94964 0
gene 1 3 7 -3.88762 0 8 -3.88762 1
gene 1 7 4 -4.83747 0 9 -4.83747 1
gene 1 1 7 1.6375 0 71 1.6375 1
gene 1 3 34 6.26147 0 81 6.26147 1
gene 1 34 7 1.50469 0 82 1.50469 1
gene 1 2 34 -3.17745 0 94 -3.17745 1
gene 2 2 7 -2.52256 0 137 -2.52256 1
gene 1 2 53 0.591358 0 142 0.591358 1
gene 1 53 4 2.09116 0 143 2.09116 1
gene 1 3 53 0.880408 0 178 0.880408 1
genomeend 138

/* Organism #139 Fitness: 1.0005 Error: 2.99975 */
genomestart 139
trait 1 0.1 0 0 0.680068 0.796544 0.575705 0 0 
trait 2 0.2 0 0 0 0 0 0 0 
trait 3 0.3 0.119894 0 0.0966374 0 0 0 0 
node 1 1 1 3
node 2 3 1 1
node 3 1 1 1
node 4 1 0 2
node 7 1 0 0
node 34 1 0 0
node 53 1 0 0
gene 3 1 4 1.97316 0 1 1.97316 1
gene 1 2 4 -5.2417 0 2 -5.2417 0
gene 1 3 4 1.61166 0 3 1.61166 0
gene 1 3 7 -4.94887 0 8 -4.94887 1
gene 1 7 4 -7.03834 0 9 -7.03834 1
gene 1 1 7 3.42564 0 71 3.42564 1
gene 1 3 34 5.16846 0 81 5.16846 1
gene 1 34 7 3.32985 0 82 3.32985 1
gene 1 2 34 -3.11033 0 94 -3.11033 1
gene 2 2 7 -3.35165 0 137 -3.35165 1
gene 1 2 53 0.591358 0 142 0.591358 1
gene 1 53 4 -0.295809 0 143 -0.295809 1
genomeend 139

/* Species #17 : (Size 7) (AF 5.03452) (Age 4)  */


/* Organism #140 Fitness: 9 Error: 1 */
genomestart 140
trait 1 0.0944793 0.263403 0 0.677738 0 0 0 0.592158 
trait 2 0.273103 0 0 0 0.0655809 0 0.0322421 0.385606 
trait 3 0.3 0 0 0 0 0 0 0 
node 1 2 1 3
node 2 3 1 1
node 3 2 1 1
node 4 3 0 2
node 8 1 0 0
node 57 1 0 0
gene 1 1 4 -8 0 1 -8 1
gene 3 2 4 8 0 2 8 1
gene 1 3 4 -7.36007 0 3 -7.36007 0
gene 3 2 8 0.841555 0 11 0.841555 1
gene 3 8 4 8 0 12 8 1
gene 2 3 8 -2.1117 0 140 -2.1117 1
gene 1 3 57 2.75749 0 151 2.75749 1
gene 1 57 4 -6.34379 0 152 -6.34379 1
genomeend 140

/* Organism #141 Fitness: 4.00878 Error: 1.99781 */
genomestart 141
trait 1 0.0944793 0.263403 0 0.677738 0 0 0 0.592158 
trait 2 0.273103 0 0 0 0.0655809 0 0.0322421 0.385606 
trait 3 0.3 0 0 0 0 0 0 0 
node 1 2 1 3
node 2 3 1 1
node 3 2 1 1
node 4 3 0 2
node 8 1 0 0
node 57 1 0 0
gene 1 1 4 1.24282 0 1 1.24282 1
gene 3 2 4 -1.67122 0 2 -1.67122 1
gene 1 3 4 -8 0 3 -8 0
gene 3 2 8 0.659253 0 11 0.659253 1
gene 3 8 4 8 0 12 8 1
gene 2 3 8 -4.60216 0 140 -4.60216 1
gene 1 3 57 2.45113 0 151 2.45113 1
gene 1 57 4 -8 0 152 -8 1
genomeend 141

/* Organism #142 Fitness: 4 Error: 2 */
genomestart 142
trait 1 0.0944793 0.263403 0 0.677738 0 0 0 0.592158 
trait 2 0.273103 0 0 0 0.0655809 0 0.0322421 0.385606 
trait 3 0.3 0 0 0 0 0 0 0 
node 1 2 1 3
node 2 3 1 1
node 3 2 1 1
node 4 3 0 2
node 8 1 0 0
node 57 1 0 0
gene 1 1 4 -8 0 1 -8 1
gene 3 2 4 5.64464 0 2 5.64464 1
gene 1 3 4 -7.36007 0 3 -7.36007 0
gene 3 2 8 1.84205 0 11 1.84205 1
gene 3 8 4 -1.30814 0 12 -1.30814 1
gene 2 3 8 2.04926 0 140 2.04926 1
gene 1 3 57 3.36831 0 151 3.36831 1
gene 1 57 4 -4.91996 0 152 -4.91996 1
genomeend 142

/* Organism #143 Fitness: 4 Error: 2 */
genomestart 143
trait 1 0.570419 0.263403 0 0 0.0896008 0 0 0.592158 
trait 2 0.273103 0 0 0 0.0655809 0 0.0322421 0.385606 
trait 3 0.3 0 0 0 0 0 0 0 
node 1 2 1 3
node 2 3 1 1
node 3 2 1 1
node 4 3 0 2
node 8 1 0 0
node 57 1 0 0
gene 1 1 4 -8 0 1 -8 1
gene 3 2 4 8 0 2 8 0
gene 1 3 4 -6.23854 0 3 -6.23854 0
gene 3 2 8 0.19086 0 11 0.19086 1
gene 3 8 4 8 0 12 8 1
gene 2 3 8 -0.697566 0 140 -0.697566 1
gene 1 3 57 0.0643149 0 151 0.0643149 1
gene 1 57 4 -8 0 152 -8 1
genomeend 143

/* Organism #144 Fitness: 3.99996 Error: 2.00001 */
genomestart 144
trait 1 0.0944793 0.263403 0 0.677738 0 0 0 0.592158 
trait 2 0.273103 0 0 0 0.0655809 0 0.0322421 0.385606 
trait 3 0.3 0 0 0 0 0 0 0 
node 1 2 1 3
node 2 3 1 1
node 3 2 1 1
node 4 3 0 2
node 8 1 0 0
node 57 1 0 0
gene 1 1 4 -5.75287 0 1 -5.75287 1
gene 3 2 4 8 0 2 8 0
gene 1 3 4 -8 0 3 -8 0
gene 3 2 8 0.174688 0 11 0.174688 1
gene 3 8 4 6.87982 0 12 6.87982 1
gene 2 3 8 1.23356 0 140 1.23356 1
gene 1 3 57 -0.120935 0 151 -0.120935 1
gene 1 57 4 -8 0 152 -8 1
genomeend 144

/* Organism #145 Fitness: 4.00043 Error: 1.99989 */
genomestart 145
trait 1 0.0944793 0.263403 0 0.677738 0 0 0 0.592158 
trait 2 0.273103 0 0 0 0.0655809 0 0.0322421 0.385606 
trait 3 0.3 0 0 0 0 0 0 0 
node 1 2 1 3
node 2 3 1 1
node 3 2 1 1
node 4 3 0 2
node 8 1 0 0
node 57 1 0 0
gene 1 1 4 -5.75287 0 1 -5.75287 1
gene 3 2 4 7.76403 0 2 7.76403 0
gene 1 3 4 -7.72958 0 3 -7.72958 0
gene 3 2 8 1.86937 0 11 1.86937 1
gene 3 8 4 7.76443 0 12 7.76443 1
gene 2 3 8 -0.755027 0 140 -0.755027 1
gene 1 3 57 1 0 151 0 1
gene 2 57 4 -7.72958 0 152 0 1
genomeend 145

/* Organism #146 Fitness: 6.23248 Error: 1.50351 */
genomestart 146
trait 1 0.0944793 0.263403 0 0.677738 0 0 0 0.592158 
trait 2 0.273103 0 0 0 0.0655809 0 0.0322421 0.385606 
trait 3 0.3 0 0 0 0 0 0 0 
node 1 2 1 3
node 2 3 1 1
node 3 2 1 1
node 4 3 0 2
node 8 1 0 0
node 57 1 0 0
gene 1 1 4 -8 0 1 -8 1
gene 3 2 4 8 0 2 8 1
gene 1 3 4 -7.72958 0 3 -7.72958 0
gene 3 2 8 1.86937 0 11 1.86937 1
gene 3 8 4 7.76443 0 12 7.76443 1
gene 2 3 8 -0.755027 0 140 -0.755027 1
gene 1 3 57 2.75749 0 151 2.75749 1
gene 1 57 4 -7.72958 0 152 0 1
genomeend 146

/* Species #18 : (Size 1) (AF 8.99997) (Age 3)  */


/* Organism #147 Fitness: 8.99997 Error: 1.00001 */
genomestart 147
trait 1 0.1 0 0 0 0 0 0 0 
trait 2 0.2 0 0 0 0 0 0 0 
trait 3 0.3 0.119894 0 0.0966374 0 0 0 0 
node 1 1 1 3
node 2 3 1 1
node 3 1 1 1
node 4 1 0 2
node 7 1 0 0
node 22 1 0 0
node 58 1 0 0
node 65 1 0 0
gene 1 1 4 2.51109 0 1 2.51109 1
gene 1 2 4 4.77459 0 2 4.77459 1
gene 1 3 4 1.5893 0 3 1.5893 0
gene 1 3 7 -1.9173 0 8 -1.9173 1
gene 1 7 4 -6.28672 0 9 -6.28672 1
gene 1 3 22 2.09637 0 49 2.09637 0
gene 1 22 7 0.352793 0 50 0.352793 1
gene 1 3 58 1 0 153 0 0
gene 1 58 22 2.69381 0 154 0 1
gene 1 2 7 -0.834818 0 158 -0.834818 1
gene 1 3 65 1 0 179 0 1
gene 1 65 58 1 0 180 0 1
genomeend 147

/* Species #19 : (Size 1) (AF 4) (Age 1)  */


/* Organism #148 Fitness: 4 Error: 2 */
genomestart 148
trait 1 0.0972397 0.131702 0 0.338869 0 0 0 0.296079 
trait 2 0.1 0 0 0.19066 0 0 0.0161211 0.192803 
trait 3 0.3 0.0599471 0 0.0483187 0 0 0 0 
node 1 2 1 3
node 2 3 1 1
node 3 2 1 1
node 4 3 0 2
node 7 1 0 0
node 22 1 0 0
gene 1 1 4 -5.833 0 1 -5.833 1
gene 1 2 4 5.48625 0 2 5.48625 0
gene 1 3 4 -8 0 3 -8 1
gene 1 3 7 -1.91632 0 8 -1.91632 1
gene 1 7 4 -6.27085 0 9 -6.27085 1
gene 1 3 22 2.94475 0 49 2.94475 1
gene 1 22 7 0.762301 0 50 0.762301 1
genomeend 148

/* Species #20 : (Size 1) (AF 3.84485) (Age 1)  */


/* Organism #149 Fitness: 3.84485 Error: 2.03917 */
genomestart 149
trait 1 0.1 0 0 0 0 0 0 0 
trait 2 0.2 0 0 0 0 0 0 0 
trait 3 0.3 0.119894 0 0.0966374 0 0 0 0 
node 1 1 1 3
node 2 3 1 1
node 3 1 1 1
node 4 1 0 2
node 7 1 0 0
node 27 1 0 0
node 61 1 0 0
gene 3 1 4 4.32269 0 1 4.32269 1
gene 1 2 4 -3.01007 0 2 -3.01007 0
gene 1 3 4 -1.33519 0 3 -1.33519 1
gene 1 3 7 -0.334944 0 8 -0.334944 1
gene 1 7 4 2.05541 0 9 2.05541 1
gene 1 7 27 1.03914 0 60 1.03914 1
gene 1 27 4 -5.5806 0 61 -5.5806 1
gene 2 1 7 -1.64504 0 102 -1.64504 1
gene 3 2 27 0.296912 0 125 0.296912 1
gene 1 2 61 1.26885 0 163 1.26885 1
gene 1 61 4 -4.3607 0 164 -4.3607 1
genomeend 149
