
/* Species #2 : (Size 11) (AF 5.59376) (Age 26)  */


/* Organism #0 Fitness: 9 Error: 1 */
genomestart 0
trait 1 0.05 0 0 0 0 0.530396 0 0.0525937 
trait 2 0.2 0 0 0.441816 0.829024 0 0 0 
trait 3 0.3 0 0 0 0 0 0 0 
node 1 2 1 3
node 2 1 1 1
node 3 3 1 1
node 4 1 0 2
node 7 2 0 0
gene 2 1 4 -0.682728 0 1 -0.682728 1
gene 3 2 4 7.92395 0 2 7.92395 1
gene 2 3 4 -6.94607 0 3 -6.94607 1
gene 2 3 7 4.64073 0 8 4.64073 1
gene 2 7 4 -7.57099 0 9 -7.57099 1
gene 3 2 7 -2.39924 0 155 -2.39924 1
gene 2 1 7 0.28267 0 198 0.28267 1
genomeend 0

/* Organism #1 Fitness: 4.01324 Error: 1.99669 */
genomestart 1
trait 1 0.05 0 0 0 0 0.530396 0 0.0525937 
trait 2 0.2 0 0 0.441816 0.829024 0 0 0 
trait 3 0.3 0 0 0 0 0 0 0 
node 1 2 1 3
node 2 1 1 1
node 3 3 1 1
node 4 1 0 2
node 7 2 0 0
gene 2 1 4 -0.307537 0 1 -0.307537 1
gene 3 2 4 4.43774 0 2 4.43774 1
gene 2 3 4 -5.11277 0 3 -5.11277 1
gene 2 3 7 2.15001 0 8 2.15001 1
gene 2 7 4 -8 0 9 -8 1
gene 3 2 7 -0.351282 0 155 -0.351282 1
gene 2 1 7 0.487056 0 198 0.487056 1
genomeend 1

/* Organism #2 Fitness: 3.99637 Error: 2.00091 */
genomestart 2
trait 1 0.05 0 0 0 0 0.530396 0 0.0525937 
trait 2 0.2 0 0 0.960968 0 0 0 0 
trait 3 0.3 0 0 0 0 0 0 0 
node 1 2 1 3
node 2 1 1 1
node 3 3 1 1
node 4 1 0 2
node 7 2 0 0
gene 2 1 4 -0.580604 0 1 -0.580604 1
gene 1 2 4 5.85811 0 2 5.85811 1
gene 2 3 4 0.914641 0 3 0.914641 1
gene 2 3 7 6.59569 0 8 6.59569 1
gene 2 7 4 -7.61193 0 9 -7.61193 1
gene 3 2 7 -0.56377 0 155 -0.56377 1
gene 3 1 7 2.04166 0 198 2.04166 1
genomeend 2

/* Organism #3 Fitness: 9 Error: 1 */
genomestart 3
trait 1 0.05 0 0 0 0 0.530396 0 0.0525937 
trait 2 0.2 0 0 0.701392 0.414512 0 0 0 
trait 3 0.3 0 0 0 0 0 0 0 
node 1 2 1 3
node 2 1 1 1
node 3 3 1 1
node 4 1 0 2
node 7 2 0 0
gene 2 1 4 -0.157623 0 1 -0.157623 1
gene 3 2 4 6.98305 0 2 6.98305 1
gene 2 3 4 -6.94607 0 3 -6.94607 1
gene 2 3 7 4.41434 0 8 4.41434 1
gene 2 7 4 -7.57099 0 9 -7.57099 1
gene 3 2 7 -3.05285 0 155 -3.05285 1
gene 3 1 7 2.31088 0 198 2.31088 1
genomeend 3

/* Organism #4 Fitness: 9 Error: 1 */
genomestart 4
trait 1 0.05 0 0 0 0 0.530396 0 0.0525937 
trait 2 0.2 0 0 0.441816 0.829024 0 0 0 
trait 3 0.3 0 0 0 0 0 0 0 
node 1 2 1 3
node 2 1 1 1
node 3 3 1 1
node 4 1 0 2
node 7 2 0 0
gene 2 1 4 -0.682728 0 1 -0.682728 1
gene 3 2 4 7.92395 0 2 7.92395 1
gene 2 3 4 -6.21933 0 3 -6.21933 1
gene 2 3 7 4.64073 0 8 4.64073 1
gene 2 7 4 -8 0 9 -8 1
gene 3 2 7 -2.39924 0 155 -2.39924 1
gene 2 1 7 0.28267 0 198 0.28267 1
genomeend 4

/* Organism #5 Fitness: 4.00009 Error: 1.99998 */
genomestart 5
trait 1 0.05 0 0 0 0 0.530396 0 0.0525937 
trait 2 0.2 0 0 0.701392 0.414512 0 0 0 
trait 3 0.3 0 0 0 0 0 0 0 
node 1 2 1 3
node 2 1 1 1
node 3 3 1 1
node 4 1 0 2
node 7 2 0 0
gene 1 1 4 -0.127702 0 1 -0.127702 1
gene 3 2 4 5.96447 0 2 5.96447 1
gene 2 3 4 -6.36004 0 3 -6.36004 1
gene 2 3 7 5.0769 0 8 5.0769 1
gene 2 7 4 -8 0 9 -8 1
gene 3 2 7 -0.769135 0 155 -0.769135 1
gene 3 1 7 2.95304 0 198 2.95304 1
genomeend 5

/* Organism #6 Fitness: 9 Error: 1 */
genomestart 6
trait 1 0.05 0 0 0 0 0.530396 0 0.0525937 
trait 2 0.2 0 0 0.701392 0.414512 0 0 0 
trait 3 0.3 0 0 0 0 0 0 0 
node 1 2 1 3
node 2 1 1 1
node 3 3 1 1
node 4 1 0 2
node 7 2 0 0
gene 2 1 4 -0.420175 0 1 -0.420175 1
gene 3 2 4 6.82147 0 2 6.82147 1
gene 2 3 4 -6.36347 0 3 -6.36347 1
gene 2 3 7 3.63316 0 8 3.63316 1
gene 2 7 4 -7.62627 0 9 -7.62627 1
gene 3 2 7 -2.72605 0 155 -2.72605 1
gene 3 1 7 1.29677 0 198 1.29677 1
genomeend 6

/* Organism #7 Fitness: 4 Error: 2 */
genomestart 7
trait 1 0.05 0 0 0 0 0.530396 0 0.0525937 
trait 2 0.2 0 0 0.441816 0.829024 0 0 0 
trait 3 0.3 0 0 0 0 0 0 0 
node 1 2 1 3
node 2 1 1 1
node 3 3 1 1
node 4 1 0 2
node 7 2 0 0
gene 2 1 4 -0.086271 0 1 -0.086271 1
gene 3 2 4 -2.26286 0 2 -2.26286 1
gene 2 3 4 -6.21933 0 3 -6.21933 1
gene 2 3 7 -1.98696 0 8 -1.98696 1
gene 2 7 4 -8 0 9 -8 1
gene 3 2 7 -0.625413 0 155 -0.625413 1
gene 2 1 7 0.28267 0 198 0.28267 1
genomeend 7

/* Organism #8 Fitness: 4.47694 Error: 1.88412 */
genomestart 8
trait 1 0.05 0 0 0 0 0.530396 0 0.0525937 
trait 2 0.2 0 0 0.441816 0.829024 0 0 0 
trait 3 0.3 0 0 0 0 0 0 0 
node 1 2 1 3
node 2 1 1 1
node 3 3 1 1
node 4 1 0 2
node 7 2 0 0
gene 2 1 4 0.413179 0 1 0.413179 1
gene 3 2 4 8 0 2 8 1
gene 2 3 4 -7.69216 0 3 -7.69216 1
gene 2 3 7 3.98092 0 8 3.98092 1
gene 2 7 4 -6.35554 0 9 -6.35554 1
gene 3 2 7 -1.24374 0 155 -1.24374 1
gene 2 1 7 -1.91258 0 198 -1.91258 1
genomeend 8

/* Organism #9 Fitness: 1.00001 Error: 2.99999 */
genomestart 9
trait 1 0.05 0 0 0 0 0.530396 0 0.0525937 
trait 2 0.2 0 0 0.441816 0.829024 0 0 0 
trait 3 0.3 0 0 0 0 0 0 0 
node 1 2 1 3
node 2 1 1 1
node 3 3 1 1
node 4 1 0 2
node 7 2 0 0
gene 2 1 4 1.8608 0 1 1.8608 1
gene 3 2 4 6.65988 0 2 6.65988 1
gene 2 3 4 -6.67153 0 3 -6.67153 1
gene 2 3 7 3.93046 0 8 3.93046 1
gene 2 7 4 0.731626 0 9 0.731626 1
gene 3 2 7 -2.31923 0 155 -2.31923 1
gene 2 1 7 0.941152 0 198 0.941152 1
genomeend 9

/* Organism #10 Fitness: 4.04476 Error: 1.98884 */
genomestart 10
trait 1 0.05 0 0 0 0 0.530396 0 0.0525937 
trait 2 0.2 0 0 0.960968 0 0 0 0 
trait 3 0.3 0 0 0 0 0 0 0 
node 1 2 1 3
node 2 1 1 1
node 3 3 1 1
node 4 1 0 2
node 7 2 0 0
gene 2 1 4 -1.53008 0 1 -1.53008 1
gene 3 2 4 0.619632 0 2 0.619632 1
gene 2 3 4 -0.945299 0 3 -0.945299 1
gene 2 3 7 2.41175 0 8 2.41175 1
gene 2 7 4 -6.61264 0 9 -6.61264 1
gene 3 2 7 -3.05285 0 155 -3.05285 1
gene 3 1 7 0.948268 0 198 0.948268 1
genomeend 10

/* Species #3 : (Size 13) (AF 8.14344) (Age 26)  */


/* Organism #11 Fitness: 9 Error: 1 */
genomestart 11
trait 1 0.05 0 0.46277 0.016976 0 0 0 0 
trait 2 0.2 0 0 0 0 0 0 0 
trait 3 0.19751 0 0.586344 0 0.514654 0.0345704 0.312949 0.498056 
node 1 3 1 3
node 2 3 1 1
node 3 2 1 1
node 4 1 0 2
node 8 1 0 0
gene 1 1 4 -6.00887 0 1 -6.00887 1
gene 3 2 4 3.8047 0 2 3.8047 1
gene 3 3 4 -7.80615 0 3 -7.80615 1
gene 3 2 8 4.00305 0 10 4.00305 1
gene 3 8 4 5.89596 0 11 5.89596 1
gene 3 1 8 -0.569888 0 205 0 1
genomeend 11

/* Organism #12 Fitness: 9 Error: 1 */
genomestart 12
trait 1 0.05 0 0.46277 0.016976 0 0 0 0 
trait 2 0.2 0 0 0 0 0 0 0 
trait 3 0.19751 0 0.586344 0 0.514654 0.0345704 0.312949 0.498056 
node 1 3 1 3
node 2 3 1 1
node 3 2 1 1
node 4 1 0 2
node 8 1 0 0
gene 1 1 4 -6.01832 0 1 -6.01832 1
gene 3 2 4 5.28886 0 2 5.28886 1
gene 3 3 4 -7.78572 0 3 -7.78572 1
gene 3 2 8 4.55663 0 10 4.55663 1
gene 3 8 4 4.29194 0 11 4.29194 1
genomeend 12

/* Organism #13 Fitness: 9 Error: 1 */
genomestart 13
trait 1 0.05 0 0.46277 0.016976 0 0 0 0 
trait 2 0.2 0 0 0 0 0 0 0 
trait 3 0.19751 0 0.586344 0 0.514654 0.0345704 0.312949 0.498056 
node 1 3 1 3
node 2 3 1 1
node 3 2 1 1
node 4 1 0 2
node 8 1 0 0
gene 1 1 4 -7.82371 0 1 -7.82371 1
gene 3 2 4 3.97883 0 2 3.97883 1
gene 3 3 4 -8 0 3 -8 1
gene 3 2 8 3.07984 0 10 3.07984 1
gene 3 8 4 8 0 11 8 1
gene 2 3 8 0.144936 0 218 0.144936 1
genomeend 13

/* Organism #14 Fitness: 9 Error: 1 */
genomestart 14
trait 1 0.05 0 0.46277 0.016976 0 0 0 0 
trait 2 0.2 0 0 0 0 0 0 0 
trait 3 0.19751 0 0.586344 0 0.514654 0.0345704 0.312949 0.498056 
node 1 3 1 3
node 2 3 1 1
node 3 2 1 1
node 4 1 0 2
node 8 1 0 0
gene 1 1 4 -6.53708 0 1 -6.53708 1
gene 3 2 4 4.51058 0 2 4.51058 1
gene 3 3 4 -7.80615 0 3 -7.80615 1
gene 3 2 8 4.45533 0 10 4.45533 1
gene 3 8 4 6.51102 0 11 6.51102 1
gene 3 1 8 -0.569888 0 205 0 1
genomeend 14

/* Organism #15 Fitness: 9 Error: 1 */
genomestart 15
trait 1 0.05 0 0.46277 0.016976 0 0 0 0 
trait 2 0.2 0 0 0 0 0 0 0 
trait 3 0.19751 0 0.586344 0 0.514654 0.0345704 0.312949 0.498056 
node 1 3 1 3
node 2 3 1 1
node 3 2 1 1
node 4 1 0 2
node 8 1 0 0
gene 1 1 4 -5.86998 0 1 -5.86998 1
gene 3 2 4 3.18191 0 2 3.18191 1
gene 3 3 4 -7.45799 0 3 -7.45799 1
gene 3 2 8 4.21433 0 10 4.21433 1
gene 3 8 4 5.64135 0 11 5.64135 1
gene 3 1 8 -3.05106 0 205 -3.05106 1
genomeend 15

/* Organism #16 Fitness: 3.76031 Error: 2.06085 */
genomestart 16
trait 1 0.05 0 0.46277 0.016976 0 0 0 0 
trait 2 0.2 0 0 0 0 0 0 0 
trait 3 0.19751 0.242568 0.586344 0 1 0 0.803562 0 
node 1 3 1 3
node 2 3 1 1
node 3 2 1 1
node 4 1 0 2
node 8 1 0 0
gene 1 1 4 -4.55572 0 1 -4.55572 1
gene 3 2 4 4.62815 0 2 4.62815 1
gene 3 3 4 -5.58615 0 3 -5.58615 1
gene 3 2 8 3.87441 0 10 3.87441 1
gene 3 8 4 8 0 11 8 1
genomeend 16

/* Organism #17 Fitness: 9 Error: 1 */
genomestart 17
trait 1 0.05 0 0.46277 0.016976 0 0 0 0 
trait 2 0.2 0 0 0 0 0 0 0 
trait 3 0.19751 0 0.586344 0 0.514654 0.0345704 0.312949 0.498056 
node 1 3 1 3
node 2 3 1 1
node 3 2 1 1
node 4 1 0 2
node 8 1 0 0
gene 1 1 4 -6.00887 0 1 -6.00887 1
gene 3 2 4 3.8047 0 2 3.8047 1
gene 3 3 4 -8 0 3 -8 1
gene 3 2 8 4.00305 0 10 4.00305 1
gene 3 8 4 5.89596 0 11 5.89596 1
gene 3 1 8 -0.569888 0 205 0 1
genomeend 17

/* Organism #18 Fitness: 9 Error: 1 */
genomestart 18
trait 1 0.05 0 0.46277 0.016976 0 0 0 0 
trait 2 0.2 0 0 0 0 0 0 0 
trait 3 0.19751 0 0.586344 0 0.514654 0.0345704 0.312949 0.498056 
node 1 3 1 3
node 2 3 1 1
node 3 2 1 1
node 4 1 0 2
node 8 1 0 0
gene 1 1 4 -6.53708 0 1 -6.53708 1
gene 3 2 4 4.51058 0 2 4.51058 1
gene 3 3 4 -8 0 3 -8 1
gene 3 2 8 4.45533 0 10 4.45533 1
gene 3 8 4 6.51102 0 11 6.51102 1
genomeend 18

/* Organism #19 Fitness: 9 Error: 1 */
genomestart 19
trait 1 0.05 0 0.46277 0.016976 0 0 0 0 
trait 2 0.2 0 0 0 0 0 0 0 
trait 3 0.19751 0 0.586344 0 0.514654 0.0345704 0.312949 0.498056 
node 1 3 1 3
node 2 3 1 1
node 3 2 1 1
node 4 1 0 2
node 8 1 0 0
gene 1 1 4 -6.53708 0 1 -6.53708 1
gene 3 2 4 4.51058 0 2 4.51058 1
gene 3 3 4 -8 0 3 -8 1
gene 3 2 8 4.45533 0 10 4.45533 1
gene 3 8 4 6.51102 0 11 6.51102 1
gene 3 3 8 -0.0793359 0 227 -0.0793359 1
genomeend 19

/* Organism #20 Fitness: 9 Error: 1 */
genomestart 20
trait 1 0.05 0 0.46277 0.016976 0 0 0 0 
trait 2 0.2 0 0 0 0 0 0 0.477918 
trait 3 0.19751 0 0.586344 0 0.514654 0.0345704 0.312949 0.498056 
node 1 3 1 3
node 2 3 1 1
node 3 2 1 1
node 4 1 0 2
node 8 1 0 0
gene 1 1 4 -5.07697 0 1 -5.07697 1
gene 3 2 4 4.66224 0 2 4.66224 1
gene 3 3 4 -8 0 3 -8 1
gene 3 2 8 6.86195 0 10 6.86195 1
gene 3 8 4 4.3836 0 11 4.3836 1
genomeend 20

/* Organism #21 Fitness: 8.43393 Error: 1.09588 */
genomestart 21
trait 1 0.05 0 0.46277 0.016976 0 0 0 0 
trait 2 0.2 0 0 0 0 0 0 0 
trait 3 0.19751 0 0.586344 0 0.514654 0.0345704 0.312949 0.498056 
node 1 3 1 3
node 2 3 1 1
node 3 2 1 1
node 4 1 0 2
node 8 1 0 0
gene 1 1 4 -8 0 1 -8 1
gene 3 2 4 2.25918 0 2 2.25918 1
gene 3 3 4 -8 0 3 -8 1
gene 3 2 8 2.81847 0 10 2.81847 1
gene 3 8 4 6.1965 0 11 6.1965 1
gene 2 3 8 0.305475 0 218 0.305475 1
genomeend 21

/* Organism #22 Fitness: 8.67253 Error: 1.05508 */
genomestart 22
trait 1 0.05 0 0.46277 0.016976 0 0 0 0 
trait 2 0.2 0 0 0 0 0 0 0 
trait 3 0.19751 0 0.586344 0 0.514654 0.0345704 0.312949 0.498056 
node 1 3 1 3
node 2 3 1 1
node 3 2 1 1
node 4 1 0 2
node 8 1 0 0
gene 1 1 4 -7.00901 0 1 -7.00901 1
gene 3 2 4 6.49459 0 2 6.49459 1
gene 3 3 4 -8 0 3 -8 1
gene 3 2 8 2.81346 0 10 2.81346 1
gene 2 8 4 8 0 11 8 1
gene 2 3 8 -1.83061 0 218 -1.83061 1
genomeend 22

/* Organism #23 Fitness: 3.9979 Error: 2.00052 */
genomestart 23
trait 1 0.05 0 0.46277 0.016976 0 0 0 0 
trait 2 0.2 0 0 0 0 0 0 0 
trait 3 0.824959 0 0.586344 0 0.514654 0.0345704 0.312949 0.498056 
node 1 3 1 3
node 2 3 1 1
node 3 2 1 1
node 4 1 0 2
node 8 1 0 0
gene 1 1 4 -4.57534 0 1 -4.57534 1
gene 3 2 4 4.51058 0 2 4.51058 1
gene 3 3 4 -0.983437 0 3 -0.983437 1
gene 3 2 8 4.65671 0 10 4.65671 1
gene 3 8 4 6.08645 0 11 6.08645 1
genomeend 23

/* Species #4 : (Size 9) (AF 5.89785) (Age 24)  */


/* Organism #24 Fitness: 9.76043 Error: 0.875831 */
genomestart 24
trait 1 0.1 0 0 0 0 0 0 0 
trait 2 0.2 0 0 0 0 0 0 0 
trait 3 0.3 0 0 0.0576121 0 0.0757068 0.0209512 0 
node 1 2 1 3
node 2 3 1 1
node 3 2 1 1
node 4 3 0 2
node 15 1 0 0
gene 1 1 4 1.76902 0 1 1.76902 1
gene 3 2 4 -1.17509 0 2 -1.17509 1
gene 3 3 4 -2.01885 0 3 -2.01885 1
gene 3 3 15 -1.1232 0 27 -1.1232 1
gene 3 15 4 -8 0 28 -8 1
gene 3 2 15 -0.923615 0 63 -0.923615 1
genomeend 24

/* Organism #25 Fitness: 8.99988 Error: 1.00002 */
genomestart 25
trait 1 0.1 0 0 0 0 0 0 0 
trait 2 0.2 0 0 0 0 0 0 0 
trait 3 0.3 0 0 0.0576121 0 0.0757068 0.0209512 0 
node 1 2 1 3
node 2 3 1 1
node 3 2 1 1
node 4 3 0 2
node 15 1 0 0
gene 1 1 4 1.77061 0 1 1.77061 1
gene 3 2 4 2.71953 0 2 2.71953 1
gene 3 3 4 0.881105 0 3 0.881105 1
gene 3 3 15 5.8283 0 27 5.8283 1
gene 3 15 4 -8 0 28 -8 1
gene 3 2 15 -1.34359 0 63 -1.34359 1
genomeend 25

/* Organism #26 Fitness: 4.00001 Error: 2 */
genomestart 26
trait 1 0.1 0 0 0 0 0 0 0 
trait 2 0.2 0 0 0 0 0 0 0 
trait 3 0.3 0 0 0.0576121 0 0.0757068 0.0209512 0 
node 1 2 1 3
node 2 3 1 1
node 3 2 1 1
node 4 3 0 2
node 15 1 0 0
gene 1 1 4 1.32247 0 1 1.32247 1
gene 3 2 4 3.23755 0 2 3.23755 1
gene 3 3 4 -1.90922 0 3 -1.90922 1
gene 3 3 15 3.7409 0 27 3.7409 1
gene 3 15 4 -8 0 28 -8 1
gene 3 2 15 0.400214 0 63 0.400214 1
genomeend 26

/* Organism #27 Fitness: 4.33153 Error: 1.91877 */
genomestart 27
trait 1 0.1 0 0 0 0 0 0 0 
trait 2 0.2 0 0 0 0 0 0 0 
trait 3 0.3 0 0 0.0576121 0 0.0757068 0.0209512 0 
node 1 2 1 3
node 2 3 1 1
node 3 2 1 1
node 4 3 0 2
node 15 1 0 0
gene 1 1 4 0.024721 0 1 0.024721 1
gene 3 2 4 1.48134 0 2 1.48134 1
gene 3 3 4 -2.23535 0 3 -2.23535 1
gene 3 3 15 0.727911 0 27 0.727911 1
gene 3 15 4 -8 0 28 -8 1
gene 3 2 15 -0.223282 0 63 -0.223282 1
genomeend 27

/* Organism #28 Fitness: 4.62311 Error: 1.84986 */
genomestart 28
trait 1 0.1 0 0 0 0 0 0 0 
trait 2 0.2 0 0 0 0 0 0 0 
trait 3 0.3 0 0 0.0576121 0 0.0757068 0.0209512 0 
node 1 2 1 3
node 2 3 1 1
node 3 2 1 1
node 4 3 0 2
node 15 1 0 0
gene 1 1 4 -1.61809 0 1 -1.61809 1
gene 3 2 4 1.26623 0 2 1.26623 1
gene 3 3 4 -0.835274 0 3 -0.835274 1
gene 3 3 15 3.34024 0 27 3.34024 1
gene 3 15 4 -7.0799 0 28 -7.0799 1
gene 3 2 15 -3.79842 0 63 -3.79842 1
genomeend 28

/* Organism #29 Fitness: 4.61246 Error: 1.85234 */
genomestart 29
trait 1 0.1 0 0 0 0 0 0 0 
trait 2 0.2 0 0 0 0 0 0 0 
trait 3 0.3 0 0 0.0576121 0 0.0757068 0.0209512 0 
node 1 2 1 3
node 2 3 1 1
node 3 2 1 1
node 4 3 0 2
node 15 1 0 0
node 78 1 0 0
gene 1 1 4 1.76902 0 1 1.76902 1
gene 3 2 4 -1.17509 0 2 -1.17509 1
gene 3 3 4 -2.01885 0 3 -2.01885 1
gene 3 3 15 -1.1232 0 27 -1.1232 0
gene 3 15 4 -8 0 28 -8 1
gene 3 2 15 -0.923615 0 63 -0.923615 1
gene 3 3 78 1 0 228 0 1
gene 3 78 15 -1.1232 0 229 0 1
genomeend 29

/* Organism #30 Fitness: 3.99865 Error: 2.00034 */
genomestart 30
trait 1 0.1 0 0 0 0 0 0 0 
trait 2 0.2 0 0 0 0 0 0 0 
trait 3 0.3 0 0 0.0576121 0 0.0757068 0.0209512 0 
node 1 2 1 3
node 2 3 1 1
node 3 2 1 1
node 4 3 0 2
node 15 1 0 0
gene 1 1 4 2.29489 0 1 2.29489 1
gene 3 2 4 1.44319 0 2 1.44319 1
gene 3 3 4 1.21432 0 3 1.21432 1
gene 3 3 15 2.78687 0 27 2.78687 1
gene 3 15 4 -7.83517 0 28 -7.83517 1
gene 3 2 15 -3.04696 0 63 -3.04696 1
genomeend 30

/* Organism #31 Fitness: 3.94058 Error: 2.01491 */
genomestart 31
trait 1 0.1 0 0 0 0 0 0 0 
trait 2 0.2 0 0 0 0 0 0 0 
trait 3 0.3 0 0 0.0576121 0 0.0757068 0.0209512 0 
node 1 2 1 3
node 2 3 1 1
node 3 2 1 1
node 4 3 0 2
node 15 1 0 0
gene 1 1 4 2.46782 0 1 2.46782 1
gene 3 2 4 0.863265 0 2 0.863265 1
gene 3 3 4 -3.83859 0 3 -3.83859 1
gene 3 3 15 3.61086 0 27 3.61086 1
gene 3 15 4 -6.63769 0 28 -6.63769 1
gene 3 2 15 1.128 0 63 1.128 1
genomeend 31

/* Organism #32 Fitness: 8.81399 Error: 1.03116 */
genomestart 32
trait 1 0.1 0 0 0 0 0 0 0 
trait 2 0.2 0 0 0 0 0 0 0 
trait 3 0.3 0 0 0.0576121 0 0.0757068 0.0209512 0 
node 1 2 1 3
node 2 3 1 1
node 3 2 1 1
node 4 3 0 2
node 15 1 0 0
gene 1 1 4 2.45435 0 1 2.45435 1
gene 1 2 4 -1.72048 0 2 -1.72048 1
gene 3 3 4 -4.09757 0 3 -4.09757 1
gene 3 3 15 0.0849837 0 27 0.0849837 1
gene 3 15 4 -7.45589 0 28 -7.45589 1
gene 3 2 15 -1.17466 0 63 -1.17466 1
genomeend 32

/* Species #5 : (Size 14) (AF 8.64076) (Age 22)  */


/* Organism #33 Fitness: 9 Error: 1 */
genomestart 33
trait 1 0.099326 0 0 0 0 0 0.0903805 0 
trait 2 0.484375 0 0 0 0 0 0 0.218432 
trait 3 0.3 0 0 0 0 0 0 0 
node 1 1 1 3
node 2 1 1 1
node 3 3 1 1
node 4 2 0 2
node 23 1 0 0
gene 1 1 4 -3.70684 0 1 -3.70684 1
gene 1 2 4 8 0 2 8 1
gene 1 3 4 8 0 3 8 1
gene 1 2 23 -0.648325 0 51 -0.648325 1
gene 1 23 4 1.95252 0 52 1.95252 1
gene 1 1 23 -6.29763 0 73 -6.29763 1
gene 2 3 23 0.577618 0 199 0.577618 1
genomeend 33

/* Organism #34 Fitness: 9 Error: 1 */
genomestart 34
trait 1 0.1 0 0 0 0 0 0.0692629 0 
trait 2 0.484375 0 0 0 0 0 0 0.218432 
trait 3 0.3 0 0 0 0 0 0 0 
node 1 3 1 3
node 2 1 1 1
node 3 3 1 1
node 4 2 0 2
node 23 1 0 0
gene 1 1 4 -3.41895 0 1 -3.41895 1
gene 1 2 4 6.78627 0 2 6.78627 1
gene 1 3 4 8 0 3 8 1
gene 1 2 23 -0.526208 0 51 -0.526208 1
gene 1 23 4 0.545154 0 52 0.545154 1
gene 1 1 23 -6.03821 0 73 -6.03821 1
genomeend 34

/* Organism #35 Fitness: 9 Error: 1 */
genomestart 35
trait 1 0.099326 0 0 0 0 0 0.0903805 0 
trait 2 0.652348 0.40124 0 0 0 0 0 1 
trait 3 0.3 0 0 0 0 0 0 0 
node 1 1 1 3
node 2 1 1 1
node 3 3 1 1
node 4 2 0 2
node 23 1 0 0
gene 1 1 4 -3.70684 0 1 -3.70684 1
gene 1 2 4 8 0 2 8 1
gene 1 3 4 8 0 3 8 1
gene 1 2 23 -0.648325 0 51 -0.648325 1
gene 1 23 4 1.95252 0 52 1.95252 1
gene 1 1 23 -6.29763 0 73 -6.29763 1
gene 2 3 23 0.577618 0 199 0.577618 1
genomeend 35

/* Organism #36 Fitness: 8.99985 Error: 1.00003 */
genomestart 36
trait 1 0.1 0 0 0 0 0 0.0692629 0 
trait 2 0.484375 0 0 0 0 0 0 0.218432 
trait 3 0.3 0 0 0 0 0 0 0 
node 1 1 1 3
node 2 1 1 1
node 3 3 1 1
node 4 2 0 2
node 23 1 0 0
gene 1 1 4 -5.63731 0 1 -5.63731 1
gene 1 2 4 8 0 2 8 1
gene 1 3 4 7.87274 0 3 7.87274 1
gene 1 2 23 0.286049 0 51 0.286049 1
gene 1 23 4 2.33586 0 52 2.33586 1
gene 1 1 23 -5.1702 0 73 -5.1702 1
gene 2 3 23 3.0687 0 199 3.0687 1
genomeend 36

/* Organism #37 Fitness: 9 Error: 1 */
genomestart 37
trait 1 0.099326 0 0 0 0 0 0.0903805 0 
trait 2 0.484375 0 0 0 0 0 0 0.218432 
trait 3 0.3 0 0 0 0 0 0 0 
node 1 1 1 3
node 2 1 1 1
node 3 3 1 1
node 4 2 0 2
node 23 1 0 0
gene 1 1 4 -3.54484 0 1 -3.54484 1
gene 1 2 4 8 0 2 8 1
gene 1 3 4 8 0 3 8 1
gene 1 2 23 0.00712537 0 51 0.00712537 1
gene 1 23 4 -0.287592 0 52 -0.287592 1
gene 1 1 23 -5.35829 0 73 -5.35829 1
gene 2 3 23 0.426805 0 199 0.426805 1
genomeend 37

/* Organism #38 Fitness: 8.99922 Error: 1.00013 */
genomestart 38
trait 1 0.1 0 0 0 0 0 0.1162 0 
trait 2 0.484375 0 0 0 0 0 0 0.218432 
trait 3 0.3 0 0 0 0 0 0 0 
node 1 1 1 3
node 2 1 1 1
node 3 3 1 1
node 4 2 0 2
node 23 1 0 0
gene 1 1 4 -1.81589 0 1 -1.81589 1
gene 1 2 4 8 0 2 8 1
gene 1 3 4 6.94333 0 3 6.94333 1
gene 1 2 23 1.12342 0 51 1.12342 1
gene 1 23 4 2.33052 0 52 2.33052 1
gene 1 1 23 -6.29763 0 73 -6.29763 1
genomeend 38

/* Organism #39 Fitness: 9 Error: 1 */
genomestart 39
trait 1 0.1 0 0 0 0 0 0.0692629 0 
trait 2 0.484375 0 0 0 0 0 0 0.218432 
trait 3 0.3 0 0 0 0 0 0 0 
node 1 1 1 3
node 2 1 1 1
node 3 3 1 1
node 4 2 0 2
node 23 1 0 0
gene 1 1 4 -3.70684 0 1 -3.70684 1
gene 1 2 4 8 0 2 8 1
gene 1 3 4 7.59856 0 3 7.59856 1
gene 1 2 23 -0.648325 0 51 -0.648325 1
gene 1 23 4 2.82717 0 52 2.82717 1
gene 1 1 23 -6.29763 0 73 -6.29763 1
genomeend 39

/* Organism #40 Fitness: 4.00007 Error: 1.99998 */
genomestart 40
trait 1 0.099663 0 0 0 0 0 0.0798217 0 
trait 2 0.484375 0 0 0 0 0 0 0.218432 
trait 3 0.3 0 0 0 0 0 0 0 
node 1 1 1 3
node 2 2 1 1
node 3 3 1 1
node 4 2 0 2
node 23 1 0 0
gene 1 1 4 2.2229 0 1 2.2229 1
gene 1 2 4 7.7782 0 2 7.7782 1
gene 1 3 4 5.39925 0 3 5.39925 1
gene 1 2 23 -1.29685 0 51 -1.29685 1
gene 1 23 4 2.89654 0 52 2.89654 1
gene 1 1 23 -6.16784 0 73 -6.16784 1
gene 2 3 23 0.577618 0 199 0.577618 1
genomeend 40

/* Organism #41 Fitness: 9 Error: 1 */
genomestart 41
trait 1 0.1 0 0 0 0 0 0.0692629 0 
trait 2 0.484375 0 0 0 0 0 0 0.218432 
trait 3 0.3 0 0 0 0 0 0 0 
node 1 1 1 3
node 2 1 1 1
node 3 3 1 1
node 4 2 0 2
node 23 1 0 0
gene 1 1 4 -3.70684 0 1 -3.70684 1
gene 1 2 4 8 0 2 8 1
gene 1 3 4 7.59856 0 3 7.59856 1
gene 1 2 23 -0.648325 0 51 -0.648325 1
gene 1 23 4 2.82717 0 52 2.82717 1
gene 1 1 23 -6.29763 0 73 -6.29763 1
genomeend 41

/* Organism #42 Fitness: 8.99984 Error: 1.00003 */
genomestart 42
trait 1 0.1 0 0 0 0 0 0.0692629 0 
trait 2 0.484375 0 0 0 0 0 0 0.218432 
trait 3 0.3 0 0 0 0 0 0 0 
node 1 3 1 3
node 2 1 1 1
node 3 2 1 1
node 4 2 0 2
node 23 1 0 0
gene 1 1 4 -5.5935 0 1 -5.5935 1
gene 1 2 4 8 0 2 8 1
gene 1 3 4 7.79928 0 3 7.79928 1
gene 1 2 23 -2.16024 0 51 -2.16024 1
gene 1 23 4 1.68166 0 52 1.68166 1
gene 1 1 23 -8 0 73 -8 1
genomeend 42

/* Organism #43 Fitness: 8.97169 Error: 1.00472 */
genomestart 43
trait 1 0.1 0 0 0 0 0 0.0692629 0 
trait 2 0.484375 0 0 0 0 0 0 0.218432 
trait 3 0.3 0 0 0 0 0 0 0 
node 1 1 1 3
node 2 1 1 1
node 3 3 1 1
node 4 2 0 2
node 23 1 0 0
gene 1 1 4 -6.09197 0 1 -6.09197 1
gene 1 2 4 8 0 2 8 1
gene 1 3 4 7.18222 0 3 7.18222 1
gene 1 2 23 -1.81901 0 51 -1.81901 1
gene 1 23 4 3.90711 0 52 3.90711 1
gene 1 1 23 -4.62676 0 73 -4.62676 1
gene 2 3 23 -1.51827 0 199 -1.51827 1
genomeend 43

/* Organism #44 Fitness: 9 Error: 1 */
genomestart 44
trait 1 0.1 0 0 0 0 0 0.0692629 0 
trait 2 0.484375 0 0 0 0 0 0 0.218432 
trait 3 0.3 0 0 0 0 0 0 0 
node 1 1 1 3
node 2 1 1 1
node 3 3 1 1
node 4 2 0 2
node 23 1 0 0
gene 1 1 4 -3.70684 0 1 -3.70684 1
gene 1 2 4 8 0 2 8 1
gene 1 3 4 7.59856 0 3 7.59856 1
gene 1 2 23 -0.648325 0 51 -0.648325 1
gene 1 23 4 2.82717 0 52 2.82717 1
gene 3 1 23 -6.29763 0 73 -6.29763 1
gene 2 3 23 0.577618 0 199 0.577618 1
genomeend 44

/* Organism #45 Fitness: 9 Error: 1 */
genomestart 45
trait 1 0.099663 0 0 0 0 0 0.0798217 0 
trait 2 0.484375 0 0 0 0 0 0 0.218432 
trait 3 0.3 0 0 0 0 0 0 0 
node 1 1 1 3
node 2 1 1 1
node 3 3 1 1
node 4 2 0 2
node 23 1 0 0
gene 1 1 4 -3.70684 0 1 -3.70684 1
gene 1 2 4 8 0 2 8 1
gene 1 3 4 7.79928 0 3 7.79928 1
gene 1 2 23 -0.648325 0 51 -0.648325 1
gene 1 23 4 2.38984 0 52 2.38984 1
gene 1 1 23 -6.29763 0 73 -6.29763 1
gene 2 3 23 0.577618 0 199 0.577618 1
genomeend 45

/* Organism #46 Fitness: 9 Error: 1 */
genomestart 46
trait 1 0.1 0 0 0 0 0 0.0692629 0 
trait 2 0.484375 0 0 0 0 0 0 0.218432 
trait 3 0.3 0 0 0 0 0 0 0 
node 1 3 1 3
node 2 1 1 1
node 3 3 1 1
node 4 2 0 2
node 23 1 0 0
gene 1 1 4 -3.41895 0 1 -3.41895 1
gene 1 2 4 6.78627 0 2 6.78627 1
gene 1 3 4 8 0 3 8 1
gene 1 2 23 -0.526208 0 51 -0.526208 1
gene 1 23 4 0.545154 0 52 0.545154 1
gene 1 1 23 -6.03821 0 73 -6.03821 1
genomeend 46

/* Species #7 : (Size 10) (AF 6.52693) (Age 19)  */


/* Organism #47 Fitness: 8.99999 Error: 1 */
genomestart 47
trait 1 0.298035 0.560069 0 0 0 0 0.445794 0 
trait 2 0.2 0 0 0 0 0 0 0 
trait 3 0.3 0 0 0 0 0 0 0 
node 1 1 1 3
node 2 1 1 1
node 3 3 1 1
node 4 2 0 2
node 23 1 0 0
node 37 1 0 0
node 41 1 0 0
gene 1 1 4 -4.14636 0 1 -4.14636 1
gene 1 2 4 -3.5695 0 2 -3.5695 0
gene 1 3 4 5.76535 0 3 5.76535 1
gene 1 2 23 3.41297 0 51 3.41297 1
gene 1 23 4 7.61365 0 52 7.61365 1
gene 1 1 23 -1.11703 0 73 -1.11703 1
gene 1 23 37 4.67483 0 90 4.67483 1
gene 1 37 4 3.7822 0 91 3.7822 0
gene 1 37 41 2.47116 0 101 2.47116 1
gene 1 41 4 1.13999 0 102 1.13999 1
genomeend 47

/* Organism #48 Fitness: 4.00238 Error: 1.99941 */
genomestart 48
trait 1 0.298035 0.560069 0 0 0 0 0.445794 0 
trait 2 0.2 0 0 0 0 0 0 0 
trait 3 0.3 0 0 0 0 0 0 0 
node 1 1 1 3
node 2 1 1 1
node 3 3 1 1
node 4 2 0 2
node 23 1 0 0
node 37 1 0 0
node 41 1 0 0
gene 1 1 4 -2.28739 0 1 -2.28739 1
gene 1 2 4 -2.11434 0 2 -2.11434 0
gene 1 3 4 4.87886 0 3 4.87886 1
gene 1 2 23 1.47648 0 51 1.47648 1
gene 1 23 4 6.64972 0 52 6.64972 1
gene 2 1 23 -0.39754 0 73 -0.39754 1
gene 1 23 37 6.21334 0 90 6.21334 1
gene 1 37 4 6.25447 0 91 6.25447 0
gene 1 37 41 2.09305 0 101 2.09305 1
gene 1 41 4 2.97326 0 102 2.97326 1
genomeend 48

/* Organism #49 Fitness: 4 Error: 2 */
genomestart 49
trait 1 0.298035 0.560069 0 0 0 0 0.445794 0 
trait 2 0.2 0 0 0 0 0 0 0 
trait 3 0.3 0 0 0 0 0 0 0 
node 1 1 1 3
node 2 1 1 1
node 3 3 1 1
node 4 2 0 2
node 23 1 0 0
node 37 1 0 0
node 41 1 0 0
gene 1 1 4 -4.55345 0 1 -4.55345 1
gene 1 2 4 -0.0902331 0 2 -0.0902331 0
gene 1 3 4 0.223887 0 3 0.223887 1
gene 1 2 23 5.58904 0 51 5.58904 1
gene 1 23 4 8 0 52 8 1
gene 1 1 23 -1.82925 0 73 -1.82925 1
gene 1 23 37 1.06177 0 90 1.06177 1
gene 1 37 4 3.7822 0 91 3.7822 0
gene 1 37 41 -1.03829 0 101 -1.03829 1
gene 1 41 4 2.75434 0 102 2.75434 1
genomeend 49

/* Organism #50 Fitness: 4 Error: 2 */
genomestart 50
trait 1 0.364046 0.746759 0 0 0 0 0.594392 0 
trait 2 0.2 0 0 0 0 0 0 0 
trait 3 0.3 0 0 0 0 0 0 0 
node 1 1 1 3
node 2 1 1 1
node 3 3 1 1
node 4 2 0 2
node 23 1 0 0
node 37 1 0 0
node 41 1 0 0
gene 1 1 4 2.28151 0 1 2.28151 1
gene 1 2 4 1.95423 0 2 1.95423 1
gene 1 3 4 5.64705 0 3 5.64705 1
gene 1 2 23 5.7102 0 51 5.7102 1
gene 1 23 4 7.61365 0 52 7.61365 1
gene 1 1 23 -3.43778 0 73 -3.43778 1
gene 1 23 37 -1.99249 0 90 -1.99249 1
gene 1 37 4 3.7822 0 91 3.7822 0
gene 1 37 41 1.64022 0 101 1.64022 1
gene 1 41 4 0.718471 0 102 0.718471 1
genomeend 50

/* Organism #51 Fitness: 8.99999 Error: 1 */
genomestart 51
trait 1 0.298035 0.560069 0 0 0 0 0.445794 0 
trait 2 0.2 0 0 0 0 0 0 0 
trait 3 0.3 0 0 0 0 0 0 0 
node 1 1 1 3
node 2 1 1 1
node 3 3 1 1
node 4 2 0 2
node 23 1 0 0
node 37 1 0 0
node 41 1 0 0
gene 1 1 4 -4.14636 0 1 -4.14636 1
gene 1 2 4 -3.5695 0 2 -3.5695 0
gene 1 3 4 5.76535 0 3 5.76535 1
gene 1 2 23 3.41297 0 51 3.41297 1
gene 3 23 4 7.61365 0 52 7.61365 1
gene 1 1 23 -1.11703 0 73 -1.11703 1
gene 1 23 37 4.67483 0 90 4.67483 1
gene 1 37 4 3.7822 0 91 3.7822 0
gene 1 37 41 2.47116 0 101 2.47116 1
gene 1 41 4 1.13999 0 102 1.13999 1
genomeend 51

/* Organism #52 Fitness: 6.612 Error: 1.42862 */
genomestart 52
trait 1 0.33104 0.653414 0 0 0 0 0.520093 0 
trait 2 0.2 0 0 0 0 0 0 0 
trait 3 0.3 0 0 0 0 0 0 0 
node 1 1 1 3
node 2 1 1 1
node 3 3 1 1
node 4 2 0 2
node 23 2 0 0
node 37 1 0 0
node 41 1 0 0
gene 1 1 4 -1.72526 0 1 -1.72526 1
gene 1 2 4 1.41603 0 2 1.41603 0
gene 1 3 4 3.42521 0 3 3.42521 1
gene 1 2 23 3.15623 0 51 3.15623 1
gene 1 23 4 8 0 52 8 1
gene 1 1 23 -1.17316 0 73 -1.17316 1
gene 1 23 37 5.37426 0 90 5.37426 1
gene 1 37 4 3.7822 0 91 3.7822 0
gene 1 37 41 0.661372 0 101 0.661372 1
gene 1 41 4 -1.97223 0 102 -1.97223 1
genomeend 52

/* Organism #53 Fitness: 8.94199 Error: 1.00968 */
genomestart 53
trait 1 0.298035 0.560069 0 0 0 0 0.445794 0 
trait 2 0.2 0 0 0 0 0 0 0 
trait 3 0.3 0 0 0 0 0 0 0 
node 1 1 1 3
node 2 1 1 1
node 3 3 1 1
node 4 2 0 2
node 23 1 0 0
node 37 1 0 0
node 41 1 0 0
gene 1 1 4 -4.94834 0 1 -4.94834 1
gene 1 2 4 -1.62713 0 2 -1.62713 0
gene 1 3 4 7.5803 0 3 7.5803 1
gene 1 2 23 2.04511 0 51 2.04511 1
gene 1 23 4 6.83778 0 52 6.83778 1
gene 1 1 23 -1.71069 0 73 -1.71069 1
gene 1 23 37 6.79277 0 90 6.79277 1
gene 1 37 4 4.73005 0 91 4.73005 0
gene 1 37 41 4.0138 0 101 4.0138 1
gene 1 41 4 0.154971 0 102 0.154971 1
genomeend 53

/* Organism #54 Fitness: 8.99896 Error: 1.00017 */
genomestart 54
trait 1 0.364046 0.746759 0 0 0 0 0.594392 0 
trait 2 0.2 0 0 0 0 0 0 0 
trait 3 0.3 0 0 0 0 0 0 0 
node 1 1 1 3
node 2 1 1 1
node 3 3 1 1
node 4 2 0 2
node 23 1 0 0
node 37 1 0 0
node 41 1 0 0
gene 1 1 4 -4.14636 0 1 -4.14636 1
gene 1 2 4 -3.5695 0 2 -3.5695 0
gene 1 3 4 5.76535 0 3 5.76535 1
gene 1 2 23 3.41297 0 51 3.41297 1
gene 1 23 4 7.61365 0 52 7.61365 1
gene 1 1 23 -1.50859 0 73 -1.50859 1
gene 1 23 37 5.37426 0 90 5.37426 1
gene 1 37 4 3.7822 0 91 3.7822 0
gene 1 37 41 2.72061 0 101 2.72061 1
gene 1 41 4 2.38613 0 102 2.38613 1
genomeend 54

/* Organism #55 Fitness: 1.71559 Error: 2.69019 */
genomestart 55
trait 1 0.364046 0.746759 0 0 0 0 0.594392 0 
trait 2 0.2 0 0 0 0 0 0 0 
trait 3 0.3 0 0 0 0 0 0 0 
node 1 1 1 3
node 2 1 1 1
node 3 3 1 1
node 4 2 0 2
node 23 1 0 0
node 37 1 0 0
node 41 1 0 0
gene 1 1 4 -4.68382 0 1 -4.68382 1
gene 1 2 4 -3.00252 0 2 -3.00252 0
gene 1 3 4 3.32488 0 3 3.32488 1
gene 1 2 23 1.87822 0 51 1.87822 1
gene 1 23 4 8 0 52 8 1
gene 1 1 23 -2.355 0 73 -2.355 1
gene 1 23 37 4.8743 0 90 4.8743 1
gene 1 37 4 2.68465 0 91 2.68465 0
gene 2 37 41 2.335 0 101 2.335 1
gene 1 41 4 0.952595 0 102 0.952595 1
genomeend 55

/* Organism #56 Fitness: 8.99843 Error: 1.00026 */
genomestart 56
trait 1 0.364046 0.746759 0 0 0 0 0.594392 0 
trait 2 0.2 0 0 0 0 0 0 0 
trait 3 0.3 0 0 0 0 0 0 0 
node 1 1 1 3
node 2 1 1 1
node 3 3 1 1
node 4 2 0 2
node 23 1 0 0
node 37 1 0 0
node 41 1 0 0
gene 1 1 4 -5.15578 0 1 -5.15578 1
gene 1 2 4 -4.93437 0 2 -4.93437 0
gene 1 3 4 6.29244 0 3 6.29244 1
gene 1 2 23 2.59742 0 51 2.59742 1
gene 1 23 4 7.14313 0 52 7.14313 1
gene 1 1 23 -1.97061 0 73 -1.97061 1
gene 1 23 37 4.87886 0 90 4.87886 1
gene 1 37 4 2.4384 0 91 2.4384 0
gene 1 37 41 4.4071 0 101 4.4071 1
gene 1 41 4 0.551361 0 102 0.551361 1
genomeend 56

/* Species #8 : (Size 10) (AF 6.94772) (Age 18)  */


/* Organism #57 Fitness: 9 Error: 1 */
genomestart 57
trait 1 0.1 0.0668431 0 0 0 0 0 0 
trait 2 0.2 0 0 0 0 0 0 0 
trait 3 0.3 0 0 0 0 0 0 0 
node 1 2 1 3
node 2 3 1 1
node 3 1 1 1
node 4 3 0 2
node 15 1 0 0
gene 1 1 4 4.07541 0 1 4.07541 1
gene 3 2 4 -0.913096 0 2 -0.913096 0
gene 3 3 4 4.35415 0 3 4.35415 0
gene 3 3 15 -5.51108 0 27 -5.51108 1
gene 3 15 4 -8 0 28 -8 1
gene 1 2 15 -5.06771 0 70 -5.06771 1
gene 2 1 15 0.818849 0 144 0.818849 1
genomeend 57

/* Organism #58 Fitness: 8.84247 Error: 1.02637 */
genomestart 58
trait 1 0.1 0.0668431 0 0 0 0 0 0 
trait 2 0.2 0 0 0 0 0 0 0 
trait 3 0.3 0 0 0 0 0 0 0 
node 1 2 1 3
node 2 3 1 1
node 3 1 1 1
node 4 1 0 2
node 15 1 0 0
gene 1 1 4 4.03569 0 1 4.03569 1
gene 3 2 4 -3.30142 0 2 -3.30142 1
gene 3 3 4 1.93246 0 3 1.93246 1
gene 3 3 15 -3.8998 0 27 -3.8998 1
gene 3 15 4 -8 0 28 -8 1
gene 1 2 15 -4.78733 0 70 -4.78733 1
gene 2 1 15 3.03513 0 144 3.03513 1
genomeend 58

/* Organism #59 Fitness: 9 Error: 1 */
genomestart 59
trait 1 0.1 0.0668431 0 0 0 0 0 0 
trait 2 0.2 0 0 0 0 0 0 0 
trait 3 0.3 0 0 0 0 0 0 0 
node 1 2 1 3
node 2 3 1 1
node 3 1 1 1
node 4 3 0 2
node 15 1 0 0
gene 1 1 4 4.07541 0 1 4.07541 1
gene 3 2 4 -0.913096 0 2 -0.913096 0
gene 3 3 4 4.35415 0 3 4.35415 0
gene 3 3 15 -5.51108 0 27 -5.51108 1
gene 3 15 4 -8 0 28 -8 1
gene 1 2 15 -5.06771 0 70 -5.06771 1
gene 2 1 15 0.818849 0 144 0.818849 1
genomeend 59

/* Organism #60 Fitness: 4.08862 Error: 1.97797 */
genomestart 60
trait 1 0.1 0.0668431 0 0 0 0 0 0 
trait 2 0.2 0 0 0 0 0 0 0 
trait 3 0.3 0 0 0 0 0 0 0 
node 1 2 1 3
node 2 3 1 1
node 3 1 1 1
node 4 1 0 2
node 15 1 0 0
gene 1 1 4 -0.73123 0 1 -0.73123 1
gene 3 2 4 -0.635515 0 2 -0.635515 0
gene 3 3 4 5.01087 0 3 5.01087 0
gene 3 3 15 -3.21927 0 27 -3.21927 1
gene 3 15 4 -8 0 28 -8 1
gene 1 2 15 -3.62022 0 70 -3.62022 1
gene 2 1 15 2.10832 0 144 2.10832 1
genomeend 60

/* Organism #61 Fitness: 4 Error: 2 */
genomestart 61
trait 1 0.1 0.0668431 0 0 0 0 0 0 
trait 2 0.2 0 0 0 0 0 0 0 
trait 3 0.3 0 0 0 0 0 0 0 
node 1 2 1 3
node 2 3 1 1
node 3 1 1 1
node 4 1 0 2
node 15 1 0 0
gene 1 1 4 2.38794 0 1 2.38794 1
gene 3 2 4 -0.659498 0 2 -0.659498 0
gene 3 3 4 2.15204 0 3 2.15204 0
gene 3 3 15 -5.09661 0 27 -5.09661 1
gene 3 15 4 -6.48622 0 28 -6.48622 1
gene 1 2 15 -2.0882 0 70 -2.0882 1
gene 2 1 15 -1.44371 0 144 -1.44371 1
genomeend 61

/* Organism #62 Fitness: 8.54643 Error: 1.07657 */
genomestart 62
trait 1 0.1 0.0668431 0 0 0 0 0 0 
trait 2 0.2 0 0 0 0 0 0 0 
trait 3 0.3 0 0 0 0 0 0 0 
node 1 2 1 3
node 2 3 1 1
node 3 1 1 1
node 4 1 0 2
node 15 2 0 0
gene 1 1 4 5.21335 0 1 5.21335 1
gene 3 2 4 0.0868301 0 2 0.0868301 0
gene 3 3 4 2.17746 0 3 2.17746 0
gene 3 3 15 -5.92967 0 27 -5.92967 1
gene 3 15 4 -5.71921 0 28 -5.71921 1
gene 1 2 15 -2.0823 0 70 -2.0823 1
gene 2 1 15 2.08724 0 144 2.08724 1
genomeend 62

/* Organism #63 Fitness: 4 Error: 2 */
genomestart 63
trait 1 0.1 0.0668431 0 0 0 0 0 0 
trait 2 0.2 0 0 0 0 0 0 0 
trait 3 0.3 0 0 0 0 0 0 0 
node 1 2 1 3
node 2 3 1 1
node 3 1 1 1
node 4 3 0 2
node 15 1 0 0
gene 1 1 4 2.14154 0 1 2.14154 1
gene 3 2 4 -0.184434 0 2 -0.184434 0
gene 3 3 4 3.13066 0 3 3.13066 0
gene 1 3 15 -5.49232 0 27 -5.49232 1
gene 3 15 4 -0.138155 0 28 -0.138155 1
gene 1 2 15 -7.05943 0 70 -7.05943 1
gene 2 1 15 -2.23301 0 144 -2.23301 1
genomeend 63

/* Organism #64 Fitness: 4 Error: 2 */
genomestart 64
trait 1 0.1 0.0668431 0 0 0 0 0 0 
trait 2 0.2 0 0 0 0 0 0 0 
trait 3 0.3 0 0 0 0 0 0 0 
node 1 2 1 3
node 2 3 1 1
node 3 1 1 1
node 4 1 0 2
node 15 1 0 0
gene 1 1 4 3.72906 0 1 3.72906 1
gene 3 2 4 -1.75782 0 2 -1.75782 0
gene 3 3 4 3.66148 0 3 3.66148 0
gene 3 3 15 -4.34393 0 27 -4.34393 1
gene 3 15 4 -5.28068 0 28 -5.28068 1
gene 1 2 15 -2.28735 0 70 -2.28735 1
gene 2 1 15 -1.66151 0 144 -1.66151 1
genomeend 64

/* Organism #65 Fitness: 8.99963 Error: 1.00006 */
genomestart 65
trait 1 0.1 0.0668431 0 0 0 0 0 0 
trait 2 0.2 0 0 0 0 0 0 0 
trait 3 0.3 0 0 0 0 0 0 0 
node 1 2 1 3
node 2 3 1 1
node 3 1 1 1
node 4 1 0 2
node 15 1 0 0
gene 1 1 4 1.96972 0 1 1.96972 1
gene 3 2 4 -1.18318 0 2 -1.18318 0
gene 3 3 4 4.13802 0 3 4.13802 0
gene 3 3 15 -4.52716 0 27 -4.52716 1
gene 3 15 4 -7.96157 0 28 -7.96157 1
gene 1 2 15 -4.75173 0 70 -4.75173 1
gene 2 1 15 1.72102 0 144 1.72102 1
genomeend 65

/* Organism #66 Fitness: 9 Error: 1 */
genomestart 66
trait 1 0.1 0.0668431 0 0 0 0 0 0 
trait 2 0.2 0 0 0 0 0 0 0 
trait 3 0.3 0 0 0 0 0 0 0 
node 1 2 1 3
node 2 3 1 1
node 3 1 1 1
node 4 1 0 2
node 15 1 0 0
gene 1 1 4 4.05555 0 1 4.05555 1
gene 3 2 4 -1.04814 0 2 -1.04814 0
gene 3 3 4 3.98568 0 3 3.98568 0
gene 3 3 15 -5.25768 0 27 -5.25768 1
gene 3 15 4 -7.86848 0 28 -7.86848 1
gene 1 2 15 -4.46516 0 70 -4.46516 1
gene 2 1 15 0.818849 0 144 0.818849 1
genomeend 66

/* Species #9 : (Size 12) (AF 5.37098) (Age 17)  */


/* Organism #67 Fitness: 8.99977 Error: 1.00004 */
genomestart 67
trait 1 0.1 0.237664 0 0 0 0 0 0 
trait 2 0.2 0.0500294 0 0 0 0 0 0 
trait 3 0.60625 0.0713609 0 0 0.108551 0 0 0 
node 1 2 1 3
node 2 2 1 1
node 3 1 1 1
node 4 3 0 2
node 15 1 0 0
node 45 1 0 0
gene 1 1 4 5.92821 0 1 5.92821 1
gene 3 2 4 1.26769 0 2 1.26769 0
gene 3 3 4 -1.15304 0 3 -1.15304 1
gene 3 3 15 6.36958 0 27 6.36958 1
gene 3 15 4 -0.0500809 0 28 -0.0500809 0
gene 1 2 15 -1.99956 0 70 -1.99956 1
gene 3 15 45 2.96548 0 110 2.96548 1
gene 3 45 4 -8 0 111 -8 1
gene 1 2 45 -0.518812 0 208 -0.518812 1
genomeend 67

/* Organism #68 Fitness: 8.99969 Error: 1.00005 */
genomestart 68
trait 1 0.1 0.237664 0 0 0 0 0 0 
trait 2 0.2 0.0500294 0 0 0 0 0 0 
trait 3 0.584375 0.0662637 0 0 0.100798 0 0 0 
node 1 2 1 3
node 2 3 1 1
node 3 2 1 1
node 4 3 0 2
node 15 1 0 0
node 45 1 0 0
gene 1 1 4 5.83748 0 1 5.83748 1
gene 3 2 4 3.43231 0 2 3.43231 0
gene 3 3 4 -0.471884 0 3 -0.471884 1
gene 3 3 15 6.29755 0 27 6.29755 1
gene 3 15 4 1.45297 0 28 1.45297 0
gene 1 2 15 -2.28524 0 70 -2.28524 1
gene 3 15 45 5.12098 0 110 5.12098 1
gene 3 45 4 -8 0 111 -8 1
gene 1 2 45 -0.0294401 0 208 -0.0294401 1
genomeend 68

/* Organism #69 Fitness: 4.10254 Error: 1.97453 */
genomestart 69
trait 1 0.1 0.237664 0 0 0 0 0 0 
trait 2 0.2 0.0500294 0 0 0 0 0 0 
trait 3 0.584375 0.0662637 0 0 0.100798 0 0 0 
node 1 2 1 3
node 2 3 1 1
node 3 2 1 1
node 4 3 0 2
node 15 1 0 0
node 45 1 0 0
gene 1 1 4 6.31201 0 1 6.31201 1
gene 3 2 4 -0.0765078 0 2 -0.0765078 0
gene 3 3 4 -0.0950876 0 3 -0.0950876 1
gene 3 3 15 7.22129 0 27 7.22129 1
gene 3 15 4 0.236046 0 28 0.236046 0
gene 1 2 15 -1.94559 0 70 -1.94559 1
gene 3 15 45 4.6942 0 110 4.6942 1
gene 3 45 4 -8 0 111 -8 1
gene 1 2 45 0.406727 0 208 0.406727 1
genomeend 69

/* Organism #70 Fitness: 4 Error: 2 */
genomestart 70
trait 1 0.1 0.237664 0 0 0 0 0 0 
trait 2 0.2 0.0500294 0 0 0 0 0 0 
trait 3 0.584375 0.0662637 0 0 0.100798 0 0 0 
node 1 2 1 3
node 2 3 1 1
node 3 2 1 1
node 4 3 0 2
node 15 1 0 0
node 45 1 0 0
gene 1 1 4 -1.61016 0 1 -1.61016 1
gene 3 2 4 3.12543 0 2 3.12543 0
gene 3 3 4 -0.75681 0 3 -0.75681 1
gene 3 3 15 7.08341 0 27 7.08341 1
gene 3 15 4 -1.96778 0 28 -1.96778 0
gene 1 2 15 -0.820981 0 70 -0.820981 1
gene 3 15 45 0.771559 0 110 0.771559 1
gene 3 45 4 -7.23675 0 111 -7.23675 1
gene 1 2 45 0.0738032 0 208 0.0738032 1
genomeend 70

/* Organism #71 Fitness: 3.81681 Error: 2.04633 */
genomestart 71
trait 1 0.1 0.237664 0 0 0 0 0 0 
trait 2 0.2 0.0500294 0 0 0 0 0 0 
trait 3 0.65 0.0815553 0 0 0.124059 0 0 0 
node 1 2 1 3
node 2 3 1 1
node 3 1 1 1
node 4 3 0 2
node 15 1 0 0
node 45 1 0 0
gene 1 1 4 6.64047 0 1 6.64047 1
gene 3 2 4 0.948519 0 2 0.948519 0
gene 3 3 4 -3.39395 0 3 -3.39395 1
gene 3 3 15 8 0 27 8 1
gene 3 15 4 -1.41476 0 28 -1.41476 0
gene 1 2 15 -1.92076 0 70 -1.92076 1
gene 3 15 45 -1.38508 0 110 -1.38508 1
gene 3 45 4 -8 0 111 -8 1
gene 1 2 45 1.37034 0 208 1.37034 1
genomeend 71

/* Organism #72 Fitness: 3.80395 Error: 2.04963 */
genomestart 72
trait 1 0.1 0.237664 0 0 0 0 0 0 
trait 2 0.2 0.0500294 0 0 0 0 0 0 
trait 3 0.5625 0.0611665 0 0 0.0930441 0 0 0 
node 1 2 1 3
node 2 3 1 1
node 3 2 1 1
node 4 3 0 2
node 15 1 0 0
node 45 1 0 0
gene 1 1 4 7.00848 0 1 7.00848 1
gene 3 2 4 -0.762345 0 2 -0.762345 1
gene 3 3 4 -0.835764 0 3 -0.835764 1
gene 3 3 15 5.3953 0 27 5.3953 1
gene 3 15 4 -1.52234 0 28 -1.52234 0
gene 1 2 15 -3.94187 0 70 -3.94187 1
gene 3 15 45 3.73348 0 110 3.73348 1
gene 3 45 4 -7.5996 0 111 -7.5996 1
gene 1 2 45 1.44056 0 208 1.44056 1
genomeend 72

/* Organism #73 Fitness: 4.01283 Error: 1.9968 */
genomestart 73
trait 1 0.1 0.237664 0 0 0 0 0 0 
trait 2 0.2 0.0500294 0 0 0 0 0 0 
trait 3 0.65 0.0815553 0 0 0.124059 0 0 0 
node 1 2 1 3
node 2 1 1 1
node 3 1 1 1
node 4 3 0 2
node 15 1 0 0
node 45 1 0 0
gene 1 1 4 7.82924 0 1 7.82924 1
gene 3 2 4 1.99653 0 2 1.99653 0
gene 3 3 4 -3.50645 0 3 -3.50645 1
gene 3 3 15 5.91816 0 27 5.91816 1
gene 3 15 4 2.03109 0 28 2.03109 0
gene 1 2 15 -0.492082 0 70 -0.492082 1
gene 3 15 45 3.46177 0 110 3.46177 1
gene 3 45 4 -6.6649 0 111 -6.6649 1
gene 1 2 45 -0.487849 0 208 -0.487849 1
genomeend 73

/* Organism #74 Fitness: 3.99961 Error: 2.0001 */
genomestart 74
trait 1 0.1 0.237664 0 0 0 0 0 0 
trait 2 0.2 0.0500294 0 0 0 0 0 0 
trait 3 0.60625 0.0713609 0 0 0.108551 0 0 0 
node 1 2 1 3
node 2 3 1 1
node 3 1 1 1
node 4 3 0 2
node 15 1 0 0
node 45 1 0 0
gene 1 1 4 7.3079 0 1 7.3079 1
gene 3 2 4 3.68432 0 2 3.68432 0
gene 3 3 4 -0.204123 0 3 -0.204123 1
gene 3 3 15 6.19205 0 27 6.19205 1
gene 3 15 4 -1.15735 0 28 -1.15735 0
gene 1 2 15 0.331754 0 70 0.331754 1
gene 3 15 45 3.77187 0 110 3.77187 1
gene 3 45 4 -8 0 111 -8 1
gene 1 2 45 -0.866536 0 208 -0.866536 1
genomeend 74

/* Organism #75 Fitness: 4.08966 Error: 1.97771 */
genomestart 75
trait 1 0.1 0.237664 0 0 0 0 0 0 
trait 2 0.2 0.0500294 0 0 0 0 0 0 
trait 3 0.60625 0.0713609 0 0 0.108551 0 0 0 
node 1 2 1 3
node 2 2 1 1
node 3 1 1 1
node 4 3 0 2
node 15 1 0 0
node 45 1 0 0
gene 1 1 4 6.38137 0 1 6.38137 1
gene 3 2 4 -0.618759 0 2 -0.618759 0
gene 3 3 4 -1.46666 0 3 -1.46666 1
gene 3 3 15 6.45848 0 27 6.45848 1
gene 3 15 4 -1.68481 0 28 -1.68481 0
gene 1 2 15 -2.74337 0 70 -2.74337 1
gene 3 15 45 3.87252 0 110 3.87252 1
gene 3 45 4 -5.61446 0 111 -5.61446 1
gene 1 2 45 0.259214 0 208 0.259214 1
genomeend 75

/* Organism #76 Fitness: 4.00582 Error: 1.99855 */
genomestart 76
trait 1 0.1 0.237664 0 0 0 0 0 0 
trait 2 0.2 0.0500294 0 0 0 0 0 0 
trait 3 0.65 0.0815553 0 0 0.124059 0 0 0 
node 1 2 1 3
node 2 3 1 1
node 3 1 1 1
node 4 3 0 2
node 15 1 0 0
node 45 1 0 0
gene 1 1 4 6.30679 0 1 6.30679 1
gene 3 2 4 3.35987 0 2 3.35987 0
gene 3 3 4 -0.340013 0 3 -0.340013 1
gene 3 3 15 8 0 27 8 1
gene 3 15 4 -0.0500809 0 28 -0.0500809 0
gene 1 2 15 -3.36254 0 70 -3.36254 1
gene 3 15 45 3.59347 0 110 3.59347 1
gene 3 45 4 -5.59843 0 111 -5.59843 1
gene 1 2 45 1.25875 0 208 1.25875 1
genomeend 76

/* Organism #77 Fitness: 5.62131 Error: 1.62907 */
genomestart 77
trait 1 0.1 0.237664 0 0 0 0 0 0 
trait 2 0.2 0.0500294 0 0 0 0 0 0 
trait 3 0.60625 0.0713609 0 0 0.108551 0 0 0 
node 1 2 1 3
node 2 2 1 1
node 3 1 1 1
node 4 3 0 2
node 15 1 0 0
node 45 1 0 0
gene 1 1 4 6.16843 0 1 6.16843 1
gene 3 2 4 1.78309 0 2 1.78309 1
gene 3 3 4 1.17941 0 3 1.17941 1
gene 3 3 15 5.5117 0 27 5.5117 1
gene 3 15 4 -1.7666 0 28 -1.7666 0
gene 1 2 15 -1.51158 0 70 -1.51158 1
gene 3 15 45 2.75013 0 110 2.75013 1
gene 3 45 4 -7.45352 0 111 -7.45352 1
gene 1 2 45 -2.3058 0 208 -2.3058 1
genomeend 77

/* Organism #78 Fitness: 8.99977 Error: 1.00004 */
genomestart 78
trait 1 0.1 0.237664 0 0 0 0 0 0 
trait 2 0.2 0.0500294 0 0 0 0 0 0 
trait 3 0.584375 0.0662637 0 0 0.100798 0 0 0 
node 1 2 1 3
node 2 2 1 1
node 3 1 1 1
node 4 3 0 2
node 15 1 0 0
node 45 1 0 0
gene 1 1 4 5.92821 0 1 5.92821 1
gene 3 2 4 1.26769 0 2 1.26769 0
gene 3 3 4 -1.15304 0 3 -1.15304 1
gene 3 3 15 6.36958 0 27 6.36958 1
gene 3 15 4 0.74218 0 28 0.74218 0
gene 1 2 15 -1.99956 0 70 -1.99956 1
gene 3 15 45 2.96548 0 110 2.96548 1
gene 3 45 4 -8 0 111 -8 1
gene 1 2 45 -0.518812 0 208 -0.518812 1
genomeend 78

/* Species #10 : (Size 12) (AF 6.9146) (Age 16)  */


/* Organism #79 Fitness: 8.99998 Error: 1 */
genomestart 79
trait 1 0.118057 0.827078 0.598353 0 0 0 0.152856 0 
trait 2 1 0 0 0 0 0 0 0.537679 
trait 3 0.3 0 0 0 0 0 0 0 
node 1 1 1 3
node 2 1 1 1
node 3 3 1 1
node 4 2 0 2
node 23 1 0 0
node 40 1 0 0
node 44 1 0 0
gene 1 1 4 -2.74018 0 1 -2.74018 1
gene 1 2 4 -0.533972 0 2 -0.533972 0
gene 1 3 4 5.52808 0 3 5.52808 1
gene 1 2 23 5.28502 0 51 5.28502 1
gene 1 23 4 5.97107 0 52 5.97107 1
gene 1 1 23 -1.10077 0 73 -1.10077 1
gene 1 2 40 -2.46147 0 99 -2.46147 1
gene 1 40 23 3.42485 0 100 3.42485 0
gene 1 40 44 2.14689 0 107 2.14689 1
gene 1 44 23 -1.43164 0 108 -1.43164 1
gene 2 1 40 -1.38809 0 131 -1.38809 1
genomeend 79

/* Organism #80 Fitness: 8.99995 Error: 1.00001 */
genomestart 80
trait 1 0.109028 0.413539 0.299177 0 0 0 0.152856 0 
trait 2 1 0 0.569056 0 0.746611 0.325055 0.122091 0.537679 
trait 3 0.3 0 0 0 0 0 0 0 
node 1 1 1 3
node 2 1 1 1
node 3 3 1 1
node 4 2 0 2
node 23 1 0 0
node 40 1 0 0
node 44 1 0 0
gene 1 1 4 -2.74018 0 1 -2.74018 1
gene 1 2 4 -0.533972 0 2 -0.533972 0
gene 1 3 4 5.52808 0 3 5.52808 1
gene 1 2 23 3.93227 0 51 3.93227 1
gene 1 23 4 5.97107 0 52 5.97107 1
gene 1 1 23 -1.10077 0 73 -1.10077 1
gene 1 2 40 -1.78303 0 99 -1.78303 1
gene 1 40 23 3.42485 0 100 3.42485 0
gene 1 40 44 2.14689 0 107 2.14689 1
gene 1 44 23 0.598877 0 108 0.598877 1
gene 2 1 40 -0.270957 0 131 -0.270957 1
genomeend 80

/* Organism #81 Fitness: 8.93867 Error: 1.01024 */
genomestart 81
trait 1 0.1 0 0 0 0 0 0.152856 0 
trait 2 1 0 0 0 0 0 0 0.537679 
trait 3 0.3 0 0 0 0 0 0 0 
node 1 1 1 3
node 2 1 1 1
node 3 3 1 1
node 4 2 0 2
node 23 1 0 0
node 40 1 0 0
node 44 1 0 0
gene 1 1 4 -3.67063 0 1 -3.67063 1
gene 1 2 4 2.36674 0 2 2.36674 0
gene 1 3 4 4.59895 0 3 4.59895 1
gene 1 2 23 5.24625 0 51 5.24625 1
gene 1 23 4 8 0 52 8 1
gene 1 1 23 -2.84595 0 73 -2.84595 1
gene 1 2 40 -1.37724 0 99 -1.37724 1
gene 1 40 23 4.66481 0 100 4.66481 0
gene 1 40 44 -0.345363 0 107 -0.345363 1
gene 1 44 23 -1.01517 0 108 -1.01517 1
gene 2 1 40 -2.63748 0 131 -2.63748 1
gene 1 1 44 -0.0817828 0 209 -0.0817828 1
genomeend 81

/* Organism #82 Fitness: 4.01535 Error: 1.99617 */
genomestart 82
trait 1 0.109028 0.413539 0.299177 0 0 0 0.152856 0 
trait 2 1 0 0 0 0 0 0 0.537679 
trait 3 0.3 0 0 0 0 0 0 0 
node 1 1 1 3
node 2 1 1 1
node 3 3 1 1
node 4 2 0 2
node 23 1 0 0
node 40 1 0 0
node 44 1 0 0
gene 1 1 4 -4.45597 0 1 -4.45597 1
gene 1 2 4 3.30555 0 2 3.30555 0
gene 1 3 4 5.05954 0 3 5.05954 1
gene 1 2 23 2.48087 0 51 2.48087 1
gene 1 23 4 6.39055 0 52 6.39055 1
gene 1 1 23 -0.311548 0 73 -0.311548 1
gene 1 2 40 -2.71321 0 99 -2.71321 1
gene 1 40 23 2.36171 0 100 2.36171 1
gene 1 40 44 0.16658 0 107 0.16658 1
gene 1 44 23 1.40618 0 108 1.40618 1
gene 2 1 40 -1.70487 0 131 -1.70487 1
genomeend 82

/* Organism #83 Fitness: 1.46143 Error: 2.7911 */
genomestart 83
trait 1 0.118057 0.827078 0.598353 0 0 0 0.152856 0 
trait 2 1 0 0 0 0 0 0 0.537679 
trait 3 0.3 0 0 0 0 0 0 0 
node 1 1 1 3
node 2 1 1 1
node 3 3 1 1
node 4 2 0 2
node 23 1 0 0
node 40 1 0 0
node 44 1 0 0
gene 1 1 4 1.19738 0 1 1.19738 1
gene 1 2 4 1.25437 0 2 1.25437 0
gene 1 3 4 5.41209 0 3 5.41209 1
gene 1 2 23 4.68153 0 51 4.68153 1
gene 1 23 4 -1.47119 0 52 -1.47119 1
gene 1 1 23 -0.584559 0 73 -0.584559 1
gene 1 2 40 -4.90292 0 99 -4.90292 1
gene 1 40 23 3.42485 0 100 3.42485 0
gene 1 40 44 1.33305 0 107 1.33305 1
gene 1 44 23 -3.40592 0 108 -3.40592 1
gene 2 1 40 0.518638 0 131 0.518638 1
genomeend 83

/* Organism #84 Fitness: 9 Error: 1 */
genomestart 84
trait 1 0.109028 0.413539 0.299177 0 0 0 0.152856 0 
trait 2 1 0 0 0 0 0 0 0.537679 
trait 3 0.3 0 0 0 0 0 0 0 
node 1 1 1 3
node 2 1 1 1
node 3 3 1 1
node 4 2 0 2
node 23 1 0 0
node 40 1 0 0
node 44 1 0 0
gene 1 1 4 -3.03558 0 1 -3.03558 1
gene 1 2 4 1.46841 0 2 1.46841 0
gene 1 3 4 6.71135 0 3 6.71135 1
gene 1 2 23 7.26386 0 51 7.26386 1
gene 1 23 4 7.47748 0 52 7.47748 1
gene 1 1 23 -2.7846 0 73 -2.7846 1
gene 1 2 40 -1.10277 0 99 -1.10277 1
gene 1 40 23 4.54397 0 100 4.54397 0
gene 1 40 44 0.467664 0 107 0.467664 1
gene 1 44 23 -1.43164 0 108 -1.43164 1
gene 2 1 40 -2.37509 0 131 -2.37509 1
genomeend 84

/* Organism #85 Fitness: 4 Error: 2 */
genomestart 85
trait 1 0.118057 0.827078 0.598353 0 0 0 0.152856 0 
trait 2 1 0 0 0 0 0 0 0.537679 
trait 3 0.3 0 0 0 0 0 0 0 
node 1 1 1 3
node 2 1 1 1
node 3 3 1 1
node 4 2 0 2
node 23 1 0 0
node 40 1 0 0
node 44 1 0 0
gene 1 1 4 -1.59723 0 1 -1.59723 1
gene 1 2 4 0.992087 0 2 0.992087 0
gene 1 3 4 3.14821 0 3 3.14821 1
gene 1 2 23 5.01095 0 51 5.01095 1
gene 1 23 4 5.43191 0 52 5.43191 1
gene 1 1 23 0.685943 0 73 0.685943 1
gene 1 2 40 -1.4539 0 99 -1.4539 1
gene 1 40 23 4.67103 0 100 4.67103 0
gene 1 40 44 -0.297914 0 107 -0.297914 1
gene 1 44 23 1.06586 0 108 1.06586 1
gene 2 1 40 -0.053133 0 131 -0.053133 1
genomeend 85

/* Organism #86 Fitness: 6.56082 Error: 1.43859 */
genomestart 86
trait 1 0.109028 0.413539 0.299177 0 0 0 0.152856 0 
trait 2 1 0 0 0 0 0 0 0.537679 
trait 3 0.3 0 0 0 0 0 0 0 
node 1 1 1 3
node 2 1 1 1
node 3 3 1 1
node 4 2 0 2
node 23 1 0 0
node 40 1 0 0
node 44 1 0 0
gene 1 1 4 -4.15318 0 1 -4.15318 1
gene 1 2 4 1.29143 0 2 1.29143 0
gene 1 3 4 4.60746 0 3 4.60746 1
gene 1 2 23 7.2965 0 51 7.2965 1
gene 1 23 4 4.2861 0 52 4.2861 1
gene 1 1 23 -4.30822 0 73 -4.30822 1
gene 1 2 40 -1.66769 0 99 -1.66769 1
gene 1 40 23 1.85562 0 100 1.85562 0
gene 1 40 44 0.49673 0 107 0.49673 1
gene 1 44 23 -1.75094 0 108 -1.75094 1
gene 2 1 40 -1.38809 0 131 -1.38809 1
genomeend 86

/* Organism #87 Fitness: 8.9996 Error: 1.00007 */
genomestart 87
trait 1 0.118057 0.827078 0.598353 0 0 0 0.152856 0 
trait 2 1 0 0 0 0 0 0 0.537679 
trait 3 0.3 0 0 0 0 0 0 0 
node 1 1 1 3
node 2 1 1 1
node 3 3 1 1
node 4 2 0 2
node 23 1 0 0
node 40 1 0 0
node 44 1 0 0
gene 1 1 4 -2.07744 0 1 -2.07744 1
gene 1 2 4 1.54967 0 2 1.54967 0
gene 1 3 4 4.18671 0 3 4.18671 1
gene 1 2 23 5.64989 0 51 5.64989 1
gene 1 23 4 6.29005 0 52 6.29005 1
gene 1 1 23 -1.77146 0 73 -1.77146 1
gene 1 2 40 -0.54045 0 99 -0.54045 1
gene 1 40 23 3.8879 0 100 3.8879 0
gene 1 40 44 3.64476 0 107 3.64476 1
gene 1 44 23 -2.51315 0 108 -2.51315 1
gene 2 1 40 2.34567 0 131 2.34567 1
genomeend 87

/* Organism #88 Fitness: 8.99998 Error: 1 */
genomestart 88
trait 1 0.109028 0.413539 0.299177 0 0 0 0.152856 0 
trait 2 1 0 0 0 0 0 0 0.537679 
trait 3 0.3 0 0 0 0 0 0 0 
node 1 1 1 3
node 2 1 1 1
node 3 3 1 1
node 4 2 0 2
node 23 1 0 0
node 40 1 0 0
node 44 1 0 0
gene 1 1 4 -2.74018 0 1 -2.74018 1
gene 1 2 4 0.176013 0 2 0.176013 1
gene 1 3 4 5.43976 0 3 5.43976 1
gene 1 2 23 4.60865 0 51 4.60865 1
gene 1 23 4 5.97107 0 52 5.97107 1
gene 1 1 23 -1.58357 0 73 -1.58357 1
gene 1 2 40 -2.12225 0 99 -2.12225 1
gene 1 40 23 3.47554 0 100 3.47554 0
gene 1 40 44 2.14689 0 107 2.14689 1
gene 1 44 23 -0.416383 0 108 -0.416383 1
gene 2 1 40 -0.829525 0 131 -0.829525 1
genomeend 88

/* Organism #89 Fitness: 3.99943 Error: 2.00014 */
genomestart 89
trait 1 0.1 0 0 0 0 0 0.152856 0 
trait 2 1 0 0 0 0 0 0 0.537679 
trait 3 0.3 0 0 0 0 0 0 0 
node 1 1 1 3
node 2 1 1 1
node 3 3 1 1
node 4 2 0 2
node 23 1 0 0
node 40 1 0 0
node 44 1 0 0
gene 1 1 4 0.496478 0 1 0.496478 1
gene 1 2 4 1.19974 0 2 1.19974 0
gene 1 3 4 6.84419 0 3 6.84419 1
gene 1 2 23 1.75643 0 51 1.75643 1
gene 1 23 4 -0.0619274 0 52 -0.0619274 1
gene 1 1 23 -2.14838 0 73 -2.14838 1
gene 1 2 40 2.43307 0 99 2.43307 1
gene 1 40 23 3.52623 0 100 3.52623 0
gene 1 40 44 -0.687348 0 107 -0.687348 1
gene 1 44 23 -0.66372 0 108 -0.66372 1
gene 2 1 40 -2.48783 0 131 -2.48783 1
gene 1 1 44 0.910228 0 209 0.910228 1
genomeend 89

/* Organism #90 Fitness: 8.99998 Error: 1 */
genomestart 90
trait 1 0.1 0 0 0 0 0 0.152856 0 
trait 2 1 0 0 0 0 0 0 0.537679 
trait 3 0.3 0 0 0 0 0 0 0 
node 1 1 1 3
node 2 1 1 1
node 3 3 1 1
node 4 2 0 2
node 23 1 0 0
node 40 1 0 0
node 44 1 0 0
gene 1 1 4 -2.74018 0 1 -2.74018 1
gene 1 2 4 1.67328 0 2 1.67328 1
gene 1 3 4 5.35143 0 3 5.35143 1
gene 1 2 23 3.93227 0 51 3.93227 1
gene 1 23 4 5.97107 0 52 5.97107 1
gene 1 1 23 -2.06636 0 73 -2.06636 1
gene 1 2 40 -1.78303 0 99 -1.78303 1
gene 1 40 23 3.52623 0 100 3.52623 0
gene 1 40 44 2.14689 0 107 2.14689 1
gene 1 44 23 0.598877 0 108 0.598877 1
gene 2 1 40 -0.270957 0 131 -0.270957 1
gene 1 1 44 0.910228 0 209 0.910228 1
genomeend 90

/* Species #11 : (Size 13) (AF 6.0517) (Age 16)  */


/* Organism #91 Fitness: 8.9977 Error: 1.00038 */
genomestart 91
trait 1 0.1 0 0 0 0 0 0.095535 0 
trait 2 0.6 0 0 0 0 0 0 0.26884 
trait 3 0.3 0 0 0 0 0 0 0 
node 1 1 1 3
node 2 1 1 1
node 3 3 1 1
node 4 2 0 2
node 23 1 0 0
node 42 1 0 0
gene 1 1 4 -2.47371 0 1 -2.47371 1
gene 1 2 4 3.42107 0 2 3.42107 1
gene 1 3 4 4.98404 0 3 4.98404 1
gene 2 2 23 1.2656 0 51 1.2656 1
gene 2 23 4 2.33517 0 52 2.33517 1
gene 1 3 42 1.13257 0 103 1.13257 1
gene 1 42 4 1.58609 0 104 1.58609 1
gene 2 42 23 -3.88838 0 145 -3.88838 1
genomeend 91

/* Organism #92 Fitness: 7.87855 Error: 1.19312 */
genomestart 92
trait 1 0.1 0 0 0 0 0 0.095535 0 
trait 2 0.6 0 0 0 0 0 0 0.26884 
trait 3 0.3 0 0 0 0 0 0 0 
node 1 1 1 3
node 2 1 1 1
node 3 3 1 1
node 4 2 0 2
node 23 1 0 0
node 42 1 0 0
gene 1 1 4 -3.66285 0 1 -3.66285 1
gene 1 2 4 2.61121 0 2 2.61121 1
gene 1 3 4 2.09522 0 3 2.09522 1
gene 2 2 23 1.06422 0 51 1.06422 1
gene 2 23 4 1.07439 0 52 1.07439 1
gene 1 3 42 3.46769 0 103 3.46769 1
gene 1 42 4 2.67847 0 104 2.67847 1
gene 2 42 23 -4.10049 0 145 -4.10049 1
genomeend 92

/* Organism #93 Fitness: 8.99705 Error: 1.00049 */
genomestart 93
trait 1 0.1 0 0 0 0 0 0.095535 0 
trait 2 0.6 0 0 0 0 0 0 0.26884 
trait 3 0.3 0 0 0 0 0 0 0 
node 1 1 1 3
node 2 1 1 1
node 3 3 1 1
node 4 2 0 2
node 23 1 0 0
node 42 1 0 0
gene 1 1 4 -2.13687 0 1 -2.13687 1
gene 1 2 4 3.47005 0 2 3.47005 1
gene 1 3 4 4.18897 0 3 4.18897 1
gene 2 2 23 2.08686 0 51 2.08686 1
gene 2 23 4 1.74922 0 52 1.74922 1
gene 1 3 42 1.05413 0 103 1.05413 1
gene 1 42 4 1.17694 0 104 1.17694 1
gene 2 42 23 -2.83058 0 145 -2.83058 1
genomeend 93

/* Organism #94 Fitness: 8.49487 Error: 1.0854 */
genomestart 94
trait 1 0.562621 0 0 0 0.415656 0 0.235507 0 
trait 2 0.6 0 0 0 0 0 0 0.26884 
trait 3 0.3 0 0 0 0 0 0 0 
node 1 1 1 3
node 2 1 1 1
node 3 3 1 1
node 4 2 0 2
node 23 1 0 0
node 42 1 0 0
gene 1 1 4 -1.30791 0 1 -1.30791 1
gene 1 2 4 2.2746 0 2 2.2746 1
gene 1 3 4 2.21085 0 3 2.21085 1
gene 2 2 23 1.68167 0 51 1.68167 1
gene 1 23 4 -0.803121 0 52 -0.803121 1
gene 1 3 42 -0.814673 0 103 -0.814673 1
gene 1 42 4 1.78542 0 104 1.78542 1
gene 2 42 23 0.184418 0 145 0.184418 1
genomeend 94

/* Organism #95 Fitness: 3.94623 Error: 2.01349 */
genomestart 95
trait 1 0.1 0 0 0 0 0 0.095535 0 
trait 2 0.6 0 0 0 0 0 0 0.26884 
trait 3 0.3 0 0 0 0 0 0 0 
node 1 1 1 3
node 2 1 1 1
node 3 3 1 1
node 4 2 0 2
node 23 1 0 0
node 42 1 0 0
gene 1 1 4 2.0988 0 1 2.0988 1
gene 1 2 4 5.4165 0 2 5.4165 1
gene 1 3 4 -2.2078 0 3 -2.2078 1
gene 2 2 23 1.40995 0 51 1.40995 1
gene 2 23 4 1.9614 0 52 1.9614 1
gene 1 3 42 -2.00649 0 103 -2.00649 1
gene 1 42 4 0.669267 0 104 0.669267 1
gene 2 42 23 -0.778863 0 145 -0.778863 1
genomeend 95

/* Organism #96 Fitness: 4.05092 Error: 1.98731 */
genomestart 96
trait 1 0.1 0 0 0 0 0 0.095535 0 
trait 2 0.6 0 0 0 0 0 0 0.26884 
trait 3 0.3 0 0 0 0 0 0 0 
node 1 1 1 3
node 2 1 1 1
node 3 3 1 1
node 4 2 0 2
node 23 1 0 0
node 42 1 0 0
gene 1 1 4 -4.86314 0 1 -4.86314 1
gene 1 2 4 3.42107 0 2 3.42107 1
gene 1 3 4 -1.73651 0 3 -1.73651 1
gene 2 2 23 2.5295 0 51 2.5295 1
gene 2 23 4 0.0215147 0 52 0.0215147 1
gene 1 3 42 1.59479 0 103 1.59479 1
gene 1 42 4 1.07784 0 104 1.07784 1
gene 2 42 23 -4.15047 0 145 -4.15047 1
genomeend 96

/* Organism #97 Fitness: 5.57333 Error: 1.63921 */
genomestart 97
trait 1 0.1 0 0 0 0 0 0.095535 0 
trait 2 0.6 0 0 0 0 0 0 0.26884 
trait 3 0.3 0 0 0 0 0 0 0 
node 1 1 1 3
node 2 1 1 1
node 3 3 1 1
node 4 2 0 2
node 23 1 0 0
node 42 1 0 0
gene 1 1 4 -3.80012 0 1 -3.80012 1
gene 1 2 4 -1.5885 0 2 -1.5885 1
gene 1 3 4 4.38144 0 3 4.38144 1
gene 2 2 23 1.59569 0 51 1.59569 1
gene 2 23 4 2.61266 0 52 2.61266 1
gene 1 3 42 0.0185236 0 103 0.0185236 1
gene 1 42 4 -1.33369 0 104 -1.33369 1
gene 1 42 23 -4.63679 0 145 -4.63679 1
genomeend 97

/* Organism #98 Fitness: 8.90612 Error: 1.01569 */
genomestart 98
trait 1 0.33131 0 0 0 0.207828 0 0.165521 0 
trait 2 0.6 0 0 0 0 0 0 0.26884 
trait 3 0.3 0 0 0 0 0 0 0 
node 1 1 1 3
node 2 1 1 1
node 3 3 1 1
node 4 2 0 2
node 23 1 0 0
node 42 1 0 0
gene 1 1 4 -1.80003 0 1 -1.80003 1
gene 1 2 4 3.26802 0 2 3.26802 1
gene 1 3 4 3.2951 0 3 3.2951 1
gene 2 2 23 2.90811 0 51 2.90811 1
gene 1 23 4 1.16327 0 52 1.16327 1
gene 1 3 42 0.975693 0 103 0.975693 1
gene 1 42 4 0.767785 0 104 0.767785 1
gene 2 42 23 -0.00846868 0 145 -0.00846868 1
genomeend 98

/* Organism #99 Fitness: 8.83721 Error: 1.02725 */
genomestart 99
trait 1 0.562621 0 0 0 0.415656 0 0.235507 0 
trait 2 0.6 0 0 0 0 0 0 0.26884 
trait 3 0.3 0 0 0 0 0 0 0 
node 1 1 1 3
node 2 1 1 1
node 3 3 1 1
node 4 2 0 2
node 23 1 0 0
node 42 1 0 0
node 79 1 0 0
gene 1 1 4 -1.80003 0 1 -1.80003 1
gene 1 2 4 3.26802 0 2 3.26802 1
gene 1 3 4 3.2951 0 3 3.2951 1
gene 2 2 23 2.90811 0 51 2.90811 1
gene 1 23 4 1.16327 0 52 1.16327 0
gene 1 3 42 0.975693 0 103 0.975693 1
gene 1 42 4 0.00862 0 104 0.00862 1
gene 2 42 23 -0.00846868 0 145 -0.00846868 1
gene 1 23 79 1 0 230 0 1
gene 1 79 4 1.16327 0 231 0 1
genomeend 99

/* Organism #100 Fitness: 1.00481 Error: 2.9976 */
genomestart 100
trait 1 0.1 0 0 0 0 0 0.095535 0 
trait 2 0.6 0 0 0 0 0 0 0.26884 
trait 3 0.3 0 0 0 0 0 0 0 
node 1 1 1 3
node 2 1 1 1
node 3 3 1 1
node 4 2 0 2
node 23 1 0 0
node 42 1 0 0
gene 1 1 4 -4.78229 0 1 -4.78229 1
gene 1 2 4 2.77873 0 2 2.77873 1
gene 1 3 4 3.91211 0 3 3.91211 1
gene 2 2 23 -0.321025 0 51 -0.321025 1
gene 2 23 4 2.01958 0 52 2.01958 1
gene 1 3 42 1.23317 0 103 1.23317 1
gene 1 42 4 -0.619792 0 104 -0.619792 1
gene 2 42 23 -4.12007 0 145 -4.12007 1
genomeend 100

/* Organism #101 Fitness: 3.9674 Error: 2.00817 */
genomestart 101
trait 1 0.1 0 0 0 0 0 0.095535 0 
trait 2 0.6 0 0 0 0 0 0 0.26884 
trait 3 0.3 0 0 0 0 0 0 0 
node 1 1 1 3
node 2 1 1 1
node 3 3 1 1
node 4 2 0 2
node 23 1 0 0
node 42 1 0 0
gene 1 1 4 -1.67681 0 1 -1.67681 1
gene 1 2 4 3.60499 0 2 3.60499 1
gene 1 3 4 -2.41974 0 3 -2.41974 1
gene 2 2 23 1.28594 0 51 1.28594 1
gene 2 23 4 1.13756 0 52 1.13756 1
gene 1 3 42 1.74217 0 103 1.74217 1
gene 1 42 4 1.58609 0 104 1.58609 1
gene 2 42 23 -6.30935 0 145 -6.30935 1
genomeend 101

/* Organism #102 Fitness: 4.01713 Error: 1.99572 */
genomestart 102
trait 1 0.1 0 0 0 0 0 0.095535 0 
trait 2 0.6 0 0 0 0 0 0 0.26884 
trait 3 0.3 0 0 0 0 0 0 0 
node 1 1 1 3
node 2 1 1 1
node 3 3 1 1
node 4 2 0 2
node 23 1 0 0
node 42 1 0 0
gene 1 1 4 -0.564294 0 1 -0.564294 1
gene 1 2 4 5.00681 0 2 5.00681 1
gene 1 3 4 5.59475 0 3 5.59475 1
gene 2 2 23 1.49038 0 51 1.49038 1
gene 2 23 4 4.74918 0 52 4.74918 1
gene 1 3 42 -0.440479 0 103 -0.440479 1
gene 1 42 4 3.34201 0 104 3.34201 1
gene 2 42 23 -4.51933 0 145 -4.51933 1
genomeend 102

/* Organism #103 Fitness: 4.00072 Error: 1.99982 */
genomestart 103
trait 1 0.1 0 0 0 0 0 0.095535 0 
trait 2 0.6 0 0 0 0 0 0 0.26884 
trait 3 0.3 0 0 0 0 0 0 0 
node 1 1 1 3
node 2 1 1 1
node 3 3 1 1
node 4 2 0 2
node 23 1 0 0
node 42 1 0 0
gene 1 1 4 -3.35411 0 1 -3.35411 1
gene 1 2 4 1.46791 0 2 1.46791 1
gene 1 3 4 5.05117 0 3 5.05117 1
gene 2 2 23 -0.0276366 0 51 -0.0276366 1
gene 2 23 4 3.96101 0 52 3.96101 1
gene 1 3 42 -1.02601 0 103 -1.02601 1
gene 1 42 4 0.268201 0 104 0.268201 1
gene 2 42 23 -5.23595 0 145 -5.23595 1
genomeend 103

/* Species #12 : (Size 10) (AF 6.69669) (Age 16)  */


/* Organism #104 Fitness: 8.99998 Error: 1 */
genomestart 104
trait 1 0.1 0 0 0 0 0 0 0 
trait 2 0.2 0 0.0151742 0 0 0 0 0 
trait 3 0.3 0 0 0 0 0 0 0 
node 1 1 1 3
node 2 1 1 1
node 3 3 1 1
node 4 2 0 2
node 23 1 0 0
node 37 1 0 0
node 67 1 0 0
gene 1 1 4 -7.69836 0 1 -7.69836 1
gene 1 2 4 2.45287 0 2 2.45287 0
gene 1 3 4 5.13919 0 3 5.13919 1
gene 1 2 23 -3.38502 0 51 -3.38502 1
gene 1 23 4 5.51072 0 52 5.51072 1
gene 3 1 23 1.67846 0 73 1.67846 1
gene 1 23 37 2.23619 0 90 2.23619 0
gene 1 37 4 -2.24006 0 91 -2.24006 1
gene 1 3 37 -6.12295 0 109 -6.12295 1
gene 1 23 67 -0.0980303 0 187 -0.0980303 1
gene 1 67 37 1.80972 0 188 1.80972 1
genomeend 104

/* Organism #105 Fitness: 8.99908 Error: 1.00015 */
genomestart 105
trait 1 0.1 0 0 0 0 0 0 0 
trait 2 0.2 0 0.0151742 0 0 0 0 0 
trait 3 0.3 0 0 0 0 0 0 0 
node 1 1 1 3
node 2 1 1 1
node 3 3 1 1
node 4 2 0 2
node 23 1 0 0
node 37 1 0 0
node 67 1 0 0
node 80 1 0 0
gene 1 1 4 -7.69836 0 1 -7.69836 1
gene 1 2 4 2.45287 0 2 2.45287 0
gene 1 3 4 5.13919 0 3 5.13919 0
gene 1 2 23 -3.38502 0 51 -3.38502 1
gene 1 23 4 5.51072 0 52 5.51072 1
gene 3 1 23 1.67846 0 73 1.67846 1
gene 1 23 37 2.23619 0 90 2.23619 0
gene 1 37 4 -2.24006 0 91 -2.24006 1
gene 1 3 37 -6.12295 0 109 -6.12295 1
gene 1 23 67 -0.0980303 0 187 -0.0980303 1
gene 1 67 37 1.80972 0 188 1.80972 1
gene 1 3 80 1 0 232 0 1
gene 1 80 4 5.13919 0 233 0 1
genomeend 105

/* Organism #106 Fitness: 8.99994 Error: 1.00001 */
genomestart 106
trait 1 0.1 0 0 0 0 0 0 0 
trait 2 0.2 0 0.0151742 0 0 0 0 0 
trait 3 0.3 0 0 0 0 0 0 0 
node 1 1 1 3
node 2 1 1 1
node 3 1 1 1
node 4 2 0 2
node 23 1 0 0
node 37 1 0 0
node 67 1 0 0
gene 1 1 4 -7.48012 0 1 -7.48012 1
gene 1 2 4 1.14074 0 2 1.14074 0
gene 1 3 4 5.13919 0 3 5.13919 1
gene 1 2 23 -3.38502 0 51 -3.38502 1
gene 1 23 4 5.51072 0 52 5.51072 1
gene 3 1 23 0.559935 0 73 0.559935 1
gene 1 23 37 3.25882 0 90 3.25882 0
gene 2 37 4 -2.24006 0 91 -2.24006 1
gene 1 3 37 -5.39654 0 109 -5.39654 1
gene 1 23 67 -0.0980303 0 187 -0.0980303 1
gene 1 67 37 1.80972 0 188 1.80972 1
genomeend 106

/* Organism #107 Fitness: 4 Error: 2 */
genomestart 107
trait 1 0.1 0 0 0 0 0 0 0 
trait 2 0.2 0 0.0151742 0 0 0 0 0 
trait 3 0.3 0 0 0 0 0 0 0 
node 1 1 1 3
node 2 1 1 1
node 3 3 1 1
node 4 2 0 2
node 23 1 0 0
node 37 1 0 0
node 67 1 0 0
gene 1 1 4 -6.62843 0 1 -6.62843 1
gene 1 2 4 0.865364 0 2 0.865364 0
gene 1 3 4 4.81046 0 3 4.81046 1
gene 1 2 23 -2.26159 0 51 -2.26159 1
gene 1 23 4 6.43138 0 52 6.43138 1
gene 3 1 23 2.55219 0 73 2.55219 1
gene 1 23 37 0.119201 0 90 0.119201 0
gene 1 37 4 -3.5583 0 91 -3.5583 1
gene 1 3 37 -6.57148 0 109 -6.57148 1
gene 1 23 67 -0.0980303 0 187 -0.0980303 1
gene 1 67 37 1.80972 0 188 1.80972 1
genomeend 107

/* Organism #108 Fitness: 8.9543 Error: 1.00763 */
genomestart 108
trait 1 0.1 0 0 0 0 0 0 0 
trait 2 0.2 0 0.0151742 0 0 0 0 0 
trait 3 0.3 0 0 0 0 0 0 0 
node 1 1 1 3
node 2 1 1 1
node 3 3 1 1
node 4 2 0 2
node 23 1 0 0
node 37 1 0 0
node 67 1 0 0
gene 1 1 4 -7.58924 0 1 -7.58924 1
gene 1 2 4 1.7968 0 2 1.7968 1
gene 1 3 4 4.78696 0 3 4.78696 1
gene 1 2 23 -2.29913 0 51 -2.29913 1
gene 1 23 4 5.62166 0 52 5.62166 1
gene 3 1 23 1.1192 0 73 1.1192 1
gene 1 23 37 2.7475 0 90 2.7475 0
gene 1 37 4 -2.67284 0 91 -2.67284 1
gene 1 3 37 -5.75974 0 109 -5.75974 1
gene 1 23 67 -0.0980303 0 187 -0.0980303 1
gene 1 67 37 2.10136 0 188 2.10136 1
genomeend 108

/* Organism #109 Fitness: 4 Error: 2 */
genomestart 109
trait 1 0.1 0 0 0 0 0 0 0 
trait 2 0.2 0 0.0151742 0 0 0 0 0 
trait 3 0.3 0 0 0 0 0 0 0 
node 1 1 1 3
node 2 1 1 1
node 3 3 1 1
node 4 2 0 2
node 23 1 0 0
node 37 1 0 0
node 67 1 0 0
gene 1 1 4 -8 0 1 -8 1
gene 1 2 4 2.0327 0 2 2.0327 0
gene 1 3 4 7.21434 0 3 7.21434 1
gene 1 2 23 -0.961903 0 51 -0.961903 1
gene 1 23 4 3.33501 0 52 3.33501 1
gene 3 1 23 1.9578 0 73 1.9578 1
gene 1 23 37 1.06961 0 90 1.06961 0
gene 1 37 4 -1.00587 0 91 -1.00587 1
gene 1 3 37 -5.88318 0 109 -5.88318 1
gene 1 23 67 0.561907 0 187 0.561907 1
gene 1 67 37 0.483015 0 188 0.483015 1
genomeend 109

/* Organism #110 Fitness: 4 Error: 2 */
genomestart 110
trait 1 0.1 0 0 0 0 0 0 0 
trait 2 0.2 0 0.0151742 0 0 0 0 0 
trait 3 0.3 0 0 0 0 0 0 0 
node 1 1 1 3
node 2 1 1 1
node 3 3 1 1
node 4 2 0 2
node 23 1 0 0
node 37 1 0 0
node 67 1 0 0
gene 1 1 4 -8 0 1 -8 1
gene 1 2 4 2.45287 0 2 2.45287 0
gene 1 3 4 7.42302 0 3 7.42302 1
gene 1 2 23 -1.12303 0 51 -1.12303 1
gene 1 23 4 5.51072 0 52 5.51072 1
gene 3 1 23 2.78557 0 73 2.78557 1
gene 1 23 37 -0.888229 0 90 -0.888229 0
gene 1 37 4 -0.336525 0 91 -0.336525 1
gene 1 3 37 -7.4377 0 109 -7.4377 1
gene 1 23 67 0.539455 0 187 0.539455 1
gene 1 67 37 4.20776 0 188 4.20776 1
genomeend 110

/* Organism #111 Fitness: 8.99994 Error: 1.00001 */
genomestart 111
trait 1 0.1 0 0 0 0 0 0 0 
trait 2 0.2 0 0.0151742 0 0 0 0 0 
trait 3 0.3 0 0 0 0 0 0 0 
node 1 1 1 3
node 2 1 1 1
node 3 3 1 1
node 4 2 0 2
node 23 1 0 0
node 37 1 0 0
node 67 1 0 0
gene 1 1 4 -7.48012 0 1 -7.48012 1
gene 1 2 4 1.14074 0 2 1.14074 0
gene 1 3 4 4.43473 0 3 4.43473 1
gene 1 2 23 -1.21325 0 51 -1.21325 1
gene 1 23 4 5.7326 0 52 5.7326 1
gene 3 1 23 0.559935 0 73 0.559935 1
gene 1 23 37 3.25882 0 90 3.25882 0
gene 1 37 4 -3.10561 0 91 -3.10561 1
gene 1 3 37 -5.39654 0 109 -5.39654 1
gene 1 23 67 -0.0980303 0 187 -0.0980303 1
gene 1 67 37 2.39301 0 188 2.39301 1
gene 1 1 37 0.203842 0 224 0.203842 1
gene 3 3 67 0.846332 0 234 0.846332 1
genomeend 111

/* Organism #112 Fitness: 8.99999 Error: 1 */
genomestart 112
trait 1 0.1 0 0 0 0 0 0 0 
trait 2 0.2 0 0.0151742 0 0 0 0 0 
trait 3 0.3 0 0 0 0 0 0 0 
node 1 1 1 3
node 2 1 1 1
node 3 3 1 1
node 4 2 0 2
node 23 1 0 0
node 37 1 0 0
node 67 1 0 0
gene 1 1 4 -7.58924 0 1 -7.58924 1
gene 1 2 4 1.7968 0 2 1.7968 0
gene 1 3 4 4.78696 0 3 4.78696 1
gene 1 2 23 -2.29913 0 51 -2.29913 1
gene 1 23 4 5.62166 0 52 5.62166 1
gene 3 1 23 1.1192 0 73 1.1192 1
gene 1 23 37 2.7475 0 90 2.7475 0
gene 1 37 4 -2.67284 0 91 -2.67284 1
gene 1 3 37 -5.75974 0 109 -5.75974 1
gene 1 23 67 -0.0980303 0 187 -0.0980303 1
gene 1 67 37 2.10136 0 188 2.10136 1
genomeend 112

/* Organism #113 Fitness: 1.01366 Error: 2.99319 */
genomestart 113
trait 1 0.1 0 0 0 0 0 0 0 
trait 2 0.2 0 0.0151742 0 0 0 0 0 
trait 3 0.3 0 0 0 0 0 0 0 
node 1 1 1 3
node 2 1 1 1
node 3 3 1 1
node 4 2 0 2
node 23 1 0 0
node 37 1 0 0
node 67 1 0 0
gene 1 1 4 -8 0 1 -8 1
gene 1 2 4 2.53885 0 2 2.53885 0
gene 1 3 4 4.62356 0 3 4.62356 1
gene 1 2 23 0.856133 0 51 0.856133 1
gene 1 23 4 5.51072 0 52 5.51072 1
gene 3 1 23 -0.579239 0 73 -0.579239 1
gene 1 23 37 3.19352 0 90 3.19352 0
gene 1 37 4 -4.00179 0 91 -4.00179 1
gene 1 3 37 -6.12295 0 109 -6.12295 1
gene 3 23 67 -0.712919 0 187 -0.712919 1
gene 1 67 37 2.30972 0 188 2.30972 1
genomeend 113

/* Species #15 : (Size 10) (AF 7.70956) (Age 11)  */


/* Organism #114 Fitness: 8.99959 Error: 1.00007 */
genomestart 114
trait 1 0.1 0 0 0 0 0 0.152856 0 
trait 2 1 0 0 0 0 0 0 0.537679 
trait 3 0.3 0 0 0 0 0 0 0 
node 1 1 1 3
node 2 1 1 1
node 3 1 1 1
node 4 1 0 2
node 23 1 0 0
node 40 1 0 0
node 44 1 0 0
node 57 1 0 0
gene 1 1 4 -3.71535 0 1 -3.71535 1
gene 1 2 4 5.36682 0 2 5.36682 0
gene 1 3 4 7.13379 0 3 7.13379 1
gene 1 2 23 5.24656 0 51 5.24656 1
gene 1 23 4 6.07685 0 52 6.07685 1
gene 1 1 23 0.0916294 0 73 0.0916294 1
gene 1 2 40 3.03772 0 99 3.03772 0
gene 1 40 23 0.262204 0 100 0.262204 1
gene 1 40 44 3.88594 0 107 3.88594 1
gene 1 44 23 -0.78222 0 108 -0.78222 1
gene 2 1 40 -2.04058 0 131 -2.04058 1
gene 1 3 23 -3.859 0 135 -3.859 1
gene 1 2 57 -1.15673 0 150 -1.15673 1
gene 1 57 40 5.67277 0 151 5.67277 1
gene 2 44 4 -0.812734 0 170 -0.812734 1
genomeend 114

/* Organism #115 Fitness: 8.99959 Error: 1.00007 */
genomestart 115
trait 1 0.1 0 0 0 0 0 0.152856 0 
trait 2 1 0 0 0 0 0 0 0.537679 
trait 3 0.3 0 0 0 0 0 0 0 
node 1 1 1 3
node 2 1 1 1
node 3 1 1 1
node 4 1 0 2
node 23 1 0 0
node 40 1 0 0
node 44 1 0 0
node 57 1 0 0
gene 1 1 4 -3.71535 0 1 -3.71535 1
gene 1 2 4 5.36682 0 2 5.36682 0
gene 1 3 4 7.13379 0 3 7.13379 1
gene 1 2 23 5.24656 0 51 5.24656 1
gene 1 23 4 6.07685 0 52 6.07685 1
gene 1 1 23 0.0916294 0 73 0.0916294 1
gene 1 2 40 3.03772 0 99 3.03772 0
gene 1 40 23 0.262204 0 100 0.262204 1
gene 1 40 44 3.88594 0 107 3.88594 1
gene 1 44 23 -0.78222 0 108 -0.78222 1
gene 2 1 40 -2.04058 0 131 -2.04058 1
gene 1 3 23 -3.859 0 135 -3.859 1
gene 1 2 57 -1.15673 0 150 -1.15673 1
gene 1 57 40 5.67277 0 151 5.67277 1
gene 2 44 4 -0.812734 0 170 -0.812734 1
genomeend 115

/* Organism #116 Fitness: 7.57002 Error: 1.24863 */
genomestart 116
trait 1 0.1 0 0 0 0 0 0.152856 0 
trait 2 1 0 0 0 0 0 0 0.537679 
trait 3 0.3 0 0 0 0 0 0 0 
node 1 1 1 3
node 2 1 1 1
node 3 1 1 1
node 4 2 0 2
node 23 1 0 0
node 40 1 0 0
node 44 1 0 0
node 57 1 0 0
gene 1 1 4 -1.18167 0 1 -1.18167 1
gene 1 2 4 1.4802 0 2 1.4802 0
gene 1 3 4 4.145 0 3 4.145 1
gene 1 2 23 3.98368 0 51 3.98368 1
gene 1 23 4 5.0972 0 52 5.0972 1
gene 1 1 23 0.718768 0 73 0.718768 1
gene 1 2 40 6.09839 0 99 6.09839 1
gene 1 40 23 1.82285 0 100 1.82285 0
gene 1 40 44 2.34653 0 107 2.34653 1
gene 1 44 23 -0.781228 0 108 -0.781228 1
gene 2 1 40 3.22739 0 131 3.22739 1
gene 1 3 23 -6.64868 0 135 -6.64868 1
gene 1 2 57 -6.48293 0 150 -6.48293 1
gene 1 57 40 8 0 151 8 1
gene 2 44 4 -1.2027 0 170 -1.2027 1
genomeend 116

/* Organism #117 Fitness: 13.4636 Error: 0.330726 */
/* ##------$ WINNER 117 SPECIES #15 $------## */
genomestart 117
trait 1 0.1 0 0 0 0 0 0.152856 0 
trait 2 1 0 0 0 0 0 0 0.537679 
trait 3 0.3 0 0 0 0 0 0 0 
node 1 1 1 3
node 2 1 1 1
node 3 1 1 1
node 4 1 0 2
node 23 1 0 0
node 40 1 0 0
node 44 1 0 0
node 57 1 0 0
gene 1 1 4 -3.71535 0 1 -3.71535 1
gene 1 2 4 5.67105 0 2 5.67105 0
gene 1 3 4 2.54695 0 3 2.54695 1
gene 1 2 23 5.24656 0 51 5.24656 1
gene 1 23 4 6.07685 0 52 6.07685 1
gene 1 1 23 0.0916294 0 73 0.0916294 1
gene 1 2 40 4.97451 0 99 4.97451 0
gene 1 40 23 0.262204 0 100 0.262204 1
gene 1 40 44 3.88594 0 107 3.88594 1
gene 1 44 23 -0.78222 0 108 -0.78222 1
gene 2 1 40 -2.04058 0 131 -2.04058 1
gene 1 3 23 -5.88494 0 135 -5.88494 1
gene 1 2 57 -1.15673 0 150 -1.15673 1
gene 1 57 40 5.67277 0 151 5.67277 1
gene 2 44 4 1.86749 0 170 1.86749 1
genomeend 117

/* Organism #118 Fitness: 8.96241 Error: 1.00627 */
genomestart 118
trait 1 0.1 0 0 0 0 0 0.152856 0 
trait 2 1 0 0 0 0 0 0 0.537679 
trait 3 0.3 0 0 0 0 0 0 0 
node 1 1 1 3
node 2 1 1 1
node 3 1 1 1
node 4 2 0 2
node 23 1 0 0
node 40 1 0 0
node 44 1 0 0
node 57 1 0 0
gene 1 1 4 -2.52565 0 1 -2.52565 1
gene 1 2 4 4.64517 0 2 4.64517 0
gene 1 3 4 2.58587 0 3 2.58587 1
gene 1 2 23 6.29819 0 51 6.29819 1
gene 1 23 4 6.21469 0 52 6.21469 1
gene 1 1 23 -2.10565 0 73 -2.10565 1
gene 1 2 40 6.35729 0 99 6.35729 0
gene 1 40 23 0.866457 0 100 0.866457 0
gene 1 40 44 3.93951 0 107 3.93951 1
gene 1 44 23 1.42409 0 108 1.42409 1
gene 2 1 40 2.52515 0 131 2.52515 1
gene 1 3 23 -5.40419 0 135 -5.40419 1
gene 1 2 57 -5.59505 0 150 -5.59505 1
gene 2 57 40 -1.32228 0 151 -1.32228 1
gene 2 44 4 1.04059 0 170 1.04059 1
genomeend 118

/* Organism #119 Fitness: 8.99937 Error: 1.00011 */
genomestart 119
trait 1 0.1 0 0 0 0 0 0.152856 0 
trait 2 1 0 0 0 0 0 0 0.537679 
trait 3 0.3 0 0 0 0 0 0 0 
node 1 1 1 3
node 2 1 1 1
node 3 1 1 1
node 4 2 0 2
node 23 1 0 0
node 40 1 0 0
node 44 1 0 0
node 57 1 0 0
gene 1 1 4 -3.43684 0 1 -3.43684 1
gene 1 2 4 3.27356 0 2 3.27356 0
gene 1 3 4 3.55139 0 3 3.55139 1
gene 1 2 23 6.22451 0 51 6.22451 1
gene 1 23 4 6.04763 0 52 6.04763 1
gene 1 1 23 -1.50277 0 73 -1.50277 1
gene 1 2 40 7.23842 0 99 7.23842 1
gene 1 40 23 2.35145 0 100 2.35145 0
gene 1 40 44 4.49948 0 107 4.49948 1
gene 1 44 23 -0.602112 0 108 -0.602112 1
gene 2 1 40 4.69831 0 131 4.69831 1
gene 1 3 23 -5.87874 0 135 -5.87874 1
gene 1 2 57 -4.07067 0 150 -4.07067 1
gene 1 57 40 8 0 151 8 1
gene 2 44 4 0.668792 0 170 0.668792 1
gene 1 3 44 0.296671 0 235 0.296671 1
genomeend 119

/* Organism #120 Fitness: 3.10019 Error: 2.23926 */
genomestart 120
trait 1 0.1 0 0 0 0 0 0.152856 0 
trait 2 1 0 0 0 0 0 0 0.537679 
trait 3 0.3 0 0 0 0 0 0 0 
node 1 1 1 3
node 2 1 1 1
node 3 1 1 1
node 4 2 0 2
node 23 1 0 0
node 40 1 0 0
node 44 1 0 0
node 57 1 0 0
gene 1 1 4 -1.95571 0 1 -1.95571 1
gene 1 2 4 4.73955 0 2 4.73955 0
gene 1 3 4 0.503073 0 3 0.503073 1
gene 1 2 23 5.48632 0 51 5.48632 1
gene 1 23 4 4.43408 0 52 4.43408 1
gene 1 1 23 1.12125 0 73 1.12125 1
gene 1 2 40 4.44996 0 99 4.44996 0
gene 1 40 23 0.263862 0 100 0.263862 0
gene 1 40 44 4.82881 0 107 4.82881 1
gene 1 44 23 0.0335487 0 108 0.0335487 1
gene 2 1 40 2.33717 0 131 2.33717 1
gene 1 3 23 -5.75906 0 135 -5.75906 1
gene 1 2 57 -4.20257 0 150 -4.20257 1
gene 1 57 40 7.76796 0 151 7.76796 1
gene 2 44 4 1.68754 0 170 1.68754 1
genomeend 120

/* Organism #121 Fitness: 8.99993 Error: 1.00001 */
genomestart 121
trait 1 0.1 0 0 0 0 0 0.152856 0 
trait 2 1 0 0 0 0 0 0 0.537679 
trait 3 0.3 0 0 0 0 0 0 0 
node 1 1 1 3
node 2 1 1 1
node 3 1 1 1
node 4 2 0 2
node 23 1 0 0
node 40 1 0 0
node 44 1 0 0
node 57 1 0 0
gene 1 1 4 -3.43684 0 1 -3.43684 1
gene 1 2 4 5.36682 0 2 5.36682 0
gene 1 3 4 7.13379 0 3 7.13379 1
gene 1 2 23 5.24656 0 51 5.24656 1
gene 1 23 4 6.07685 0 52 6.07685 1
gene 1 1 23 0.0916294 0 73 0.0916294 1
gene 1 2 40 3.03772 0 99 3.03772 0
gene 1 40 23 2.35145 0 100 2.35145 0
gene 1 40 44 3.88594 0 107 3.88594 1
gene 1 44 23 -0.602112 0 108 -0.602112 1
gene 2 1 40 4.69831 0 131 4.69831 1
gene 1 3 23 -5.87874 0 135 -5.87874 1
gene 1 2 57 -4.07067 0 150 -4.07067 1
gene 1 57 40 5.67277 0 151 5.67277 1
gene 2 44 4 0.668792 0 170 0.668792 1
genomeend 121

/* Organism #122 Fitness: 4.00072 Error: 1.99982 */
genomestart 122
trait 1 0.1 0 0 0 0 0 0.152856 0 
trait 2 1 0 0 0 0 0 0 0.537679 
trait 3 0.3 0 0 0 0 0 0 0 
node 1 1 1 3
node 2 1 1 1
node 3 1 1 1
node 4 1 0 2
node 23 1 0 0
node 40 1 0 0
node 44 1 0 0
node 57 1 0 0
gene 1 1 4 -0.345567 0 1 -0.345567 1
gene 1 2 4 3.40195 0 2 3.40195 0
gene 1 3 4 4.79093 0 3 4.79093 1
gene 1 2 23 6.21643 0 51 6.21643 1
gene 1 23 4 1.25211 0 52 1.25211 1
gene 1 1 23 -0.0273191 0 73 -0.0273191 1
gene 1 2 40 1.39149 0 99 1.39149 0
gene 1 40 23 0.262204 0 100 0.262204 1
gene 1 40 44 1.31425 0 107 1.31425 1
gene 1 44 23 -1.04468 0 108 -1.04468 1
gene 2 1 40 -0.237906 0 131 -0.237906 1
gene 1 3 23 -3.77638 0 135 -3.77638 1
gene 1 2 57 -0.253265 0 150 -0.253265 1
gene 1 57 40 5.67277 0 151 5.67277 1
gene 2 44 4 -2.57332 0 170 -2.57332 1
genomeend 122

/* Organism #123 Fitness: 4.00018 Error: 1.99996 */
genomestart 123
trait 1 0.1 0 0 0 0 0 0.152856 0 
trait 2 1 0 0 0 0 0 0 0.537679 
trait 3 0.3 0 0 0 0 0 0 0 
node 1 1 1 3
node 2 1 1 1
node 3 1 1 1
node 4 1 0 2
node 23 1 0 0
node 40 1 0 0
node 44 1 0 0
node 57 1 0 0
gene 1 1 4 -1.98789 0 1 -1.98789 1
gene 1 2 4 6.86201 0 2 6.86201 0
gene 1 3 4 5.71114 0 3 5.71114 1
gene 1 2 23 6.61495 0 51 6.61495 1
gene 1 23 4 4.72132 0 52 4.72132 1
gene 1 1 23 0.548489 0 73 0.548489 1
gene 1 2 40 2.93236 0 99 2.93236 0
gene 1 40 23 -0.05462 0 100 -0.05462 0
gene 1 40 44 2.58031 0 107 2.58031 1
gene 1 44 23 -0.583804 0 108 -0.583804 1
gene 2 1 40 3.65348 0 131 3.65348 1
gene 1 3 23 -8 0 135 -8 1
gene 1 2 57 -4.53706 0 150 -4.53706 1
gene 1 57 40 5.67277 0 151 5.67277 1
gene 2 44 4 1.86749 0 170 1.86749 1
genomeend 123

/* Species #16 : (Size 10) (AF 5.94402) (Age 5)  */


/* Organism #124 Fitness: 8.99995 Error: 1.00001 */
genomestart 124
trait 1 0.075 0.124872 0 0 0 0 0 0 
trait 2 0.2 0 0 0 0 0 0 0 
trait 3 0.3 0 0 0.0648137 0 0.0851702 0.0235701 0 
node 1 2 1 3
node 2 1 1 1
node 3 2 1 1
node 4 3 0 2
node 15 1 0 0
node 69 1 0 0
gene 1 1 4 2.50665 0 1 2.50665 1
gene 3 2 4 -3.22554 0 2 -3.22554 0
gene 3 3 4 0.47345 0 3 0.47345 0
gene 3 3 15 -3.94652 0 27 -3.94652 0
gene 3 15 4 -7.45447 0 28 -7.45447 1
gene 3 2 15 -1.82784 0 63 -1.82784 1
gene 1 1 15 2.19568 0 158 2.19568 1
gene 3 3 69 2.26993 0 192 2.26993 1
gene 3 69 15 -3.03908 0 193 -3.03908 1
genomeend 124

/* Organism #125 Fitness: 4.15951 Error: 1.96051 */
genomestart 125
trait 1 0.075 0.124872 0 0 0 0 0 0 
trait 2 0.2 0 0 0 0 0 0 0 
trait 3 0.3 0 0 0.0648137 0 0.0851702 0.0235701 0 
node 1 2 1 3
node 2 1 1 1
node 3 2 1 1
node 4 3 0 2
node 15 1 0 0
node 69 1 0 0
gene 1 1 4 0.388647 0 1 0.388647 1
gene 2 2 4 -2.38789 0 2 -2.38789 0
gene 3 3 4 1.06868 0 3 1.06868 0
gene 3 3 15 -1.41778 0 27 -1.41778 1
gene 3 15 4 -6.13583 0 28 -6.13583 1
gene 1 2 15 -0.891251 0 63 -0.891251 1
gene 1 1 15 0.937485 0 158 0.937485 1
gene 3 3 69 1.55459 0 192 1.55459 1
gene 3 69 15 -3.72103 0 193 -3.72103 1
genomeend 125

/* Organism #126 Fitness: 8.96985 Error: 1.00503 */
genomestart 126
trait 1 0.075 0.124872 0 0 0 0 0 0 
trait 2 0.2 0 0 0 0 0 0 0 
trait 3 0.3 0 0 0.0648137 0 0.0851702 0.0235701 0 
node 1 2 1 3
node 2 1 1 1
node 3 2 1 1
node 4 3 0 2
node 15 1 0 0
node 69 1 0 0
gene 1 1 4 1.87142 0 1 1.87142 1
gene 3 2 4 -5.18244 0 2 -5.18244 0
gene 3 3 4 1.63677 0 3 1.63677 0
gene 3 3 15 -4.27374 0 27 -4.27374 0
gene 3 15 4 -8 0 28 -8 1
gene 3 2 15 -4.22876 0 63 -4.22876 1
gene 1 1 15 1.48461 0 158 1.48461 1
gene 3 3 69 4.4005 0 192 4.4005 1
gene 3 69 15 -3.18771 0 193 -3.18771 1
genomeend 126

/* Organism #127 Fitness: 4.18392 Error: 1.95454 */
genomestart 127
trait 1 0.075 0.124872 0 0 0 0 0 0 
trait 2 0.2 0 0 0 0 0 0 0 
trait 3 0.3 0 0 0.0648137 0 0.0851702 0.0235701 0 
node 1 2 1 3
node 2 1 1 1
node 3 2 1 1
node 4 3 0 2
node 15 1 0 0
node 69 1 0 0
gene 1 1 4 1.05315 0 1 1.05315 1
gene 3 2 4 -1.11877 0 2 -1.11877 0
gene 3 3 4 -1.74956 0 3 -1.74956 0
gene 3 3 15 -6.3893 0 27 -6.3893 0
gene 3 15 4 -5.70755 0 28 -5.70755 1
gene 3 2 15 -1.36518 0 63 -1.36518 1
gene 1 1 15 2.19568 0 158 2.19568 1
gene 3 3 69 0.264535 0 192 0.264535 1
gene 3 69 15 -3.02821 0 193 -3.02821 1
genomeend 127

/* Organism #128 Fitness: 3.99999 Error: 2 */
genomestart 128
trait 1 0.075 0.124872 0 0 0 0 0 0 
trait 2 0.2 0 0 0 0 0 0 0 
trait 3 0.3 0 0 0.0648137 0 0.0851702 0.0235701 0 
node 1 2 1 3
node 2 1 1 1
node 3 2 1 1
node 4 3 0 2
node 15 1 0 0
node 69 1 0 0
gene 1 1 4 -1.63647 0 1 -1.63647 1
gene 3 2 4 -3.15154 0 2 -3.15154 0
gene 3 3 4 -1.38576 0 3 -1.38576 0
gene 3 3 15 -5.0881 0 27 -5.0881 0
gene 3 15 4 -8 0 28 -8 1
gene 3 2 15 -4.29095 0 63 -4.29095 1
gene 1 1 15 3.70203 0 158 3.70203 1
gene 3 3 69 1.61563 0 192 1.61563 1
gene 3 69 15 -2.36066 0 193 -2.36066 1
genomeend 128

/* Organism #129 Fitness: 4.00037 Error: 1.99991 */
genomestart 129
trait 1 0.075 0.124872 0 0 0 0 0 0 
trait 2 0.2 0 0 0 0 0 0 0 
trait 3 0.3 0 0 0.0648137 0 0.0851702 0.0235701 0 
node 1 2 1 3
node 2 1 1 1
node 3 2 1 1
node 4 3 0 2
node 15 1 0 0
node 69 1 0 0
gene 1 1 4 3.23623 0 1 3.23623 1
gene 3 2 4 -3.90606 0 2 -3.90606 0
gene 3 3 4 2.93281 0 3 2.93281 0
gene 3 3 15 -2.30752 0 27 -2.30752 0
gene 3 15 4 -8 0 28 -8 1
gene 3 2 15 0.543392 0 63 0.543392 1
gene 1 1 15 3.16566 0 158 3.16566 1
gene 3 3 69 2.54263 0 192 2.54263 1
gene 3 69 15 -3.0486 0 193 -3.0486 1
genomeend 129

/* Organism #130 Fitness: 4 Error: 2 */
genomestart 130
trait 1 0.075 0.124872 0 0 0 0 0 0 
trait 2 0.2 0 0 0 0 0 0 0 
trait 3 0.3 0 0 0.0648137 0 0.0851702 0.0235701 0 
node 1 2 1 3
node 2 3 1 1
node 3 2 1 1
node 4 3 0 2
node 15 1 0 0
node 69 1 0 0
gene 1 1 4 1.17623 0 1 1.17623 1
gene 2 2 4 -1.75845 0 2 -1.75845 0
gene 3 3 4 -2.03838 0 3 -2.03838 0
gene 3 3 15 -0.287467 0 27 -0.287467 0
gene 3 15 4 -8 0 28 -8 1
gene 3 2 15 -1.63873 0 63 -1.63873 1
gene 1 1 15 -0.310426 0 158 -0.310426 1
gene 3 3 69 4.3684 0 192 4.3684 1
gene 3 69 15 -5.90081 0 193 -5.90081 1
genomeend 130

/* Organism #131 Fitness: 8.99975 Error: 1.00004 */
genomestart 131
trait 1 0.075 0.124872 0 0 0 0 0 0 
trait 2 0.2 0 0 0 0 0 0 0 
trait 3 0.3 0 0 0.0648137 0 0.0851702 0.0235701 0 
node 1 2 1 3
node 2 1 1 1
node 3 2 1 1
node 4 3 0 2
node 15 1 0 0
node 69 1 0 0
gene 1 1 4 2.20148 0 1 2.20148 1
gene 3 2 4 -0.928841 0 2 -0.928841 0
gene 3 3 4 0.36918 0 3 0.36918 1
gene 3 3 15 -3.60394 0 27 -3.60394 1
gene 3 15 4 -8 0 28 -8 1
gene 3 2 15 -0.933461 0 63 -0.933461 1
gene 1 1 15 1.58768 0 158 1.58768 1
gene 3 3 69 2.94278 0 192 2.94278 1
gene 3 69 15 -2.9151 0 193 -2.9151 1
genomeend 131

/* Organism #132 Fitness: 8.98046 Error: 1.00326 */
genomestart 132
trait 1 0.075 0.124872 0 0 0 0 0 0 
trait 2 0.2 0 0 0 0 0 0 0 
trait 3 0.3 0 0 0.0648137 0 0.0851702 0.0235701 0 
node 1 2 1 3
node 2 1 1 1
node 3 2 1 1
node 4 3 0 2
node 15 1 0 0
node 69 1 0 0
gene 1 1 4 2.50665 0 1 2.50665 1
gene 3 2 4 -3.22554 0 2 -3.22554 1
gene 3 3 4 0.47345 0 3 0.47345 0
gene 3 3 15 -3.94652 0 27 -3.94652 1
gene 3 15 4 -7.45447 0 28 -7.45447 1
gene 3 2 15 -1.82784 0 63 -1.82784 1
gene 1 1 15 2.19568 0 158 2.19568 1
gene 3 3 69 2.26993 0 192 2.26993 1
gene 3 69 15 -3.03908 0 193 -3.03908 1
genomeend 132

/* Organism #133 Fitness: 3.14635 Error: 2.2262 */
genomestart 133
trait 1 0.075 0.124872 0 0 0 0 0 0 
trait 2 0.2 0 0 0 0 0 0 0 
trait 3 0.3 0 0 0.0648137 0 0.0851702 0.0235701 0 
node 1 2 1 3
node 2 1 1 1
node 3 3 1 1
node 4 3 0 2
node 15 1 0 0
node 69 1 0 0
gene 1 1 4 0.333891 0 1 0.333891 1
gene 2 2 4 -5.97358 0 2 -5.97358 0
gene 3 3 4 -2.57432 0 3 -2.57432 0
gene 3 3 15 -1.73535 0 27 -1.73535 0
gene 3 15 4 -6.32968 0 28 -6.32968 1
gene 3 2 15 -2.82765 0 63 -2.82765 1
gene 1 1 15 4.15356 0 158 4.15356 1
gene 3 3 69 4.43502 0 192 4.43502 1
gene 3 69 15 -1.79033 0 193 -1.79033 1
genomeend 133

/* Species #17 : (Size 16) (AF 6.56483) (Age 2)  */


/* Organism #134 Fitness: 8.96197 Error: 1.00635 */
genomestart 134
trait 1 0.05 0 0.46277 0.016976 0 0 0 0 
trait 2 0.2 0 0 0 0 0 0 0 
trait 3 0.19751 0 0.586344 0 0.514654 0.0345704 0.312949 0.498056 
node 1 3 1 3
node 2 3 1 1
node 3 2 1 1
node 4 1 0 2
node 8 1 0 0
node 76 1 0 0
gene 1 1 4 -6.53708 0 1 -6.53708 1
gene 3 2 4 4.51058 0 2 4.51058 0
gene 3 3 4 -8 0 3 -8 1
gene 3 2 8 4.45533 0 10 4.45533 1
gene 3 8 4 6.51102 0 11 6.51102 1
gene 3 2 76 1 0 216 0 1
gene 3 76 4 4.51058 0 217 0 1
genomeend 134

/* Organism #135 Fitness: 8.96197 Error: 1.00635 */
genomestart 135
trait 1 0.05 0 0.46277 0.016976 0 0 0 0 
trait 2 0.2 0 0 0 0 0 0 0 
trait 3 0.19751 0 0.586344 0 0.514654 0.0345704 0.312949 0.498056 
node 1 3 1 3
node 2 3 1 1
node 3 2 1 1
node 4 1 0 2
node 8 1 0 0
node 76 2 0 0
gene 1 1 4 -6.53708 0 1 -6.53708 1
gene 3 2 4 4.51058 0 2 4.51058 0
gene 3 3 4 -8 0 3 -8 1
gene 3 2 8 4.45533 0 10 4.45533 1
gene 3 8 4 6.51102 0 11 6.51102 1
gene 3 2 76 1 0 216 0 1
gene 3 76 4 4.51058 0 217 0 1
genomeend 135

/* Organism #136 Fitness: 7.59689 Error: 1.24375 */
genomestart 136
trait 1 0.05 0 0.46277 0.016976 0 0 0 0 
trait 2 0.2 0 0 0 0 0 0 0 
trait 3 0.19751 0 0.586344 0 0.514654 0.0345704 0.312949 0.498056 
node 1 3 1 3
node 2 3 1 1
node 3 2 1 1
node 4 1 0 2
node 8 1 0 0
node 76 1 0 0
gene 1 1 4 -6.0895 0 1 -6.0895 1
gene 3 2 4 5.734 0 2 5.734 0
gene 3 3 4 -8 0 3 -8 1
gene 3 2 8 2.51977 0 10 2.51977 1
gene 3 8 4 5.28872 0 11 5.28872 1
gene 3 2 76 -0.162742 0 216 -0.162742 1
gene 3 76 4 3.32838 0 217 3.32838 1
genomeend 136

/* Organism #137 Fitness: 8.99965 Error: 1.00006 */
genomestart 137
trait 1 0.05 0 0.46277 0.016976 0 0 0 0 
trait 2 0.2 0 0 0 0 0 0 0 
trait 3 0.19751 0 0.586344 0 0.514654 0.0345704 0.312949 0.498056 
node 1 3 1 3
node 2 3 1 1
node 3 2 1 1
node 4 1 0 2
node 8 1 0 0
node 76 1 0 0
gene 1 1 4 -7.45058 0 1 -7.45058 1
gene 3 2 4 3.1777 0 2 3.1777 0
gene 3 3 4 -8 0 3 -8 1
gene 3 2 8 6.36499 0 10 6.36499 1
gene 3 8 4 5.76421 0 11 5.76421 1
gene 3 2 76 1.29498 0 216 1.29498 1
gene 3 76 4 5.17451 0 217 5.17451 1
genomeend 137

/* Organism #138 Fitness: 4.00255 Error: 1.99936 */
genomestart 138
trait 1 0.05 0 0.46277 0.016976 0 0 0 0 
trait 2 0.2 0 0 0 0 0 0 0 
trait 3 0.19751 0 0.586344 0 0.514654 0.0345704 0.312949 0.498056 
node 1 3 1 3
node 2 3 1 1
node 3 2 1 1
node 4 1 0 2
node 8 1 0 0
node 76 1 0 0
gene 1 1 4 -5.61424 0 1 -5.61424 1
gene 3 2 4 4.81172 0 2 4.81172 0
gene 3 3 4 -8 0 3 -8 1
gene 3 2 8 2.58646 0 10 2.58646 1
gene 3 8 4 6.51102 0 11 6.51102 1
gene 3 2 76 2.48741 0 216 2.48741 1
gene 3 76 4 -2.39128 0 217 -2.39128 1
genomeend 138

/* Organism #139 Fitness: 4.2046 Error: 1.94949 */
genomestart 139
trait 1 0.05 0 0.46277 0.016976 0 0 0 0 
trait 2 0.2 0 0 0 0 0 0 0 
trait 3 0.19751 0 0.586344 0 0.514654 0.0345704 0.312949 0.498056 
node 1 3 1 3
node 2 3 1 1
node 3 2 1 1
node 4 1 0 2
node 8 1 0 0
node 76 1 0 0
gene 1 1 4 -6.83328 0 1 -6.83328 1
gene 3 2 4 6.03215 0 2 6.03215 0
gene 3 3 4 1.23064 0 3 1.23064 1
gene 3 2 8 3.4052 0 10 3.4052 1
gene 3 8 4 7.67563 0 11 7.67563 1
gene 3 2 76 2.82349 0 216 2.82349 1
gene 3 76 4 2.33916 0 217 2.33916 1
genomeend 139

/* Organism #140 Fitness: 3.99999 Error: 2 */
genomestart 140
trait 1 0.05 0 0.46277 0.016976 0 0 0 0 
trait 2 0.2 0 0 0 0 0 0 0 
trait 3 0 0.0573759 0.586344 0 0.514654 0 0 0.85378 
node 1 3 1 3
node 2 3 1 1
node 3 2 1 1
node 4 1 0 2
node 8 1 0 0
node 76 1 0 0
gene 1 1 4 -8 0 1 -8 1
gene 3 2 4 5.62704 0 2 5.62704 0
gene 3 3 4 -6.07938 0 3 -6.07938 1
gene 3 2 8 2.8589 0 10 2.8589 1
gene 3 8 4 4.09213 0 11 4.09213 1
gene 3 2 76 -0.615292 0 216 -0.615292 1
gene 3 76 4 6.51416 0 217 6.51416 1
genomeend 140

/* Organism #141 Fitness: 7.8049 Error: 1.20627 */
genomestart 141
trait 1 0.05 0 0.46277 0.016976 0 0 0 0 
trait 2 0.2 0 0 0 0 0 0 0 
trait 3 0.19751 0 0.586344 0 0.514654 0.0345704 0.312949 0.498056 
node 1 3 1 3
node 2 3 1 1
node 3 2 1 1
node 4 1 0 2
node 8 1 0 0
node 76 1 0 0
gene 1 1 4 -6.23145 0 1 -6.23145 1
gene 3 2 4 3.61346 0 2 3.61346 0
gene 3 3 4 -8 0 3 -8 1
gene 3 2 8 5.98698 0 10 5.98698 1
gene 3 8 4 6.60702 0 11 6.60702 1
gene 3 2 76 -1.33005 0 216 -1.33005 1
gene 3 76 4 4.83126 0 217 4.83126 1
genomeend 141

/* Organism #142 Fitness: 1.0004 Error: 2.9998 */
genomestart 142
trait 1 0.05 0 0.46277 0.016976 0 0 0 0 
trait 2 0.2 0 0 0 0 0 0 0 
trait 3 0 0.665085 0 0 0 0 0.472065 0.210668 
node 1 3 1 3
node 2 3 1 1
node 3 2 1 1
node 4 1 0 2
node 8 1 0 0
node 76 1 0 0
gene 1 1 4 -4.25908 0 1 -4.25908 1
gene 3 2 4 3.02981 0 2 3.02981 0
gene 3 3 4 -8 0 3 -8 1
gene 3 2 8 3.41837 0 10 3.41837 1
gene 3 8 4 8 0 11 8 1
gene 3 2 76 0.665582 0 216 0.665582 1
gene 3 76 4 6.21681 0 217 6.21681 1
genomeend 142

/* Organism #143 Fitness: 8.96197 Error: 1.00635 */
genomestart 143
trait 1 0.05 0 0.46277 0.016976 0 0 0 0 
trait 2 0.2 0 0 0 0 0 0 0 
trait 3 0.19751 0 0.586344 0 0.514654 0.0345704 0.312949 0.498056 
node 1 3 1 3
node 2 3 1 1
node 3 2 1 1
node 4 1 0 2
node 8 1 0 0
node 76 1 0 0
gene 1 1 4 -6.53708 0 1 -6.53708 1
gene 3 2 4 4.51058 0 2 4.51058 0
gene 3 3 4 -8 0 3 -8 1
gene 3 2 8 4.45533 0 10 4.45533 1
gene 3 8 4 6.51102 0 11 6.51102 1
gene 3 2 76 1 0 216 0 1
gene 3 76 4 4.51058 0 217 0 1
genomeend 143

/* Organism #144 Fitness: 8.96197 Error: 1.00635 */
genomestart 144
trait 1 0.05 0 0.46277 0.016976 0 0 0 0 
trait 2 0.2 0 0 0 0 0 0 0 
trait 3 0.19751 0 0.586344 0 0.514654 0.0345704 0.312949 0.498056 
node 1 3 1 3
node 2 3 1 1
node 3 2 1 1
node 4 1 0 2
node 8 1 0 0
node 76 1 0 0
gene 1 1 4 -6.53708 0 1 -6.53708 1
gene 3 2 4 4.51058 0 2 4.51058 0
gene 3 3 4 -8 0 3 -8 1
gene 3 2 8 4.45533 0 10 4.45533 1
gene 3 8 4 6.51102 0 11 6.51102 1
gene 3 2 76 1 0 216 0 1
gene 3 76 4 4.51058 0 217 0 1
genomeend 144

/* Organism #145 Fitness: 8.99994 Error: 1.00001 */
genomestart 145
trait 1 0.05 0 0.46277 0.016976 0 0 0 0 
trait 2 0.2 0 0 0 0 0 0 0 
trait 3 0.19751 0 0.586344 0 0.514654 0.0345704 0.312949 0.498056 
node 1 3 1 3
node 2 3 1 1
node 3 2 1 1
node 4 1 0 2
node 8 1 0 0
node 76 1 0 0
gene 1 1 4 -7.57633 0 1 -7.57633 1
gene 3 2 4 4.59856 0 2 4.59856 0
gene 3 3 4 -8 0 3 -8 1
gene 3 2 8 3.44308 0 10 3.44308 1
gene 3 8 4 6.82996 0 11 6.82996 1
gene 3 2 76 1.16896 0 216 1.16896 1
gene 3 76 4 3.16889 0 217 3.16889 1
genomeend 145

/* Organism #146 Fitness: 8.99996 Error: 1.00001 */
genomestart 146
trait 1 0.05 0 0.46277 0.016976 0 0 0 0 
trait 2 0.2 0 0 0 0 0 0 0 
trait 3 0.19751 0 0.586344 0 0.514654 0.0345704 0.312949 0.498056 
node 1 3 1 3
node 2 3 1 1
node 3 2 1 1
node 4 1 0 2
node 8 1 0 0
node 76 1 0 0
gene 1 1 4 -7.97334 0 1 -7.97334 1
gene 3 2 4 4.49492 0 2 4.49492 0
gene 3 3 4 -6.49349 0 3 -6.49349 1
gene 3 2 8 6.28079 0 10 6.28079 1
gene 3 8 4 8 0 11 8 1
gene 3 2 76 1.70527 0 216 1.70527 1
gene 3 76 4 3.05043 0 217 3.05043 1
genomeend 146

/* Organism #147 Fitness: 3.44477 Error: 2.14399 */
genomestart 147
trait 1 0.05 0 0.46277 0.016976 0 0 0 0 
trait 2 0.2 0 0 0 0 0 0 0 
trait 3 0.19751 0 0.586344 0 0.514654 0.0345704 0.312949 0.498056 
node 1 3 1 3
node 2 3 1 1
node 3 2 1 1
node 4 1 0 2
node 8 1 0 0
node 76 1 0 0
gene 1 1 4 -5.95426 0 1 -5.95426 1
gene 3 2 4 6.87698 0 2 6.87698 0
gene 3 3 4 -8 0 3 -8 1
gene 3 2 8 4.37192 0 10 4.37192 1
gene 3 8 4 7.93073 0 11 7.93073 1
gene 3 2 76 1.92375 0 216 1.92375 1
gene 3 76 4 5.68526 0 217 5.68526 1
genomeend 147

/* Organism #148 Fitness: 6.1307 Error: 1.52397 */
genomestart 148
trait 1 0.05 0 0.46277 0.016976 0 0 0 0 
trait 2 0.2 0 0 0 0 0 0 0 
trait 3 0.19751 0 0.586344 0 0.514654 0.0345704 0.312949 0.498056 
node 1 3 1 3
node 2 3 1 1
node 3 2 1 1
node 4 1 0 2
node 8 1 0 0
node 76 1 0 0
gene 1 1 4 -0.770746 0 1 -0.770746 1
gene 3 2 4 2.98552 0 2 2.98552 0
gene 3 3 4 -6.51537 0 3 -6.51537 1
gene 3 2 8 0.40434 0 10 0.40434 1
gene 3 8 4 7.62023 0 11 7.62023 1
gene 3 2 76 -1.46353 0 216 -1.46353 1
gene 3 76 4 7.00302 0 217 7.00302 1
genomeend 148

/* Organism #149 Fitness: 4.00508 Error: 1.99873 */
genomestart 149
trait 1 0.05 0 0.46277 0.016976 0 0 0 0 
trait 2 0.2 0 0 0 0 0 0 0 
trait 3 0.324307 0.985341 0.586344 0 0.762991 0.0345704 0.312949 0.498056 
node 1 3 1 3
node 2 3 1 1
node 3 2 1 1
node 4 1 0 2
node 8 1 0 0
node 76 1 0 0
gene 1 1 4 -8 0 1 -8 1
gene 3 2 4 2.50205 0 2 2.50205 0
gene 3 3 4 -5.50458 0 3 -5.50458 1
gene 3 2 8 6.65012 0 10 6.65012 1
gene 3 8 4 0.973042 0 11 0.973042 1
gene 3 2 76 0.522043 0 216 0.522043 1
gene 3 76 4 6.10667 0 217 6.10667 1
genomeend 149
