
/* Species #2 : (Size 11) (AF 7.27294) (Age 35)  */


/* Organism #0 Fitness: 9 Error: 1 */
genomestart 0
trait 1 0.05 0 0.851585 0 0.355643 0 0 0 
trait 2 0.199219 0 0.00119272 0 0 0 0.0178112 0.00247327 
trait 3 0.588629 0 0 0 0.00350868 0 0.00567623 0.385149 
node 1 2 1 3
node 2 2 1 1
node 3 1 1 1
node 4 3 0 2
node 7 1 0 0
gene 2 1 4 -5.94401 0 1 -5.94401 1
gene 2 2 4 7.92409 0 2 7.92409 1
gene 2 3 4 -8 0 3 -8 1
gene 2 2 7 5.18786 0 8 5.18786 1
gene 2 7 4 4.81903 0 9 4.81903 1
gene 2 1 7 -2.63275 0 72 -2.63275 1
gene 2 3 7 -4.80075 0 187 -4.80075 1
genomeend 0

/* Organism #1 Fitness: 8.99997 Error: 1.00001 */
genomestart 1
trait 1 0.0375 0 0.851585 0 0.355643 0 0 0 
trait 2 0.199219 0 0.00119272 0 0 0 0.0178112 0.00247327 
trait 3 0.588629 0 0 0 0.00350868 0 0.00567623 0.385149 
node 1 2 1 3
node 2 2 1 1
node 3 1 1 1
node 4 3 0 2
node 7 1 0 0
node 109 1 0 0
gene 2 1 4 -5.58605 0 1 -5.58605 1
gene 2 2 4 7.92409 0 2 7.92409 1
gene 2 3 4 -7.60796 0 3 -7.60796 1
gene 2 2 7 6.08678 0 8 6.08678 1
gene 2 7 4 5.15043 0 9 5.15043 0
gene 1 1 7 -0.519988 0 72 -0.519988 1
gene 2 3 7 -6.53232 0 187 -6.53232 1
gene 2 7 109 1 0 314 0 1
gene 2 109 4 5.15043 0 315 0 1
genomeend 1

/* Organism #2 Fitness: 1.00002 Error: 2.99999 */
genomestart 2
trait 1 0.05 0 0.851585 0 0.355643 0 0 0 
trait 2 0.199219 0 0.00119272 0 0 0 0.0178112 0.00247327 
trait 3 0.588629 0 0 0 0.00350868 0 0.00567623 0.385149 
node 1 2 1 3
node 2 2 1 1
node 3 1 1 1
node 4 3 0 2
node 7 1 0 0
gene 2 1 4 -0.649918 0 1 -0.649918 1
gene 2 2 4 7.95558 0 2 7.95558 1
gene 2 3 4 -7.89805 0 3 -7.89805 1
gene 2 2 7 4.22678 0 8 4.22678 1
gene 2 7 4 3.15722 0 9 3.15722 1
gene 2 1 7 2.0403 0 72 2.0403 1
gene 2 3 7 -4.36596 0 187 -4.36596 1
genomeend 2

/* Organism #3 Fitness: 9 Error: 1 */
genomestart 3
trait 1 0.53476 0 0.851585 0.752203 1 0.381063 0 0 
trait 2 0.199219 0 0.00119272 0 0 0 0.0178112 0.00247327 
trait 3 0.588629 0 0 0 0.00350868 0 0.00567623 0.385149 
node 1 2 1 3
node 2 2 1 1
node 3 1 1 1
node 4 3 0 2
node 7 1 0 0
gene 2 1 4 -4.9085 0 1 -4.9085 1
gene 2 2 4 6.37392 0 2 6.37392 1
gene 2 3 4 -8 0 3 -8 1
gene 2 2 7 3.71413 0 8 3.71413 1
gene 2 7 4 3.48884 0 9 3.48884 1
gene 2 1 7 -0.158378 0 72 -0.158378 1
gene 2 3 7 -3.74778 0 187 -3.74778 1
genomeend 3

/* Organism #4 Fitness: 8.99935 Error: 1.00011 */
genomestart 4
trait 1 0.0375 0 0.851585 0 0.355643 0 0 0 
trait 2 0.199219 0 0.00119272 0 0 0 0.0178112 0.00247327 
trait 3 0.588629 0 0 0 0.00350868 0 0.00567623 0.385149 
node 1 2 1 3
node 2 2 1 1
node 3 1 1 1
node 4 3 0 2
node 7 1 0 0
gene 2 1 4 -7.23471 0 1 -7.23471 1
gene 2 2 4 5.18017 0 2 5.18017 1
gene 2 3 4 -8 0 3 -8 1
gene 2 2 7 7.38495 0 8 7.38495 1
gene 2 7 4 3.9096 0 9 3.9096 1
gene 1 1 7 -3.94838 0 72 -3.94838 1
gene 2 3 7 -7.19768 0 187 -7.19768 1
genomeend 4

/* Organism #5 Fitness: 9 Error: 1 */
genomestart 5
trait 1 0.05 0 0.851585 0 0.355643 0 0 0 
trait 2 0.199219 0 0.00119272 0 0 0 0.0178112 0.00247327 
trait 3 0.588629 0 0 0 0.00350868 0 0.00567623 0.385149 
node 1 2 1 3
node 2 2 1 1
node 3 1 1 1
node 4 3 0 2
node 7 1 0 0
gene 2 1 4 -6.35687 0 1 -6.35687 1
gene 2 2 4 6.62062 0 2 6.62062 1
gene 2 3 4 -8 0 3 -8 1
gene 2 2 7 4.26841 0 8 4.26841 1
gene 2 7 4 4.81903 0 9 4.81903 1
gene 2 1 7 -2.41903 0 72 -2.41903 1
gene 2 3 7 -3.79999 0 187 -3.79999 1
genomeend 5

/* Organism #6 Fitness: 3.99371 Error: 2.00157 */
genomestart 6
trait 1 0.025 0 0.851585 0 0.355643 0 0 0 
trait 2 0.199219 0 0.00119272 0 0 0 0.0178112 0.00247327 
trait 3 0.588629 0 0 0 0.00350868 0 0.00567623 0.385149 
node 1 2 1 3
node 2 2 1 1
node 3 1 1 1
node 4 3 0 2
node 7 1 0 0
gene 2 1 4 -4.48885 0 1 -4.48885 1
gene 2 2 4 1.08754 0 2 1.08754 1
gene 2 3 4 2.0883 0 3 2.0883 1
gene 2 2 7 5.22614 0 8 5.22614 1
gene 2 7 4 7.22719 0 9 7.22719 1
gene 2 1 7 -5.95287 0 72 -5.95287 1
gene 2 3 7 -0.830182 0 187 -0.830182 1
genomeend 6

/* Organism #7 Fitness: 8.93659 Error: 1.01059 */
genomestart 7
trait 1 0.025 0 0.851585 0 0.355643 0 0 0 
trait 2 0.199219 0 0.00119272 0 0 0 0.0178112 0.00247327 
trait 3 0.588629 0 0 0 0.00350868 0 0.00567623 0.385149 
node 1 2 1 3
node 2 2 1 1
node 3 1 1 1
node 4 3 0 2
node 7 1 0 0
gene 2 1 4 -8 0 1 -8 1
gene 2 2 4 5.56132 0 2 5.56132 1
gene 2 3 4 -8 0 3 -8 1
gene 2 2 7 6.00036 0 8 6.00036 1
gene 2 7 4 3.36014 0 9 3.36014 1
gene 2 1 7 -1.06272 0 72 -1.06272 1
gene 2 3 7 0.0610088 0 187 0.0610088 1
genomeend 7

/* Organism #8 Fitness: 4 Error: 2 */
genomestart 8
trait 1 0.0375 0 0.851585 0 0.355643 0 0 0 
trait 2 0.199219 0 0.00119272 0 0 0 0.0178112 0.00247327 
trait 3 0.588629 0 0 0 0.00350868 0 0.00567623 0.385149 
node 1 2 1 3
node 2 2 1 1
node 3 1 1 1
node 4 3 0 2
node 7 1 0 0
gene 2 1 4 -7.85721 0 1 -7.85721 1
gene 2 2 4 0.475916 0 2 0.475916 1
gene 2 3 4 -8 0 3 -8 1
gene 2 2 7 6.21679 0 8 6.21679 1
gene 2 7 4 3.59976 0 9 3.59976 1
gene 2 1 7 -3.92743 0 72 -3.92743 1
gene 2 3 7 -2.37707 0 187 -2.37707 1
genomeend 8

/* Organism #9 Fitness: 9 Error: 1 */
genomestart 9
trait 1 0.05 0 0.851585 0 0.355643 0 0 0 
trait 2 0.199219 0 0.00119272 0 0 0 0.0178112 0.00247327 
trait 3 0.588629 0 0 0 0.00350868 0 0.00567623 0.385149 
node 1 2 1 3
node 2 2 1 1
node 3 1 1 1
node 4 3 0 2
node 7 1 0 0
gene 2 1 4 -5.94401 0 1 -5.94401 1
gene 2 2 4 7.92409 0 2 7.92409 1
gene 2 3 4 -8 0 3 -8 1
gene 2 2 7 5.18786 0 8 5.18786 1
gene 2 7 4 4.81903 0 9 4.81903 1
gene 2 1 7 -2.63275 0 72 -2.63275 1
gene 2 3 7 -4.80075 0 187 -4.80075 1
genomeend 9

/* Organism #10 Fitness: 8.07267 Error: 1.15875 */
genomestart 10
trait 1 0 0 0.65919 0 0.332738 0 0 0.461291 
trait 2 0.199219 0 0.00119272 0 0 0 0.0178112 0.00247327 
trait 3 0.588629 0 0 0 0.00350868 0 0.00567623 0.385149 
node 1 2 1 3
node 2 2 1 1
node 3 1 1 1
node 4 3 0 2
node 7 1 0 0
gene 2 1 4 -6.49805 0 1 -6.49805 1
gene 2 2 4 3.61633 0 2 3.61633 1
gene 2 3 4 -8 0 3 -8 1
gene 2 2 7 5.8864 0 8 5.8864 1
gene 2 7 4 5.71954 0 9 5.71954 1
gene 2 1 7 -5.83491 0 72 -5.83491 1
gene 2 3 7 -2.65106 0 187 -2.65106 1
genomeend 10

/* Species #3 : (Size 10) (AF 7.49185) (Age 35)  */


/* Organism #11 Fitness: 9 Error: 1 */
genomestart 11
trait 1 0.1 0 0 0 0 0 0 0 
trait 2 0.1875 0 0.0190835 0.0841241 0 0 0.0425125 0.0728246 
trait 3 0.230971 0 0 0 0.0280694 0 0.0908197 0.112427 
node 1 2 1 3
node 2 3 1 1
node 3 3 1 1
node 4 3 0 2
node 6 1 0 0
gene 2 1 4 -5.41908 0 1 -5.41908 1
gene 2 2 4 8 0 2 8 1
gene 1 3 4 -8 0 3 -8 1
gene 1 3 6 -3.97606 0 6 -3.97606 1
gene 2 6 4 2.36173 0 7 2.36173 1
gene 3 2 6 0.596065 0 236 0.596065 1
genomeend 11

/* Organism #12 Fitness: 9 Error: 1 */
genomestart 12
trait 1 0.1 0 0 0 0 0 0 0 
trait 2 0.09375 0 0.0190835 0.0841241 0.3496 0 0.156805 0.0469551 
trait 3 0.230971 0 0 0 0.0280694 0 0.0908197 0.112427 
node 1 1 1 3
node 2 3 1 1
node 3 3 1 1
node 4 3 0 2
node 6 1 0 0
gene 2 1 4 -5.41908 0 1 -5.41908 1
gene 2 2 4 8 0 2 8 1
gene 1 3 4 -8 0 3 -8 1
gene 1 3 6 -3.97606 0 6 -3.97606 1
gene 2 6 4 2.36173 0 7 2.36173 1
gene 3 2 6 0.596065 0 236 0.596065 1
genomeend 12

/* Organism #13 Fitness: 4.77979 Error: 1.81373 */
genomestart 13
trait 1 0.1 0 0 0 0 0 0 0 
trait 2 0.140625 0 0.0190835 0.0841241 0.1748 0 0.0996585 0.0598899 
trait 3 0.230971 0 0 0 0.0280694 0 0.0908197 0.112427 
node 1 2 1 3
node 2 3 1 1
node 3 3 1 1
node 4 3 0 2
node 6 1 0 0
gene 2 1 4 -7.47983 0 1 -7.47983 1
gene 2 2 4 6.51138 0 2 6.51138 1
gene 1 3 4 -6.93455 0 3 -6.93455 1
gene 1 3 6 -5.64276 0 6 -5.64276 1
gene 2 6 4 1.64 0 7 1.64 1
gene 3 2 6 -0.075637 0 236 -0.075637 1
genomeend 13

/* Organism #14 Fitness: 9 Error: 1 */
genomestart 14
trait 1 0.1 0 0 0 0 0 0 0 
trait 2 0.1875 0 0.0190835 0.0841241 0 0 0.0425125 0.0728246 
trait 3 0.230971 0 0 0 0.0280694 0 0.0908197 0.112427 
node 1 2 1 3
node 2 3 1 1
node 3 3 1 1
node 4 3 0 2
node 6 1 0 0
gene 2 1 4 -3.32659 0 1 -3.32659 1
gene 2 2 4 8 0 2 8 1
gene 1 3 4 -8 0 3 -8 1
gene 1 3 6 -5.03051 0 6 -5.03051 1
gene 2 6 4 0.596946 0 7 0.596946 1
gene 3 2 6 0.292803 0 236 0.292803 1
genomeend 14

/* Organism #15 Fitness: 8.99934 Error: 1.00011 */
genomestart 15
trait 1 0.1 0 0 0 0 0 0 0 
trait 2 0.1875 0 0.0190835 0.0841241 0 0 0.0425125 0.0728246 
trait 3 0.230971 0 0 0 0.0280694 0 0.0908197 0.112427 
node 1 2 1 3
node 2 3 1 1
node 3 3 1 1
node 4 3 0 2
node 6 1 0 0
gene 2 1 4 -5.48356 0 1 -5.48356 1
gene 2 2 4 8 0 2 8 1
gene 1 3 4 -6.46163 0 3 -6.46163 1
gene 1 3 6 0.492829 0 6 0.492829 1
gene 2 6 4 2.09773 0 7 2.09773 1
gene 3 2 6 0.756912 0 236 0.756912 1
genomeend 15

/* Organism #16 Fitness: 9 Error: 1 */
genomestart 16
trait 1 0.1 0 0 0 0 0 0 0 
trait 2 0.1875 0 0.0190835 0.0841241 0 0 0.0425125 0.0728246 
trait 3 0.230971 0 0 0 0.0280694 0 0.0908197 0.112427 
node 1 2 1 3
node 2 3 1 1
node 3 3 1 1
node 4 3 0 2
node 6 1 0 0
gene 2 1 4 -5.88045 0 1 -5.88045 1
gene 2 2 4 8 0 2 8 1
gene 1 3 4 -8 0 3 -8 1
gene 1 3 6 -6.06508 0 6 -6.06508 1
gene 2 6 4 0.937028 0 7 0.937028 1
gene 3 2 6 3.00771 0 236 3.00771 1
genomeend 16

/* Organism #17 Fitness: 9 Error: 1 */
genomestart 17
trait 1 0.1 0 0 0 0 0 0 0 
trait 2 0.140625 0 0.0190835 0.0841241 0.1748 0 0.0996585 0.0598899 
trait 3 0.230971 0 0 0 0.0280694 0 0.0908197 0.112427 
node 1 1 1 3
node 2 3 1 1
node 3 3 1 1
node 4 3 0 2
node 6 1 0 0
gene 2 1 4 -5.41908 0 1 -5.41908 1
gene 2 2 4 8 0 2 8 1
gene 1 3 4 -8 0 3 -8 1
gene 1 3 6 -3.97606 0 6 -3.97606 1
gene 2 6 4 2.36173 0 7 2.36173 1
gene 3 2 6 0.596065 0 236 0.596065 1
gene 1 1 6 0.00367279 0 316 0.00367279 1
genomeend 17

/* Organism #18 Fitness: 4 Error: 2 */
genomestart 18
trait 1 0.1 0 0 0 0 0 0 0 
trait 2 0.1875 0 0.0190835 0.0841241 0 0 0.0425125 0.0728246 
trait 3 0.230971 0 0 0 0.0280694 0 0.0908197 0.112427 
node 1 2 1 3
node 2 3 1 1
node 3 3 1 1
node 4 3 0 2
node 6 1 0 0
gene 2 1 4 -5.19781 0 1 -5.19781 1
gene 2 2 4 -0.844762 0 2 -0.844762 1
gene 1 3 4 -8 0 3 -8 1
gene 1 3 6 -1.57698 0 6 -1.57698 1
gene 2 6 4 1.13933 0 7 1.13933 1
gene 3 2 6 0.129877 0 236 0.129877 1
genomeend 18

/* Organism #19 Fitness: 3.17121 Error: 2.21921 */
genomestart 19
trait 1 0.1 0 0 0 0 0 0 0 
trait 2 0.09375 0 0.0190835 0.0841241 0.3496 0 0.156805 0.0469551 
trait 3 0.230971 0 0 0 0.0280694 0 0.0908197 0.112427 
node 1 1 1 3
node 2 3 1 1
node 3 3 1 1
node 4 3 0 2
node 6 1 0 0
gene 2 1 4 0.47433 0 1 0.47433 1
gene 2 2 4 -0.304207 0 2 -0.304207 1
gene 1 3 4 -8 0 3 -8 1
gene 1 3 6 -1.83624 0 6 -1.83624 1
gene 2 6 4 0.110433 0 7 0.110433 1
gene 3 2 6 -0.394864 0 236 -0.394864 1
genomeend 19

/* Organism #20 Fitness: 8.96813 Error: 1.00532 */
genomestart 20
trait 1 0.1 0 0 0 0 0 0 0 
trait 2 0.1875 0 0.0190835 0.0841241 0 0 0.0425125 0.0728246 
trait 3 0.230971 0 0 0 0.0280694 0 0.0908197 0.112427 
node 1 2 1 3
node 2 3 1 1
node 3 3 1 1
node 4 3 0 2
node 6 1 0 0
gene 2 1 4 -7.73067 0 1 -7.73067 1
gene 2 2 4 7.62758 0 2 7.62758 1
gene 1 3 4 -7.33297 0 3 -7.33297 1
gene 1 3 6 -4.94521 0 6 -4.94521 1
gene 2 6 4 1.16554 0 7 1.16554 1
gene 3 2 6 1.99753 0 236 1.99753 1
genomeend 20

/* Species #4 : (Size 10) (AF 5.27398) (Age 34)  */


/* Organism #21 Fitness: 9 Error: 1 */
genomestart 21
trait 1 0.1 0 0 0 0 0 0 0 
trait 2 0.2 0 0.0204581 0 0.0263871 0 0 0 
trait 3 0.567337 0 0.384777 0 0 0 0.320008 0 
node 1 2 1 3
node 2 3 1 1
node 3 1 1 1
node 4 2 0 2
node 9 1 0 0
gene 3 1 4 -4.03502 0 1 -4.03502 1
gene 1 2 4 2.48884 0 2 2.48884 1
gene 2 3 4 -5.67097 0 3 -5.67097 1
gene 1 2 9 2.19954 0 12 2.19954 1
gene 3 9 4 7.92094 0 13 7.92094 1
gene 3 1 9 -1.76509 0 81 -1.76509 1
gene 3 3 9 -1.55081 0 110 -1.55081 1
genomeend 21

/* Organism #22 Fitness: 2.03551 Error: 2.57329 */
genomestart 22
trait 1 0.1 0 0 0 0 0 0 0 
trait 2 0.2 0 0.0204581 0 0.0263871 0 0 0 
trait 3 0.567337 0 0.384777 0 0 0 0.320008 0 
node 1 2 1 3
node 2 3 1 1
node 3 1 1 1
node 4 2 0 2
node 9 1 0 0
gene 3 1 4 -2.51049 0 1 -2.51049 1
gene 1 2 4 1.20532 0 2 1.20532 1
gene 2 3 4 -6.60471 0 3 -6.60471 1
gene 1 2 9 4.19719 0 12 4.19719 1
gene 3 9 4 8 0 13 8 1
gene 3 1 9 0.32068 0 81 0.32068 1
gene 3 3 9 -3.38529 0 110 -3.38529 1
genomeend 22

/* Organism #23 Fitness: 2.91707 Error: 2.29206 */
genomestart 23
trait 1 0.1 0 0 0 0 0 0 0 
trait 2 0.2 0 0.0204581 0 0.0263871 0 0 0 
trait 3 0.567337 0 0.384777 0 0 0 0.320008 0 
node 1 2 1 3
node 2 3 1 1
node 3 1 1 1
node 4 2 0 2
node 9 1 0 0
gene 3 1 4 0.0110233 0 1 0.0110233 1
gene 1 2 4 3.54781 0 2 3.54781 1
gene 2 3 4 -3.30367 0 3 -3.30367 1
gene 1 2 9 3.2496 0 12 3.2496 1
gene 3 9 4 8 0 13 8 1
gene 3 1 9 -2.4031 0 81 -2.4031 1
gene 3 3 9 -3.77918 0 110 -3.77918 1
genomeend 23

/* Organism #24 Fitness: 3.99997 Error: 2.00001 */
genomestart 24
trait 1 0.1 0 0 0 0 0 0 0 
trait 2 0.2 0 0.0204581 0 0.0263871 0 0 0 
trait 3 0.567337 0 0.384777 0 0 0 0.320008 0 
node 1 2 1 3
node 2 3 1 1
node 3 1 1 1
node 4 1 0 2
node 9 1 0 0
gene 3 1 4 1.29498 0 1 1.29498 1
gene 1 2 4 4.21108 0 2 4.21108 1
gene 2 3 4 0.929383 0 3 0.929383 1
gene 1 2 9 3.56594 0 12 3.56594 1
gene 3 9 4 8 0 13 8 1
gene 3 1 9 -0.0627085 0 81 -0.0627085 1
gene 3 3 9 -0.714253 0 110 -0.714253 1
genomeend 24

/* Organism #25 Fitness: 4.7323 Error: 1.82461 */
genomestart 25
trait 1 0.1 0 0 0 0 0 0 0 
trait 2 0.2 0 0.0204581 0 0.0263871 0 0 0 
trait 3 0.567337 0 0.384777 0 0 0 0.320008 0 
node 1 2 1 3
node 2 3 1 1
node 3 1 1 1
node 4 2 0 2
node 9 1 0 0
gene 3 1 4 -1.63673 0 1 -1.63673 1
gene 1 2 4 0.839111 0 2 0.839111 1
gene 2 3 4 -5.67097 0 3 -5.67097 1
gene 1 2 9 0.983827 0 12 0.983827 1
gene 3 9 4 5.80574 0 13 5.80574 1
gene 3 1 9 -0.138275 0 81 -0.138275 1
gene 3 3 9 -1.35513 0 110 -1.35513 1
genomeend 25

/* Organism #26 Fitness: 4.01125 Error: 1.99719 */
genomestart 26
trait 1 0.1 0 0 0 0 0 0 0 
trait 2 0.2 0 0.0204581 0 0.0263871 0 0 0 
trait 3 0.567337 0 0.384777 0 0 0 0.320008 0 
node 1 2 1 3
node 2 3 1 1
node 3 1 1 1
node 4 2 0 2
node 9 1 0 0
gene 3 1 4 -4.57759 0 1 -4.57759 1
gene 1 2 4 3.13687 0 2 3.13687 1
gene 2 3 4 -3.70176 0 3 -3.70176 1
gene 1 2 9 1.79395 0 12 1.79395 1
gene 3 9 4 8 0 13 8 1
gene 3 1 9 -2.49275 0 81 -2.49275 1
gene 3 3 9 0.327092 0 110 0.327092 1
genomeend 26

/* Organism #27 Fitness: 4.04593 Error: 1.98855 */
genomestart 27
trait 1 0.1 0 0 0 0 0 0 0 
trait 2 0.2 0 0.0204581 0 0.0263871 0 0 0 
trait 3 0.567337 0 0.384777 0 0 0 0.320008 0 
node 1 2 1 3
node 2 3 1 1
node 3 1 1 1
node 4 2 0 2
node 9 1 0 0
gene 3 1 4 -2.67431 0 1 -2.67431 1
gene 1 2 4 -0.910184 0 2 -0.910184 1
gene 2 3 4 -5.67097 0 3 -5.67097 1
gene 1 2 9 2.19954 0 12 2.19954 1
gene 3 9 4 8 0 13 8 1
gene 3 1 9 -0.0433984 0 81 -0.0433984 1
gene 3 3 9 -1.55081 0 110 -1.55081 1
genomeend 27

/* Organism #28 Fitness: 9 Error: 1 */
genomestart 28
trait 1 0.1 0 0 0 0 0 0 0 
trait 2 0.2 0 0.0204581 0 0.0263871 0 0 0 
trait 3 0.567337 0 0.384777 0 0 0 0.320008 0 
node 1 2 1 3
node 2 3 1 1
node 3 1 1 1
node 4 2 0 2
node 9 1 0 0
gene 3 1 4 -4.03502 0 1 -4.03502 1
gene 1 2 4 2.48884 0 2 2.48884 1
gene 2 3 4 -5.67097 0 3 -5.67097 1
gene 1 2 9 2.19954 0 12 2.19954 1
gene 3 9 4 7.92094 0 13 7.92094 1
gene 3 1 9 -1.76509 0 81 -1.76509 1
gene 3 3 9 -1.55081 0 110 -1.55081 1
genomeend 28

/* Organism #29 Fitness: 8.99777 Error: 1.00037 */
genomestart 29
trait 1 0.1 0 0 0 0 0 0 0 
trait 2 0.2 0 0.0204581 0 0.0263871 0 0 0 
trait 3 0.567337 0 0.384777 0 0 0 0.320008 0 
node 1 2 1 3
node 2 3 1 1
node 3 1 1 1
node 4 2 0 2
node 9 1 0 0
gene 3 1 4 -2.65952 0 1 -2.65952 1
gene 1 2 4 4.15869 0 2 4.15869 1
gene 2 3 4 -7.68052 0 3 -7.68052 1
gene 1 2 9 1.51118 0 12 1.51118 1
gene 3 9 4 8 0 13 8 1
gene 3 1 9 -0.822844 0 81 -0.822844 1
gene 3 3 9 -0.629528 0 110 -0.629528 1
genomeend 29

/* Organism #30 Fitness: 4 Error: 2 */
genomestart 30
trait 1 0.1 0 0 0.458346 0 0 0 0.132062 
trait 2 0.2 0 0.0385094 0 0.0496699 0 0 0 
trait 3 0.3 0 0.354608 0.62032 0 0.362246 0 0.381847 
node 1 2 1 3
node 2 3 1 1
node 3 1 1 1
node 4 2 0 2
node 9 3 0 0
gene 3 1 4 -2.64842 0 1 -2.64842 1
gene 1 2 4 1.08454 0 2 1.08454 0
gene 2 3 4 -4.2133 0 3 -4.2133 1
gene 1 2 9 2.1607 0 12 2.1607 1
gene 3 9 4 1.60146 0 13 1.60146 1
gene 3 1 9 -2.84205 0 81 -2.84205 1
gene 3 3 9 -0.069464 0 121 -0.069464 1
genomeend 30

/* Species #5 : (Size 14) (AF 7.91362) (Age 33)  */


/* Organism #31 Fitness: 9 Error: 1 */
genomestart 31
trait 1 0.1 0 0.326231 0 0 0 0 0.0753936 
trait 2 0.246802 0.118589 0 0 0.253626 0 0 0 
trait 3 0.35766 0 0 0 0.118707 0 0.103511 0 
node 1 2 1 3
node 2 1 1 1
node 3 1 1 1
node 4 3 0 2
node 13 1 0 0
gene 2 1 4 -6.80264 0 1 -6.80264 1
gene 1 2 4 8 0 2 8 1
gene 3 3 4 8 0 3 8 1
gene 1 2 13 4.40682 0 24 4.40682 1
gene 1 13 4 4.81222 0 25 4.81222 1
gene 1 1 13 -0.463651 0 158 -0.463651 1
gene 2 3 13 4.96009 0 245 4.96009 1
genomeend 31

/* Organism #32 Fitness: 9 Error: 1 */
genomestart 32
trait 1 0.1 0 0.326231 0 0 0 0 0.0753936 
trait 2 0.246802 0.118589 0 0 0.253626 0 0 0 
trait 3 0.35766 0 0 0 0.118707 0 0.103511 0 
node 1 2 1 3
node 2 1 1 1
node 3 1 1 1
node 4 3 0 2
node 13 1 0 0
node 110 1 0 0
gene 2 1 4 -5.72515 0 1 -5.72515 1
gene 1 2 4 8 0 2 8 1
gene 3 3 4 8 0 3 8 1
gene 1 2 13 5.49679 0 24 5.49679 1
gene 1 13 4 3.63268 0 25 3.63268 0
gene 1 1 13 -1.55647 0 158 -1.55647 1
gene 2 3 13 4.09747 0 245 4.09747 1
gene 1 13 110 1 0 317 0 1
gene 1 110 4 3.63268 0 318 0 1
genomeend 32

/* Organism #33 Fitness: 8.95238 Error: 1.00795 */
genomestart 33
trait 1 0.1 0 0.326231 0 0 0 0 0.0753936 
trait 2 0.246802 0.118589 0 0 0.253626 0 0 0 
trait 3 0.35766 0 0 0 0.118707 0 0.103511 0 
node 1 2 1 3
node 2 1 1 1
node 3 1 1 1
node 4 3 0 2
node 13 1 0 0
gene 2 1 4 -8 0 1 -8 1
gene 1 2 4 6.22402 0 2 6.22402 1
gene 3 3 4 8 0 3 8 1
gene 1 2 13 5.74274 0 24 5.74274 1
gene 1 13 4 2.75626 0 25 2.75626 1
gene 1 1 13 -0.307885 0 158 -0.307885 1
gene 2 3 13 4.96372 0 245 4.96372 1
genomeend 33

/* Organism #34 Fitness: 8.99995 Error: 1.00001 */
genomestart 34
trait 1 0.1 0 0.326231 0 0 0 0 0.0753936 
trait 2 0.246802 0.118589 0 0 0.253626 0 0 0 
trait 3 0.35766 0 0 0 0.118707 0 0.103511 0 
node 1 2 1 3
node 2 1 1 1
node 3 1 1 1
node 4 3 0 2
node 13 1 0 0
gene 2 1 4 -3.65125 0 1 -3.65125 1
gene 1 2 4 8 0 2 8 1
gene 3 3 4 5.7348 0 3 5.7348 1
gene 1 2 13 6.88282 0 24 6.88282 1
gene 1 13 4 2.29905 0 25 2.29905 1
gene 1 1 13 -2.40385 0 158 -2.40385 1
gene 2 3 13 2.00101 0 245 2.00101 1
genomeend 34

/* Organism #35 Fitness: 4.00018 Error: 1.99996 */
genomestart 35
trait 1 0.1 0 0.326231 0 0 0 0 0.0753936 
trait 2 0.246802 0.118589 0 0 0.253626 0 0 0 
trait 3 0.35766 0 0 0 0.118707 0 0.103511 0 
node 1 2 1 3
node 2 1 1 1
node 3 1 1 1
node 4 3 0 2
node 13 1 0 0
gene 2 1 4 2.02964 0 1 2.02964 1
gene 1 2 4 8 0 2 8 1
gene 3 3 4 -1.9447 0 3 -1.9447 1
gene 1 2 13 4.12014 0 24 4.12014 1
gene 1 13 4 2.72498 0 25 2.72498 1
gene 1 1 13 -2.7698 0 158 -2.7698 1
gene 2 3 13 6.65694 0 245 6.65694 1
genomeend 35

/* Organism #36 Fitness: 8.99987 Error: 1.00002 */
genomestart 36
trait 1 0.1 0 0.326231 0 0 0 0 0.0753936 
trait 2 0.246802 0.118589 0 0 0.253626 0 0 0 
trait 3 0.35766 0 0 0 0.118707 0 0.103511 0 
node 1 2 1 3
node 2 1 1 1
node 3 2 1 1
node 4 3 0 2
node 13 1 0 0
gene 2 1 4 -8 0 1 -8 1
gene 1 2 4 8 0 2 8 1
gene 3 3 4 8 0 3 8 1
gene 1 2 13 4.69933 0 24 4.69933 1
gene 1 13 4 2.3157 0 25 2.3157 1
gene 1 1 13 -1.82429 0 158 -1.82429 1
gene 2 3 13 6.82723 0 245 6.82723 1
genomeend 36

/* Organism #37 Fitness: 8.86187 Error: 1.02311 */
genomestart 37
trait 1 0.1 0 0.326231 0 0 0 0 0.0753936 
trait 2 0.246802 0.118589 0 0 0.253626 0 0 0 
trait 3 0.35766 0 0 0 0.118707 0 0.103511 0 
node 1 2 1 3
node 2 1 1 1
node 3 1 1 1
node 4 3 0 2
node 13 1 0 0
gene 2 1 4 -5.05709 0 1 -5.05709 1
gene 2 2 4 5.90065 0 2 5.90065 1
gene 3 3 4 8 0 3 8 1
gene 1 2 13 4.6204 0 24 4.6204 1
gene 1 13 4 4.42301 0 25 4.42301 1
gene 1 1 13 0.716321 0 158 0.716321 1
gene 2 3 13 2.13448 0 245 2.13448 1
genomeend 37

/* Organism #38 Fitness: 9 Error: 1 */
genomestart 38
trait 1 0.1 0 0.326231 0 0 0 0 0.0753936 
trait 2 0.246802 0.118589 0 0 0.253626 0 0 0 
trait 3 0.35766 0 0 0 0.118707 0 0.103511 0 
node 1 2 1 3
node 2 1 1 1
node 3 1 1 1
node 4 3 0 2
node 13 1 0 0
gene 2 1 4 -6.80264 0 1 -6.80264 1
gene 1 2 4 8 0 2 8 1
gene 3 3 4 8 0 3 8 1
gene 1 2 13 5.49679 0 24 5.49679 1
gene 1 13 4 3.63268 0 25 3.63268 1
gene 1 1 13 -0.463651 0 158 -0.463651 1
gene 2 3 13 4.09747 0 245 4.09747 1
genomeend 38

/* Organism #39 Fitness: 8.97532 Error: 1.00412 */
genomestart 39
trait 1 0.1 0 0.326231 0 0 0 0 0.0753936 
trait 2 0.246802 0.118589 0 0 0.253626 0 0 0 
trait 3 0.35766 0 0 0 0.118707 0 0.103511 0 
node 1 2 1 3
node 2 1 1 1
node 3 1 1 1
node 4 3 0 2
node 13 1 0 0
gene 2 1 4 -1.11461 0 1 -1.11461 1
gene 1 2 4 7.17429 0 2 7.17429 1
gene 3 3 4 1.10596 0 3 1.10596 1
gene 1 2 13 4.32138 0 24 4.32138 1
gene 1 13 4 3.63268 0 25 3.63268 1
gene 1 1 13 -3.04462 0 158 -3.04462 1
gene 2 3 13 4.23098 0 245 4.23098 1
genomeend 39

/* Organism #40 Fitness: 9 Error: 1 */
genomestart 40
trait 1 0.1 0 0.326231 0 0 0 0 0.0753936 
trait 2 0.246802 0.118589 0 0 0.253626 0 0 0 
trait 3 0.35766 0 0 0 0.118707 0 0.103511 0 
node 1 2 1 3
node 2 1 1 1
node 3 1 1 1
node 4 3 0 2
node 13 1 0 0
gene 2 1 4 -5.12142 0 1 -5.12142 1
gene 1 2 4 7.73179 0 2 7.73179 1
gene 3 3 4 8 0 3 8 1
gene 1 2 13 4.40682 0 24 4.40682 1
gene 1 13 4 4.81222 0 25 4.81222 1
gene 1 1 13 -2.40946 0 158 -2.40946 1
gene 2 3 13 4.96009 0 245 4.96009 1
genomeend 40

/* Organism #41 Fitness: 9 Error: 1 */
genomestart 41
trait 1 0.1 0 0.326231 0 0 0 0 0.0753936 
trait 2 0.246802 0.118589 0 0 0.253626 0 0 0 
trait 3 0.35766 0 0 0 0.118707 0 0.103511 0 
node 1 2 1 3
node 2 1 1 1
node 3 1 1 1
node 4 3 0 2
node 13 1 0 0
gene 2 1 4 -6.80264 0 1 -6.80264 1
gene 1 2 4 8 0 2 8 1
gene 3 3 4 8 0 3 8 1
gene 1 2 13 4.40682 0 24 4.40682 1
gene 1 13 4 4.81222 0 25 4.81222 1
gene 1 1 13 -0.463651 0 158 -0.463651 1
gene 2 3 13 4.96009 0 245 4.96009 1
genomeend 41

/* Organism #42 Fitness: 9 Error: 1 */
genomestart 42
trait 1 0.1 0 0.326231 0 0 0 0 0.0753936 
trait 2 0.246802 0.118589 0 0 0.253626 0 0 0 
trait 3 0.35766 0 0 0 0.118707 0 0.103511 0 
node 1 2 1 3
node 2 1 1 1
node 3 1 1 1
node 4 3 0 2
node 13 1 0 0
gene 2 1 4 -5.72515 0 1 -5.72515 1
gene 1 2 4 8 0 2 8 1
gene 3 3 4 8 0 3 8 1
gene 1 2 13 5.49679 0 24 5.49679 1
gene 1 13 4 3.63268 0 25 3.63268 1
gene 1 1 13 -1.55647 0 158 -1.55647 1
gene 2 3 13 4.09747 0 245 4.09747 1
genomeend 42

/* Organism #43 Fitness: 4 Error: 2 */
genomestart 43
trait 1 0.1 0 0.326231 0 0 0 0 0.0753936 
trait 2 0.246802 0.118589 0 0 0.253626 0 0 0 
trait 3 0.35766 0 0 0 0.118707 0 0.103511 0 
node 1 2 1 3
node 2 1 1 1
node 3 1 1 1
node 4 3 0 2
node 13 1 0 0
gene 2 1 4 -7.57646 0 1 -7.57646 1
gene 1 2 4 -0.735465 0 2 -0.735465 1
gene 3 3 4 8 0 3 8 1
gene 1 2 13 5.92101 0 24 5.92101 1
gene 1 13 4 5.00473 0 25 5.00473 1
gene 1 1 13 -1.28578 0 158 -1.28578 1
gene 2 3 13 5.98562 0 245 5.98562 1
genomeend 43

/* Organism #44 Fitness: 4.00106 Error: 1.99974 */
genomestart 44
trait 1 0.1 0 0.326231 0 0 0 0 0.0753936 
trait 2 0.246802 0.118589 0 0 0.253626 0 0 0 
trait 3 0.35766 0 0 0 0.118707 0 0.103511 0 
node 1 2 1 3
node 2 1 1 1
node 3 1 1 1
node 4 3 0 2
node 13 1 0 0
gene 2 1 4 -7.72802 0 1 -7.72802 1
gene 1 2 4 -2.27355 0 2 -2.27355 1
gene 3 3 4 8 0 3 8 1
gene 1 2 13 0.832119 0 24 0.832119 1
gene 1 13 4 3.67473 0 25 3.67473 1
gene 1 1 13 -0.222551 0 158 -0.222551 1
gene 2 3 13 1.58338 0 245 1.58338 1
genomeend 44

/* Species #6 : (Size 12) (AF 7.86253) (Age 32)  */


/* Organism #45 Fitness: 9 Error: 1 */
genomestart 45
trait 1 0.1 0 0 0 0 0 0 0 
trait 2 0.2 0 0 0 0 0 0 0 
trait 3 0.629399 0.170869 0.354043 0 0 1 0 0.031762 
node 1 2 1 3
node 2 3 1 1
node 3 1 1 1
node 4 3 0 2
node 7 2 0 0
gene 2 1 4 -6.94999 0 1 -6.94999 1
gene 2 2 4 6.85192 0 2 6.85192 1
gene 2 3 4 7.63467 0 3 7.63467 1
gene 2 2 7 6.27155 0 8 6.27155 1
gene 2 7 4 6.80242 0 9 6.80242 1
gene 3 1 7 -3.68281 0 16 -3.68281 1
gene 3 3 7 5.48217 0 26 5.48217 1
genomeend 45

/* Organism #46 Fitness: 9 Error: 1 */
genomestart 46
trait 1 0.55 0 0.211357 0 0 0 0 0 
trait 2 0.2 0 0 0 0 0 0 0 
trait 3 0.629399 0.170869 0.354043 0 0 1 0 0.031762 
node 1 2 1 3
node 2 3 1 1
node 3 1 1 1
node 4 3 0 2
node 7 2 0 0
gene 2 1 4 -6.54831 0 1 -6.54831 1
gene 2 2 4 8 0 2 8 1
gene 2 3 4 8 0 3 8 1
gene 2 2 7 5.73795 0 8 5.73795 1
gene 2 7 4 4.9184 0 9 4.9184 1
gene 3 1 7 -1.24584 0 16 -1.24584 1
gene 3 3 7 3.85049 0 26 3.85049 1
genomeend 46

/* Organism #47 Fitness: 12.526 Error: 0.46079 */
/* ##------$ WINNER 47 SPECIES #6 $------## */
genomestart 47
trait 1 1 0 0.422714 0 0 0 0 0 
trait 2 0.2 0 0 0 0 0 0 0 
trait 3 0.629399 0.170869 0.354043 0 0 1 0 0.031762 
node 1 2 1 3
node 2 3 1 1
node 3 1 1 1
node 4 3 0 2
node 7 2 0 0
gene 2 1 4 -6.00925 0 1 -6.00925 1
gene 2 2 4 -0.951682 0 2 -0.951682 1
gene 2 3 4 -1.04608 0 3 -1.04608 1
gene 2 2 7 4.86699 0 8 4.86699 1
gene 2 7 4 7.95969 0 9 7.95969 1
gene 3 1 7 -2.90939 0 16 -2.90939 1
gene 3 3 7 7.01885 0 26 7.01885 1
genomeend 47

/* Organism #48 Fitness: 9 Error: 1 */
genomestart 48
trait 1 0.55 0 0.211357 0 0 0 0 0 
trait 2 0.2 0 0 0 0 0 0 0 
trait 3 0.629399 0.170869 0.354043 0 0 1 0 0.031762 
node 1 2 1 3
node 2 3 1 1
node 3 1 1 1
node 4 3 0 2
node 7 2 0 0
gene 2 1 4 -6.00417 0 1 -6.00417 1
gene 2 2 4 7.81134 0 2 7.81134 1
gene 2 3 4 7.39348 0 3 7.39348 1
gene 2 2 7 6.27155 0 8 6.27155 1
gene 2 7 4 6.45344 0 9 6.45344 1
gene 3 1 7 -2.05136 0 16 -2.05136 1
gene 3 3 7 5.48217 0 26 5.48217 1
genomeend 48

/* Organism #49 Fitness: 4.00035 Error: 1.99991 */
genomestart 49
trait 1 1 0 0.422714 0 0 0 0 0 
trait 2 0.2 0 0 0 0 0 0 0 
trait 3 0.629399 0.170869 0.354043 0 0 1 0 0.031762 
node 1 2 1 3
node 2 3 1 1
node 3 1 1 1
node 4 3 0 2
node 7 2 0 0
gene 2 1 4 1.89916 0 1 1.89916 1
gene 2 2 4 5.4533 0 2 5.4533 1
gene 2 3 4 8 0 3 8 1
gene 2 2 7 8 0 8 8 1
gene 2 7 4 4.16117 0 9 4.16117 1
gene 3 1 7 -1.84535 0 16 -1.84535 1
gene 3 3 7 8 0 26 8 1
genomeend 49

/* Organism #50 Fitness: 9 Error: 1 */
genomestart 50
trait 1 0.55 0 0.211357 0 0 0 0 0 
trait 2 0.2 0 0 0 0 0 0 0 
trait 3 0.629399 0.170869 0.354043 0 0 1 0 0.031762 
node 1 2 1 3
node 2 3 1 1
node 3 1 1 1
node 4 3 0 2
node 7 2 0 0
gene 2 1 4 -6.13701 0 1 -6.13701 1
gene 2 2 4 8 0 2 8 1
gene 2 3 4 7.26146 0 3 7.26146 1
gene 2 2 7 7.67077 0 8 7.67077 1
gene 2 7 4 5.71649 0 9 5.71649 1
gene 3 1 7 -1.59915 0 16 -1.59915 1
gene 3 3 7 8 0 26 8 1
genomeend 50

/* Organism #51 Fitness: 8.99136 Error: 1.00144 */
genomestart 51
trait 1 0.1 0 0 0 0 0 0 0 
trait 2 0.2 0 0 0 0 0 0 0 
trait 3 0.629399 0.170869 0.354043 0 0 1 0 0.031762 
node 1 2 1 3
node 2 3 1 1
node 3 1 1 1
node 4 3 0 2
node 7 2 0 0
gene 2 1 4 -6.61211 0 1 -6.61211 1
gene 2 2 4 7.76079 0 2 7.76079 1
gene 2 3 4 8 0 3 8 1
gene 2 2 7 4.98912 0 8 4.98912 1
gene 2 7 4 8 0 9 8 1
gene 3 1 7 -5.75526 0 16 -5.75526 1
gene 3 3 7 6.50246 0 26 6.50246 1
genomeend 51

/* Organism #52 Fitness: 4.11945 Error: 1.97036 */
genomestart 52
trait 1 0.1 0 0 0 0 0 0 0 
trait 2 0.2 0 0 0 0 0 0 0 
trait 3 0.629399 0.170869 0.354043 0 0 1 0 0.031762 
node 1 2 1 3
node 2 3 1 1
node 3 1 1 1
node 4 3 0 2
node 7 2 0 0
gene 2 1 4 -8 0 1 -8 1
gene 2 2 4 6.85192 0 2 6.85192 1
gene 2 3 4 -0.708411 0 3 -0.708411 1
gene 2 2 7 5.61635 0 8 5.61635 1
gene 2 7 4 8 0 9 8 1
gene 3 1 7 -1.56279 0 16 -1.56279 1
gene 3 3 7 5.02723 0 26 5.02723 1
genomeend 52

/* Organism #53 Fitness: 9 Error: 1 */
genomestart 53
trait 1 0.55 0 0.211357 0 0 0 0 0 
trait 2 0.2 0 0 0 0 0 0 0 
trait 3 0.629399 0.170869 0.354043 0 0 1 0 0.031762 
node 1 2 1 3
node 2 3 1 1
node 3 1 1 1
node 4 3 0 2
node 7 2 0 0
gene 2 1 4 -6.00417 0 1 -6.00417 1
gene 2 2 4 6.85192 0 2 6.85192 1
gene 2 3 4 7.39348 0 3 7.39348 1
gene 2 2 7 6.27155 0 8 6.27155 1
gene 2 7 4 6.45344 0 9 6.45344 1
gene 3 1 7 -2.05136 0 16 -2.05136 1
gene 3 3 7 5.48217 0 26 5.48217 1
genomeend 53

/* Organism #54 Fitness: 4.00196 Error: 1.99951 */
genomestart 54
trait 1 0.1 0 0 0 0 0 0 0 
trait 2 0.2 0 0 0 0 0 0 0 
trait 3 0.629399 0.170869 0.354043 0 0 1 0 0.031762 
node 1 2 1 3
node 2 3 1 1
node 3 1 1 1
node 4 3 0 2
node 7 2 0 0
gene 2 1 4 -7.08607 0 1 -7.08607 1
gene 2 2 4 4.49736 0 2 4.49736 1
gene 2 3 4 5.53826 0 3 5.53826 1
gene 2 2 7 5.7665 0 8 5.7665 1
gene 2 7 4 8 0 9 8 1
gene 3 1 7 -5.63492 0 16 -5.63492 1
gene 3 3 7 3.69306 0 26 3.69306 1
genomeend 54

/* Organism #55 Fitness: 6.7438 Error: 1.40312 */
genomestart 55
trait 1 0.1 0 0 0 0 0 0 0 
trait 2 0.2 0 0 0 0 0 0 0 
trait 3 0.629399 0.170869 0.354043 0 0 1 0 0.031762 
node 1 2 1 3
node 2 3 1 1
node 3 1 1 1
node 4 3 0 2
node 7 2 0 0
gene 2 1 4 -4.97199 0 1 -4.97199 1
gene 2 2 4 4.9892 0 2 4.9892 1
gene 2 3 4 7.63467 0 3 7.63467 1
gene 2 2 7 5.08482 0 8 5.08482 1
gene 2 7 4 0.0625 0 9 0.0625 1
gene 3 1 7 0.727384 0 16 0.727384 1
gene 3 3 7 3.90184 0 26 3.90184 1
genomeend 55

/* Organism #56 Fitness: 8.96742 Error: 1.00543 */
genomestart 56
trait 1 1 0 0.422714 0 0 0 0 0 
trait 2 0.2 0 0 0 0 0 0 0 
trait 3 0.629399 0.253761 0.354043 0 0 1 0.95205 0.031762 
node 1 2 1 3
node 2 3 1 1
node 3 1 1 1
node 4 3 0 2
node 7 2 0 0
gene 2 1 4 -4.25565 0 1 -4.25565 1
gene 2 2 4 8 0 2 8 1
gene 2 3 4 -1.45459 0 3 -1.45459 1
gene 2 2 7 4.45838 0 8 4.45838 1
gene 2 7 4 6.76818 0 9 6.76818 1
gene 3 1 7 -2.05136 0 16 -2.05136 1
gene 3 3 7 6.92693 0 26 6.92693 1
genomeend 56

/* Species #7 : (Size 9) (AF 6.22068) (Age 32)  */


/* Organism #57 Fitness: 9 Error: 1 */
genomestart 57
trait 1 0.1 0 0 0 0 0 0 0 
trait 2 0.2 0 0 0 0 0 0 0 
trait 3 0.3 0 0 0 0 0 0 0 
node 1 2 1 3
node 2 1 1 1
node 3 2 1 1
node 4 2 0 2
node 9 1 0 0
node 17 2 0 0
gene 3 1 4 3.56007 0 1 3.56007 1
gene 1 2 4 -0.548728 0 2 -0.548728 0
gene 2 3 4 3.03038 0 3 3.03038 1
gene 1 2 9 2.05311 0 12 2.05311 0
gene 1 9 4 -8 0 13 -8 1
gene 1 2 17 -1.99705 0 37 -1.99705 1
gene 3 17 9 4.94394 0 38 4.94394 1
gene 2 3 9 -1.84995 0 103 -1.84995 1
gene 3 3 17 -3.84112 0 212 -3.84112 1
gene 1 1 9 -2.07666 0 251 -2.07666 1
genomeend 57

/* Organism #58 Fitness: 4.00017 Error: 1.99996 */
genomestart 58
trait 1 0.1 0 0 0 0 0 0 0 
trait 2 0.2 0 0 0 0 0 0 0 
trait 3 0.3 0 0 0 0 0 0 0 
node 1 2 1 3
node 2 1 1 1
node 3 2 1 1
node 4 2 0 2
node 9 1 0 0
node 17 2 0 0
gene 3 1 4 3.35072 0 1 3.35072 1
gene 1 2 4 2.3191 0 2 2.3191 0
gene 2 3 4 1.56142 0 3 1.56142 1
gene 1 2 9 -1.98776 0 12 -1.98776 0
gene 1 9 4 -6.63082 0 13 -6.63082 1
gene 1 2 17 -0.0154868 0 37 -0.0154868 1
gene 3 17 9 3.6019 0 38 3.6019 1
gene 2 3 9 -3.13967 0 103 -3.13967 1
gene 3 3 17 -1.82775 0 212 -1.82775 1
gene 1 1 9 -2.07666 0 251 -2.07666 1
genomeend 58

/* Organism #59 Fitness: 9 Error: 1 */
genomestart 59
trait 1 0.1 0 0 0 0 0 0 0 
trait 2 0.2 0 0 0 0 0 0 0 
trait 3 0.147498 0 0.985801 0.778425 0 0.963666 0.359624 0.881554 
node 1 2 1 3
node 2 1 1 1
node 3 2 1 1
node 4 2 0 2
node 9 1 0 0
node 17 2 0 0
gene 3 1 4 3.00311 0 1 3.00311 1
gene 1 2 4 -0.548728 0 2 -0.548728 0
gene 2 3 4 3.24002 0 3 3.24002 1
gene 1 2 9 3.29997 0 12 3.29997 0
gene 1 9 4 -6.25925 0 13 -6.25925 1
gene 1 2 17 -0.769051 0 37 -0.769051 1
gene 3 17 9 6.06055 0 38 6.06055 1
gene 2 3 9 -1.34898 0 103 -1.34898 1
gene 3 3 17 -3.84112 0 212 -3.84112 1
gene 1 1 9 -2.07666 0 251 -2.07666 1
genomeend 59

/* Organism #60 Fitness: 4 Error: 2 */
genomestart 60
trait 1 0.1 0 0 0 0 0 0 0 
trait 2 0.2 0 0 0 0 0 0 0 
trait 3 0.3 0 0 0 0 0 0 0 
node 1 2 1 3
node 2 1 1 1
node 3 2 1 1
node 4 2 0 2
node 9 1 0 0
node 17 2 0 0
gene 3 1 4 3.14002 0 1 3.14002 1
gene 1 2 4 1.22026 0 2 1.22026 0
gene 2 3 4 5.21258 0 3 5.21258 1
gene 1 2 9 -1.88172 0 12 -1.88172 0
gene 1 9 4 -5.97848 0 13 -5.97848 1
gene 1 2 17 1.71561 0 37 1.71561 1
gene 3 17 9 8 0 38 8 1
gene 2 3 9 1.08326 0 103 1.08326 1
gene 3 3 17 -4.04549 0 212 -4.04549 1
gene 1 1 9 -2.07666 0 251 -2.07666 1
genomeend 60

/* Organism #61 Fitness: 8.99251 Error: 1.00125 */
genomestart 61
trait 1 0.1 0 0 0 0 0 0 0 
trait 2 0.2 0 0 0 0 0 0 0 
trait 3 0.3 0 0 0 0 0 0 0 
node 1 2 1 3
node 2 1 1 1
node 3 2 1 1
node 4 2 0 2
node 9 1 0 0
node 17 2 0 0
gene 3 1 4 4.31259 0 1 4.31259 1
gene 1 2 4 -1.61705 0 2 -1.61705 0
gene 2 3 4 5.04109 0 3 5.04109 1
gene 1 2 9 2.04941 0 12 2.04941 0
gene 1 9 4 -5.67154 0 13 -5.67154 1
gene 1 2 17 -3.05825 0 37 -3.05825 1
gene 3 17 9 5.29667 0 38 5.29667 1
gene 2 3 9 -1.2613 0 103 -1.2613 1
gene 3 3 17 -3.88663 0 212 -3.88663 1
gene 1 1 9 -0.962832 0 251 -0.962832 1
genomeend 61

/* Organism #62 Fitness: 4 Error: 2 */
genomestart 62
trait 1 0.1 0 0 0 0 0 0 0 
trait 2 0.2 0 0 0 0 0 0 0 
trait 3 0.3 0 0 0 0 0 0 0 
node 1 2 1 3
node 2 1 1 1
node 3 2 1 1
node 4 2 0 2
node 9 1 0 0
node 17 2 0 0
gene 3 1 4 3.02569 0 1 3.02569 1
gene 1 2 4 1.4737 0 2 1.4737 0
gene 2 3 4 3.07454 0 3 3.07454 1
gene 1 2 9 3.17402 0 12 3.17402 0
gene 1 9 4 -7.61892 0 13 -7.61892 1
gene 1 2 17 0.215813 0 37 0.215813 1
gene 3 17 9 3.89591 0 38 3.89591 1
gene 2 3 9 0.891362 0 103 0.891362 1
gene 3 3 17 -1.60271 0 212 -1.60271 1
gene 1 1 9 -3.83749 0 251 -3.83749 1
genomeend 62

/* Organism #63 Fitness: 8.9934 Error: 1.0011 */
genomestart 63
trait 1 0.1 0 0 0 0 0 0 0 
trait 2 0.2 0 0 0 0 0 0 0 
trait 3 0.3 0 0 0 0 0 0 0 
node 1 2 1 3
node 2 1 1 1
node 3 2 1 1
node 4 2 0 2
node 9 1 0 0
node 17 2 0 0
gene 3 1 4 5.9048 0 1 5.9048 1
gene 1 2 4 -2.01894 0 2 -2.01894 0
gene 2 3 4 0.996339 0 3 0.996339 1
gene 1 2 9 1.8293 0 12 1.8293 0
gene 1 9 4 -7.40551 0 13 -7.40551 1
gene 1 2 17 -1.03214 0 37 -1.03214 1
gene 3 17 9 5.82944 0 38 5.82944 1
gene 2 3 9 -1.37924 0 103 -1.37924 1
gene 3 3 17 -2.1882 0 212 -2.1882 1
gene 1 1 9 -2.07666 0 251 -2.07666 1
genomeend 63

/* Organism #64 Fitness: 4.00002 Error: 2 */
genomestart 64
trait 1 0.1 0 0 0 0 0 0 0 
trait 2 0.2 0 0 0 0 0 0 0 
trait 3 0.3 0 0 0 0 0 0 0 
node 1 2 1 3
node 2 1 1 1
node 3 2 1 1
node 4 2 0 2
node 9 1 0 0
node 17 2 0 0
gene 3 1 4 2.61883 0 1 2.61883 1
gene 1 2 4 1.73793 0 2 1.73793 0
gene 2 3 4 4.16549 0 3 4.16549 1
gene 1 2 9 0.342464 0 12 0.342464 0
gene 1 9 4 -5.68653 0 13 -5.68653 1
gene 1 2 17 -2.92601 0 37 -2.92601 1
gene 3 17 9 4.27904 0 38 4.27904 1
gene 2 3 9 -2.56585 0 103 -2.56585 1
gene 3 3 17 -4.78226 0 212 -4.78226 1
gene 1 1 9 -2.80446 0 251 -2.80446 1
genomeend 64

/* Organism #65 Fitness: 4 Error: 2 */
genomestart 65
trait 1 0.1 0 0 0 0 0 0 0 
trait 2 0.2 0 0 0 0 0 0 0 
trait 3 0.3 0 0 0 0 0 0 0 
node 1 2 1 3
node 2 1 1 1
node 3 2 1 1
node 4 2 0 2
node 9 1 0 0
node 17 2 0 0
gene 3 1 4 1.28272 0 1 1.28272 1
gene 1 2 4 1.0749 0 2 1.0749 0
gene 2 3 4 -1.73981 0 3 -1.73981 1
gene 1 2 9 3.73578 0 12 3.73578 0
gene 1 9 4 -8 0 13 -8 1
gene 1 2 17 1.75051 0 37 1.75051 1
gene 3 17 9 5.5841 0 38 5.5841 1
gene 2 3 9 -0.664907 0 103 -0.664907 1
gene 3 3 17 -5.65862 0 212 -5.65862 1
gene 1 1 9 -0.935492 0 251 -0.935492 1
genomeend 65

/* Species #9 : (Size 11) (AF 8.23716) (Age 25)  */


/* Organism #66 Fitness: 9 Error: 1 */
genomestart 66
trait 1 0.1 0 0 0 0 0 0 0 
trait 2 0.2 0 0 0.416342 0 0 0.280191 0.357666 
trait 3 0.370063 0.226636 0.0801923 0 0.171277 0 0 0.297526 
node 1 2 1 3
node 2 2 1 1
node 3 1 1 1
node 4 3 0 2
node 7 1 0 0
node 36 1 0 0
node 106 1 0 0
gene 2 1 4 -1.40149 0 1 -1.40149 1
gene 2 2 4 8 0 2 8 1
gene 1 3 4 -8 0 3 -8 1
gene 2 2 7 1.88498 0 8 1.88498 1
gene 2 7 4 0.901531 0 9 0.901531 1
gene 2 3 36 7.79896 0 96 7.79896 1
gene 2 36 4 -6.78755 0 97 -6.78755 1
gene 1 36 7 -0.774015 0 107 -0.774015 1
gene 3 1 7 2.56091 0 202 2.56091 1
gene 3 3 7 -2.9337 0 214 -2.9337 0
gene 2 2 36 -2.05326 0 239 -2.05326 1
gene 2 1 36 0.306843 0 285 0.306843 1
gene 3 3 106 1 0 307 0 1
gene 3 106 7 -2.9337 0 308 0 1
genomeend 66

/* Organism #67 Fitness: 9 Error: 1 */
genomestart 67
trait 1 0.1 0 0 0 0 0 0 0 
trait 2 0.2 0 0 0.277561 0 0 0.188377 0.238444 
trait 3 0.370063 0.226636 0.0801923 0 0.171277 0 0 0.297526 
node 1 2 1 3
node 2 2 1 1
node 3 1 1 1
node 4 3 0 2
node 7 1 0 0
node 36 1 0 0
gene 2 1 4 -1.40149 0 1 -1.40149 1
gene 2 2 4 8 0 2 8 1
gene 1 3 4 -8 0 3 -8 1
gene 2 2 7 3.1595 0 8 3.1595 1
gene 2 7 4 0.901531 0 9 0.901531 1
gene 2 3 36 7.79896 0 96 7.79896 1
gene 2 36 4 -6.78755 0 97 -6.78755 1
gene 1 36 7 -0.774015 0 107 -0.774015 1
gene 3 1 7 2.56091 0 202 2.56091 1
gene 3 3 7 -2.9337 0 214 -2.9337 1
gene 2 2 36 -2.05326 0 239 -2.05326 1
gene 2 1 36 0.306843 0 285 0.306843 1
genomeend 67

/* Organism #68 Fitness: 9 Error: 1 */
genomestart 68
trait 1 0.1 0 0 0 0 0 0 0 
trait 2 0.2 0 0 0.555123 0 0 0.372005 0.476889 
trait 3 0.370063 0.226636 0.0801923 0 0.171277 0 0 0.297526 
node 1 2 1 3
node 2 2 1 1
node 3 1 1 1
node 4 3 0 2
node 7 1 0 0
node 36 1 0 0
gene 2 1 4 -1.1603 0 1 -1.1603 1
gene 2 2 4 5.93192 0 2 5.93192 1
gene 1 3 4 -6.99695 0 3 -6.99695 1
gene 2 2 7 4.10637 0 8 4.10637 1
gene 2 7 4 0.606479 0 9 0.606479 1
gene 2 3 36 8 0 96 8 1
gene 2 36 4 -8 0 97 -8 1
gene 1 36 7 -0.108356 0 107 -0.108356 1
gene 3 1 7 1.97319 0 202 1.97319 1
gene 3 3 7 -5.05729 0 214 -5.05729 1
gene 2 2 36 -2.6799 0 239 -2.6799 1
gene 2 1 36 2.07284 0 285 2.07284 1
genomeend 68

/* Organism #69 Fitness: 9 Error: 1 */
genomestart 69
trait 1 0.1 0 0 0 0 0 0 0 
trait 2 0.2 0 0 0.277561 0 0 0.188377 0.238444 
trait 3 0.370063 0.226636 0.0801923 0 0.171277 0 0 0.297526 
node 1 2 1 3
node 2 2 1 1
node 3 1 1 1
node 4 3 0 2
node 7 1 0 0
node 36 1 0 0
gene 2 1 4 -1.40149 0 1 -1.40149 1
gene 2 2 4 8 0 2 8 1
gene 1 3 4 -8 0 3 -8 1
gene 2 2 7 3.1595 0 8 3.1595 1
gene 2 7 4 0.901531 0 9 0.901531 1
gene 2 3 36 7.79896 0 96 7.79896 1
gene 2 36 4 -6.78755 0 97 -6.78755 1
gene 1 36 7 -0.774015 0 107 -0.774015 1
gene 3 1 7 2.56091 0 202 2.56091 1
gene 3 3 7 -2.9337 0 214 -2.9337 1
gene 2 2 36 -2.05326 0 239 -2.05326 1
gene 2 1 36 0.306843 0 285 0.306843 1
genomeend 69

/* Organism #70 Fitness: 6.06977 Error: 1.53631 */
genomestart 70
trait 1 0.1 0 0 0 0 0 0 0 
trait 2 0.2 0 0 0.416342 0 0 0.280191 0.357666 
trait 3 0.370063 0.226636 0.0801923 0 1 0.912351 0 0.297526 
node 1 2 1 3
node 2 2 1 1
node 3 1 1 1
node 4 3 0 2
node 7 1 0 0
node 36 1 0 0
gene 2 1 4 -3.15566 0 1 -3.15566 1
gene 2 2 4 6.37355 0 2 6.37355 1
gene 1 3 4 -8 0 3 -8 1
gene 2 2 7 1.89023 0 8 1.89023 1
gene 2 7 4 2.70319 0 9 2.70319 1
gene 2 3 36 5.77399 0 96 5.77399 1
gene 2 36 4 2.02455 0 97 2.02455 1
gene 1 36 7 -1.80542 0 107 -1.80542 1
gene 3 1 7 1.76258 0 202 1.76258 1
gene 3 3 7 -0.640222 0 214 -0.640222 1
gene 2 2 36 -2.05326 0 239 -2.05326 1
gene 2 1 36 -0.843922 0 285 -0.843922 1
genomeend 70

/* Organism #71 Fitness: 8.98312 Error: 1.00281 */
genomestart 71
trait 1 0.1 0 0 0 0 0 0 0 
trait 2 0.2 0 0 0.416342 0 0 0.280191 0.357666 
trait 3 0.370063 0.226636 0.0801923 0 0.171277 0 0 0.297526 
node 1 2 1 3
node 2 2 1 1
node 3 1 1 1
node 4 3 0 2
node 7 1 0 0
node 36 1 0 0
gene 2 1 4 -1.18499 0 1 -1.18499 1
gene 2 2 4 7.07009 0 2 7.07009 1
gene 1 3 4 -6.72976 0 3 -6.72976 1
gene 2 2 7 2.81402 0 8 2.81402 1
gene 2 7 4 1.49802 0 9 1.49802 1
gene 2 3 36 5.82241 0 96 5.82241 1
gene 2 36 4 -6.10453 0 97 -6.10453 1
gene 1 36 7 -1.01333 0 107 -1.01333 1
gene 3 1 7 -0.670511 0 202 -0.670511 1
gene 3 3 7 -2.83238 0 214 -2.83238 1
gene 2 2 36 -2.05326 0 239 -2.05326 1
gene 2 1 36 -0.943874 0 285 -0.943874 1
genomeend 71

/* Organism #72 Fitness: 9 Error: 1 */
genomestart 72
trait 1 0.1 0 0 0 0 0 0 0 
trait 2 0.2 0 0 0.485732 0 0 0.326098 0.417278 
trait 3 0.370063 0.226636 0.0801923 0 0.171277 0 0 0.297526 
node 1 2 1 3
node 2 2 1 1
node 3 1 1 1
node 4 3 0 2
node 7 1 0 0
node 36 1 0 0
node 106 1 0 0
gene 2 1 4 2.04645 0 1 2.04645 1
gene 2 2 4 8 0 2 8 1
gene 1 3 4 -6.34661 0 3 -6.34661 1
gene 2 2 7 1.88498 0 8 1.88498 1
gene 2 7 4 3.12942 0 9 3.12942 1
gene 2 3 36 7.24479 0 96 7.24479 1
gene 2 36 4 -8 0 97 -8 1
gene 1 36 7 -2.7079 0 107 -2.7079 1
gene 3 1 7 1.72715 0 202 1.72715 1
gene 3 3 7 -2.9337 0 214 -2.9337 0
gene 2 2 36 -1.70592 0 239 -1.70592 1
gene 2 1 36 1.74671 0 285 1.74671 1
gene 3 3 106 2.41 0 307 2.41 1
gene 3 106 7 -4.42804 0 308 -4.42804 1
genomeend 72

/* Organism #73 Fitness: 9 Error: 1 */
genomestart 73
trait 1 0.1 0 0 0 0 0 0 0 
trait 2 0.2 0 0 0.485732 0 0 0.326098 0.417278 
trait 3 0.370063 0.226636 0.0801923 0 0.171277 0 0 0.297526 
node 1 2 1 3
node 2 2 1 1
node 3 1 1 1
node 4 3 0 2
node 7 1 0 0
node 36 1 0 0
node 106 1 0 0
gene 2 1 4 -2.36615 0 1 -2.36615 1
gene 2 2 4 8 0 2 8 1
gene 1 3 4 -8 0 3 -8 1
gene 2 2 7 1.88498 0 8 1.88498 1
gene 2 7 4 0.901531 0 9 0.901531 1
gene 2 3 36 7.79896 0 96 7.79896 1
gene 2 36 4 -6.78755 0 97 -6.78755 1
gene 1 36 7 -0.774015 0 107 -0.774015 1
gene 3 1 7 1.70818 0 202 1.70818 1
gene 3 3 7 -2.9337 0 214 -2.9337 0
gene 2 2 36 -2.05326 0 239 -2.05326 1
gene 2 1 36 0.306843 0 285 0.306843 1
gene 3 3 106 1 0 307 0 1
gene 3 106 7 -2.9337 0 308 0 1
genomeend 73

/* Organism #74 Fitness: 4.14223 Error: 1.96475 */
genomestart 74
trait 1 0.1 0 0 0 0 0 0 0 
trait 2 0.2 0 0 0.277561 0 0 0.188377 0.238444 
trait 3 0.370063 0.226636 0.0801923 0 0.171277 0 0 0.297526 
node 1 2 1 3
node 2 2 1 1
node 3 1 1 1
node 4 3 0 2
node 7 1 0 0
node 36 1 0 0
gene 2 1 4 0.679153 0 1 0.679153 1
gene 2 2 4 8 0 2 8 1
gene 1 3 4 -5.87999 0 3 -5.87999 1
gene 2 2 7 2.39053 0 8 2.39053 1
gene 2 7 4 0.00508378 0 9 0.00508378 1
gene 2 3 36 8 0 96 8 1
gene 2 36 4 -5.85084 0 97 -5.85084 1
gene 1 36 7 -0.35069 0 107 -0.35069 1
gene 3 1 7 0.237592 0 202 0.237592 1
gene 3 3 7 -1.0504 0 214 -1.0504 1
gene 2 2 36 -1.89121 0 239 -1.89121 1
gene 2 1 36 -1.27498 0 285 -1.27498 1
genomeend 74

/* Organism #75 Fitness: 8.41364 Error: 1.09937 */
genomestart 75
trait 1 0.1 0.906401 0 0 0.956881 0.160379 0 0 
trait 2 0.2 0 0 0.277561 0 0 0.188377 0.238444 
trait 3 0.370063 0.226636 0.0801923 0 0.171277 0 0 0.297526 
node 1 2 1 3
node 2 2 1 1
node 3 1 1 1
node 4 3 0 2
node 7 1 0 0
node 36 1 0 0
gene 2 1 4 -1.78142 0 1 -1.78142 1
gene 2 2 4 7.04947 0 2 7.04947 1
gene 1 3 4 -8 0 3 -8 1
gene 2 2 7 4.28117 0 8 4.28117 1
gene 2 7 4 -0.159398 0 9 -0.159398 1
gene 2 3 36 7.71694 0 96 7.71694 1
gene 2 36 4 2.40125 0 97 2.40125 1
gene 1 36 7 2.10967 0 107 2.10967 1
gene 3 1 7 2.66509 0 202 2.66509 1
gene 3 3 7 -1.98952 0 214 -1.98952 1
gene 2 2 36 -0.534828 0 239 -0.534828 1
gene 2 1 36 -0.0274995 0 285 -0.0274995 1
genomeend 75

/* Organism #76 Fitness: 9 Error: 1 */
genomestart 76
trait 1 0.1 0 0 0 0 0 0 0 
trait 2 0.2 0 0 0.485732 0 0 0.326098 0.417278 
trait 3 0.370063 0.226636 0.0801923 0 0.171277 0 0 0.297526 
node 1 2 1 3
node 2 2 1 1
node 3 1 1 1
node 4 3 0 2
node 7 1 0 0
node 36 1 0 0
node 106 1 0 0
gene 2 1 4 -4.03145 0 1 -4.03145 1
gene 2 2 4 8 0 2 8 1
gene 1 3 4 -8 0 3 -8 1
gene 2 2 7 4.32177 0 8 4.32177 1
gene 2 7 4 2.65185 0 9 2.65185 1
gene 2 3 36 6.76418 0 96 6.76418 1
gene 2 36 4 -8 0 97 -8 1
gene 1 36 7 -1.86477 0 107 -1.86477 1
gene 3 1 7 0.673964 0 202 0.673964 1
gene 3 3 7 -3.77459 0 214 -3.77459 1
gene 2 2 36 -3.76426 0 239 -3.76426 1
gene 2 1 36 1.06682 0 285 1.06682 1
gene 3 3 106 0.989702 0 307 0.989702 1
gene 3 106 7 -1.08645 0 308 -1.08645 1
genomeend 76

/* Species #10 : (Size 6) (AF 5.98161) (Age 21)  */


/* Organism #77 Fitness: 8.93498 Error: 1.01086 */
genomestart 77
trait 1 0.1 0 0 0.458346 0 0 0 0.132062 
trait 2 0.2 0 0.0385094 0 0.0496699 0 0 0 
trait 3 0.3 0 0 0 0 0 0 0 
node 1 2 1 3
node 2 3 1 1
node 3 1 1 1
node 4 2 0 2
node 9 3 0 0
gene 3 1 4 -1.17386 0 1 -1.17386 1
gene 1 2 4 -1.06808 0 2 -1.06808 0
gene 2 3 4 -2.85657 0 3 -2.85657 1
gene 1 2 9 3.01191 0 12 3.01191 1
gene 3 9 4 2.2837 0 13 2.2837 1
gene 3 1 9 -0.532886 0 81 -0.532886 1
gene 3 3 9 1.12055 0 121 1.12055 1
genomeend 77

/* Organism #78 Fitness: 6.91428 Error: 1.3705 */
genomestart 78
trait 1 0.1 0 0 0.458346 0 0 0 0.132062 
trait 2 0.2 0 0.0385094 0 0.0496699 0 0 0 
trait 3 0.3 0 0 0 0 0 0 0 
node 1 2 1 3
node 2 3 1 1
node 3 1 1 1
node 4 2 0 2
node 9 3 0 0
gene 3 1 4 -0.540527 0 1 -0.540527 1
gene 1 2 4 -1.99968 0 2 -1.99968 0
gene 2 3 4 -3.43995 0 3 -3.43995 1
gene 1 2 9 3.91857 0 12 3.91857 1
gene 3 9 4 3.07981 0 13 3.07981 1
gene 2 1 9 -0.36771 0 81 -0.36771 1
gene 3 3 9 3.16101 0 121 3.16101 1
genomeend 78

/* Organism #79 Fitness: 4.57846 Error: 1.86027 */
genomestart 79
trait 1 0.1 0 0 0.458346 0 0 0 0.132062 
trait 2 0.2 0 0.0385094 0 0.0496699 0 0 0 
trait 3 0.3 0 0 0 0 0 0 0 
node 1 3 1 3
node 2 3 1 1
node 3 1 1 1
node 4 2 0 2
node 9 3 0 0
gene 3 1 4 0.280896 0 1 0.280896 1
gene 1 2 4 -1.35333 0 2 -1.35333 0
gene 2 3 4 -2.24398 0 3 -2.24398 1
gene 1 2 9 3.45109 0 12 3.45109 1
gene 3 9 4 1.15308 0 13 1.15308 1
gene 3 1 9 -0.509534 0 81 -0.509534 1
gene 3 3 9 2.4543 0 121 2.4543 1
genomeend 79

/* Organism #80 Fitness: 3.99965 Error: 2.00009 */
genomestart 80
trait 1 0.1 0 0 0.458346 0 0 0 0.132062 
trait 2 0.2 0 0.0385094 0 0.0496699 0 0 0 
trait 3 0.3 0 0 0 0 0 0 0 
node 1 2 1 3
node 2 3 1 1
node 3 1 1 1
node 4 2 0 2
node 9 3 0 0
gene 3 1 4 -0.662241 0 1 -0.662241 1
gene 1 2 4 0.873653 0 2 0.873653 0
gene 2 3 4 -1.78125 0 3 -1.78125 1
gene 1 2 9 4.71834 0 12 4.71834 1
gene 3 9 4 2.52229 0 13 2.52229 1
gene 3 1 9 0.948095 0 81 0.948095 1
gene 3 3 9 1.14332 0 121 1.14332 1
genomeend 80

/* Organism #81 Fitness: 4.57724 Error: 1.86055 */
genomestart 81
trait 1 0.1 0 0 0.458346 0 0 0 0.132062 
trait 2 0.2 0 0.0385094 0 0.0496699 0 0 0 
trait 3 0.3 0 0 0 0 0 0 0 
node 1 2 1 3
node 2 3 1 1
node 3 1 1 1
node 4 2 0 2
node 9 3 0 0
gene 3 1 4 -0.61505 0 1 -0.61505 1
gene 1 2 4 -3.55424 0 2 -3.55424 0
gene 2 3 4 -2.85657 0 3 -2.85657 1
gene 1 2 9 3.81091 0 12 3.81091 1
gene 3 9 4 0.315018 0 13 0.315018 1
gene 2 1 9 -2.39442 0 81 -2.39442 1
gene 3 3 9 1.33264 0 121 1.33264 1
genomeend 81

/* Organism #82 Fitness: 6.88505 Error: 1.37606 */
genomestart 82
trait 1 0.1 0 0 0.458346 0 0 0 0.132062 
trait 2 0.2 0 0.0385094 0 0.0496699 0 0 0 
trait 3 0.3 0 0 0 0 0 0 0 
node 1 2 1 3
node 2 3 1 1
node 3 1 1 1
node 4 2 0 2
node 9 3 0 0
gene 3 1 4 -0.102919 0 1 -0.102919 1
gene 1 2 4 -2.86479 0 2 -2.86479 0
gene 2 3 4 -4.87511 0 3 -4.87511 1
gene 1 2 9 3.5466 0 12 3.5466 1
gene 3 9 4 2.22148 0 13 2.22148 1
gene 3 1 9 -2.08689 0 81 -2.08689 1
gene 3 3 9 1.80332 0 121 1.80332 1
genomeend 82

/* Species #11 : (Size 11) (AF 8.18234) (Age 20)  */


/* Organism #83 Fitness: 9 Error: 1 */
genomestart 83
trait 1 0.1 0 0.851585 0 0.355643 0 0 0 
trait 2 0.309674 0 0 0 0.0809242 0.118134 0.0163269 0 
trait 3 0.608192 0 0 0 0 0 0 0.396248 
node 1 2 1 3
node 2 2 1 1
node 3 1 1 1
node 4 3 0 2
node 7 1 0 0
node 44 1 0 0
node 47 1 0 0
gene 2 1 4 -4.09133 0 1 -4.09133 1
gene 2 2 4 8 0 2 8 1
gene 2 3 4 -8 0 3 -8 1
gene 2 2 7 1.0484 0 8 1.0484 0
gene 2 7 4 0.231479 0 9 0.231479 0
gene 2 1 7 0.887343 0 72 0.887343 1
gene 2 2 44 0.336095 0 126 0.336095 1
gene 2 44 7 0.285231 0 127 0.285231 1
gene 2 7 47 0.30679 0 133 0.30679 0
gene 2 47 4 2.2805 0 134 2.2805 1
genomeend 83

/* Organism #84 Fitness: 1.00242 Error: 2.99879 */
genomestart 84
trait 1 0.1 0 0.851585 0 0.355643 0 0 0 
trait 2 0.309674 0 0 0 0.0809242 0.118134 0.0163269 0 
trait 3 0.608192 0.289317 0.809322 0 0 0 0 0.396248 
node 1 2 1 3
node 2 2 1 1
node 3 1 1 1
node 4 3 0 2
node 7 1 0 0
node 44 1 0 0
node 47 1 0 0
gene 2 1 4 1.95544 0 1 1.95544 1
gene 2 2 4 6.71111 0 2 6.71111 1
gene 2 3 4 -7.29144 0 3 -7.29144 1
gene 2 2 7 -0.757749 0 8 -0.757749 0
gene 2 7 4 2.25352 0 9 2.25352 0
gene 2 1 7 -0.338798 0 72 -0.338798 1
gene 2 2 44 -0.571094 0 126 -0.571094 1
gene 2 44 7 -1.26052 0 127 -1.26052 0
gene 2 7 47 0.587473 0 133 0.587473 0
gene 2 47 4 -0.364902 0 134 -0.364902 1
genomeend 84

/* Organism #85 Fitness: 9 Error: 1 */
genomestart 85
trait 1 0.1 0 0.851585 0 0.355643 0 0 0 
trait 2 0.309674 0 0 0 0.0809242 0.118134 0.0163269 0 
trait 3 0.608192 0 0 0 0 0 0 0.396248 
node 1 2 1 3
node 2 2 1 1
node 3 1 1 1
node 4 2 0 2
node 7 1 0 0
node 44 1 0 0
node 47 1 0 0
gene 2 1 4 -4.09133 0 1 -4.09133 1
gene 2 2 4 8 0 2 8 1
gene 2 3 4 -7.64572 0 3 -7.64572 1
gene 2 2 7 1.0484 0 8 1.0484 0
gene 2 7 4 0.231479 0 9 0.231479 1
gene 2 1 7 1.31468 0 72 1.31468 1
gene 2 2 44 -0.970515 0 126 -0.970515 1
gene 2 44 7 0.285231 0 127 0.285231 0
gene 2 7 47 -0.35258 0 133 -0.35258 0
gene 2 47 4 0.0325746 0 134 0.0325746 1
genomeend 85

/* Organism #86 Fitness: 8.99999 Error: 1 */
genomestart 86
trait 1 0.1 0 0.851585 0 0.355643 0 0 0 
trait 2 0.309674 0 0 0 0.0809242 0.118134 0.0163269 0 
trait 3 0.608192 0 0 0 0 0 0 0.396248 
node 1 2 1 3
node 2 2 1 1
node 3 1 1 1
node 4 3 0 2
node 7 1 0 0
node 44 1 0 0
node 47 1 0 0
gene 2 1 4 -5.67508 0 1 -5.67508 1
gene 2 2 4 6.01491 0 2 6.01491 1
gene 2 3 4 -6.93395 0 3 -6.93395 1
gene 2 2 7 1.72441 0 8 1.72441 0
gene 2 7 4 -1.84398 0 9 -1.84398 0
gene 1 1 7 1.29015 0 72 1.29015 1
gene 2 2 44 2.05006 0 126 2.05006 1
gene 2 44 7 -2.20428 0 127 -2.20428 1
gene 2 7 47 -0.0615445 0 133 -0.0615445 1
gene 2 47 4 4.63392 0 134 4.63392 1
genomeend 86

/* Organism #87 Fitness: 9 Error: 1 */
genomestart 87
trait 1 0.1 0 0.851585 0 0.355643 0 0 0 
trait 2 0.309674 0 0 0 0.0809242 0.118134 0.0163269 0 
trait 3 0.608192 0 0 0 0 0 0 0.396248 
node 1 2 1 3
node 2 2 1 1
node 3 1 1 1
node 4 2 0 2
node 7 1 0 0
node 44 1 0 0
node 47 1 0 0
gene 2 1 4 -4.55219 0 1 -4.55219 1
gene 2 2 4 8 0 2 8 1
gene 2 3 4 -8 0 3 -8 1
gene 2 2 7 -1.03043 0 8 -1.03043 0
gene 2 7 4 2.67722 0 9 2.67722 0
gene 2 1 7 2.0215 0 72 2.0215 1
gene 2 2 44 2.1962 0 126 2.1962 1
gene 2 44 7 -1.52106 0 127 -1.52106 0
gene 2 7 47 1.1343 0 133 1.1343 0
gene 2 47 4 -0.0754168 0 134 -0.0754168 0
genomeend 87

/* Organism #88 Fitness: 9 Error: 1 */
genomestart 88
trait 1 0.1 0 0.851585 0 0.355643 0 0 0 
trait 2 0.309674 0 0 0 0.0809242 0.118134 0.0163269 0 
trait 3 0.608192 0 0 0 0 0 0 0.396248 
node 1 2 1 3
node 2 2 1 1
node 3 1 1 1
node 4 2 0 2
node 7 1 0 0
node 44 1 0 0
node 47 1 0 0
gene 2 1 4 -4.09133 0 1 -4.09133 1
gene 2 2 4 8 0 2 8 1
gene 2 3 4 -7.29144 0 3 -7.29144 1
gene 2 2 7 1.0484 0 8 1.0484 0
gene 2 7 4 0.231479 0 9 0.231479 0
gene 2 1 7 1.74201 0 72 1.74201 1
gene 2 2 44 -2.27713 0 126 -2.27713 1
gene 2 44 7 0.285231 0 127 0.285231 0
gene 2 7 47 0.30679 0 133 0.30679 0
gene 2 47 4 -2.21535 0 134 -2.21535 1
gene 2 4 44 -0.402064 0 319 -0.402064 1
genomeend 88

/* Organism #89 Fitness: 8.99622 Error: 1.00063 */
genomestart 89
trait 1 0.1 0 0.851585 0 0.355643 0 0 0 
trait 2 0.309674 0 0 0 0.0809242 0.118134 0.0163269 0 
trait 3 0.608192 0 0 0 0 0 0 0.396248 
node 1 2 1 3
node 2 2 1 1
node 3 1 1 1
node 4 2 0 2
node 7 1 0 0
node 44 1 0 0
node 47 1 0 0
gene 2 1 4 -6.50346 0 1 -6.50346 1
gene 2 2 4 8 0 2 8 1
gene 2 3 4 -7.44734 0 3 -7.44734 1
gene 2 2 7 1.06871 0 8 1.06871 0
gene 2 7 4 3.47925 0 9 3.47925 0
gene 2 1 7 4.1522 0 72 4.1522 1
gene 2 2 44 0.467818 0 126 0.467818 1
gene 2 44 7 -1.13435 0 127 -1.13435 0
gene 2 7 47 0.247276 0 133 0.247276 0
gene 2 47 4 -0.970802 0 134 -0.970802 0
genomeend 89

/* Organism #90 Fitness: 9 Error: 1 */
genomestart 90
trait 1 0.1 0 0.851585 0 0.355643 0 0 0 
trait 2 1 0.313463 0 0 0 0 0.898987 0 
trait 3 0.608192 0 0 0 0 0 0 0.396248 
node 1 2 1 3
node 2 2 1 1
node 3 1 1 1
node 4 2 0 2
node 7 1 0 0
node 44 1 0 0
node 47 1 0 0
gene 2 1 4 -3.24062 0 1 -3.24062 1
gene 2 2 4 7.97853 0 2 7.97853 1
gene 2 3 4 -8 0 3 -8 1
gene 2 2 7 0.632943 0 8 0.632943 0
gene 2 7 4 1.89172 0 9 1.89172 0
gene 2 1 7 -1.29379 0 72 -1.29379 1
gene 2 2 44 -0.0599725 0 126 -0.0599725 1
gene 2 44 7 -1.0758 0 127 -1.0758 0
gene 2 7 47 1.91675 0 133 1.91675 0
gene 2 47 4 -1.38448 0 134 -1.38448 0
genomeend 90

/* Organism #91 Fitness: 8.00794 Error: 1.17017 */
genomestart 91
trait 1 0.1 0 0.851585 0 0.355643 0 0 0 
trait 2 0.309674 0 0 0 0.0809242 0.118134 0.0163269 0 
trait 3 0.608192 0 0 0 0 0 0 0.396248 
node 1 2 1 3
node 2 2 1 1
node 3 1 1 1
node 4 2 0 2
node 7 1 0 0
node 44 1 0 0
node 47 1 0 0
node 111 1 0 0
gene 2 1 4 -4.32176 0 1 -4.32176 1
gene 2 2 4 8 0 2 8 0
gene 2 3 4 -8 0 3 -8 1
gene 2 2 7 0.00898326 0 8 0.00898326 0
gene 2 7 4 1.45435 0 9 1.45435 0
gene 2 1 7 1.45442 0 72 1.45442 1
gene 2 2 44 1.26615 0 126 1.26615 1
gene 2 44 7 -0.617914 0 127 -0.617914 0
gene 2 7 47 0.720545 0 133 0.720545 0
gene 2 47 4 1.10254 0 134 1.10254 0
gene 2 2 111 1 0 320 0 1
gene 2 111 4 8 0 321 0 1
genomeend 91

/* Organism #92 Fitness: 8.99948 Error: 1.00009 */
genomestart 92
trait 1 0.1 0 0.851585 0 0.355643 0 0 0 
trait 2 0.309674 0 0 0 0.0809242 0.118134 0.0163269 0 
trait 3 0.608192 0 0 0 0 0 0 0.396248 
node 1 2 1 3
node 2 2 1 1
node 3 1 1 1
node 4 3 0 2
node 7 1 0 0
node 44 1 0 0
node 47 1 0 0
gene 2 1 4 -6.09947 0 1 -6.09947 1
gene 2 2 4 8 0 2 8 1
gene 2 3 4 -8 0 3 -8 1
gene 2 2 7 -0.717848 0 8 -0.717848 0
gene 2 7 4 2.02502 0 9 2.02502 0
gene 2 1 7 0.126685 0 72 0.126685 1
gene 2 2 44 -2.06049 0 126 -2.06049 1
gene 2 44 7 -2.10803 0 127 -2.10803 1
gene 2 7 47 0.973538 0 133 0.973538 0
gene 2 47 4 0.974497 0 134 0.974497 1
genomeend 92

/* Organism #93 Fitness: 8.99968 Error: 1.00005 */
genomestart 93
trait 1 0.1 0 0.851585 0 0.355643 0 0 0 
trait 2 0.309674 0 0 0 0.0809242 0.118134 0.0163269 0 
trait 3 0.608192 0 0 0 0 0 0 0.396248 
node 1 2 1 3
node 2 2 1 1
node 3 1 1 1
node 4 3 0 2
node 7 1 0 0
node 44 1 0 0
node 47 1 0 0
gene 2 1 4 -3.52103 0 1 -3.52103 1
gene 2 2 4 5.52068 0 2 5.52068 1
gene 2 3 4 -5.77736 0 3 -5.77736 1
gene 2 2 7 3.05176 0 8 3.05176 0
gene 2 7 4 -0.906906 0 9 -0.906906 0
gene 2 1 7 -0.571105 0 72 -0.571105 1
gene 2 2 44 -4.35249 0 126 -4.35249 1
gene 2 44 7 0.3425 0 127 0.3425 0
gene 2 7 47 -1.82153 0 133 -1.82153 0
gene 2 47 4 -0.271942 0 134 -0.271942 1
genomeend 93

/* Species #12 : (Size 11) (AF 8.16639) (Age 20)  */


/* Organism #94 Fitness: 9 Error: 1 */
genomestart 94
trait 1 0.112817 0.272828 0 0 0 0.121395 0 0 
trait 2 0.1875 0 0.0190835 0 0 0 0 0.0395724 
trait 3 0.3 0 0 0 0.0561388 0 0.0908197 0.224854 
node 1 2 1 3
node 2 3 1 1
node 3 3 1 1
node 4 3 0 2
node 6 1 0 0
node 49 1 0 0
gene 2 1 4 -4.03612 0 1 -4.03612 1
gene 2 2 4 8 0 2 8 1
gene 1 3 4 -7.72318 0 3 -7.72318 0
gene 1 3 6 -1.67338 0 6 -1.67338 1
gene 2 6 4 -4.35602 0 7 -4.35602 1
gene 3 1 6 -3.36821 0 120 -3.36821 1
gene 1 3 49 6.5948 0 137 6.5948 1
gene 1 49 4 -8 0 138 -8 1
gene 2 1 49 -2.42312 0 154 -2.42312 1
gene 3 2 6 -0.991167 0 311 -0.991167 1
genomeend 94

/* Organism #95 Fitness: 4 Error: 2 */
genomestart 95
trait 1 0.112817 0.272828 0 0 0 0.121395 0 0 
trait 2 0.1875 0 0.0190835 0 0 0 0 0.0395724 
trait 3 0.3 0 0 0 0.0561388 0 0.0908197 0.224854 
node 1 2 1 3
node 2 3 1 1
node 3 3 1 1
node 4 3 0 2
node 6 1 0 0
node 49 1 0 0
gene 2 1 4 -4.52802 0 1 -4.52802 1
gene 2 2 4 8 0 2 8 1
gene 1 3 4 0.63837 0 3 0.63837 0
gene 1 3 6 -0.692506 0 6 -0.692506 1
gene 2 6 4 1.79045 0 7 1.79045 1
gene 3 1 6 -3.36821 0 120 -3.36821 1
gene 1 3 49 0.617088 0 137 0.617088 1
gene 1 49 4 -8 0 138 -8 1
gene 2 1 49 -2.15452 0 154 -2.15452 1
genomeend 95

/* Organism #96 Fitness: 8.99408 Error: 1.00099 */
genomestart 96
trait 1 0.112817 0.272828 0 0 0 0.121395 0 0 
trait 2 0.1875 0 0.0190835 0 0 0 0 0.0395724 
trait 3 0.3 0 0 0 0.0561388 0 0.0908197 0.224854 
node 1 2 1 3
node 2 3 1 1
node 3 3 1 1
node 4 3 0 2
node 6 1 0 0
node 49 1 0 0
gene 2 1 4 -3.46754 0 1 -3.46754 1
gene 2 2 4 7.55549 0 2 7.55549 1
gene 1 3 4 -5.93804 0 3 -5.93804 0
gene 1 3 6 -2.95843 0 6 -2.95843 1
gene 2 6 4 -3.07978 0 7 -3.07978 1
gene 3 1 6 -1.44069 0 120 -1.44069 1
gene 1 3 49 4.70046 0 137 4.70046 1
gene 1 49 4 -5.5303 0 138 -5.5303 1
gene 2 1 49 -3.68452 0 154 -3.68452 1
genomeend 96

/* Organism #97 Fitness: 8.99998 Error: 1 */
genomestart 97
trait 1 0.112817 0.272828 0 0 0 0.121395 0 0 
trait 2 0.1875 0 0.0190835 0 0 0 0 0.0395724 
trait 3 0.3 0 0 0 0.0561388 0 0.0908197 0.224854 
node 1 2 1 3
node 2 3 1 1
node 3 3 1 1
node 4 3 0 2
node 6 1 0 0
node 49 1 0 0
gene 2 1 4 -2.62634 0 1 -2.62634 1
gene 2 2 4 5.92416 0 2 5.92416 1
gene 1 3 4 -6.0526 0 3 -6.0526 0
gene 1 3 6 -0.961395 0 6 -0.961395 1
gene 2 6 4 -5.15052 0 7 -5.15052 1
gene 3 1 6 -4.66228 0 120 -4.66228 1
gene 1 3 49 6.27355 0 137 6.27355 1
gene 1 49 4 -8 0 138 -8 1
gene 2 1 49 -3.64924 0 154 -3.64924 1
genomeend 97

/* Organism #98 Fitness: 9 Error: 1 */
genomestart 98
trait 1 0.112817 0.272828 0 0 0 0.121395 0 0 
trait 2 0.1875 0 0.0190835 0 0 0 0 0.0395724 
trait 3 0.3 0 0 0 0.0561388 0 0.0908197 0.224854 
node 1 2 1 3
node 2 3 1 1
node 3 3 1 1
node 4 3 0 2
node 6 1 0 0
node 49 1 0 0
gene 2 1 4 -4.03612 0 1 -4.03612 1
gene 2 2 4 8 0 2 8 1
gene 1 3 4 -7.72318 0 3 -7.72318 0
gene 1 3 6 -1.67338 0 6 -1.67338 1
gene 2 6 4 -4.35602 0 7 -4.35602 1
gene 3 1 6 -3.36821 0 120 -3.36821 1
gene 1 3 49 6.5948 0 137 6.5948 1
gene 1 49 4 -8 0 138 -8 1
gene 2 1 49 -2.42312 0 154 -2.42312 1
genomeend 98

/* Organism #99 Fitness: 9 Error: 1 */
genomestart 99
trait 1 0.112817 0.272828 0 0 0 0.121395 0 0 
trait 2 0.1875 0 0.0190835 0 0 0 0 0.0395724 
trait 3 0.3 0 0 0 0.0561388 0 0.0908197 0.224854 
node 1 2 1 3
node 2 3 1 1
node 3 3 1 1
node 4 3 0 2
node 6 1 0 0
node 49 1 0 0
gene 2 1 4 -4.03612 0 1 -4.03612 1
gene 2 2 4 8 0 2 8 1
gene 1 3 4 -7.72318 0 3 -7.72318 0
gene 1 3 6 -1.67338 0 6 -1.67338 1
gene 1 6 4 -4.35602 0 7 -4.35602 1
gene 3 1 6 -3.36821 0 120 -3.36821 1
gene 1 3 49 6.5948 0 137 6.5948 1
gene 1 49 4 -8 0 138 -8 1
gene 2 1 49 -2.42312 0 154 -2.42312 1
genomeend 99

/* Organism #100 Fitness: 8.68925 Error: 1.05225 */
genomestart 100
trait 1 0.112817 0.272828 0 0 0 0.121395 0 0 
trait 2 0.1875 0 0.0190835 0 0 0 0 0.0395724 
trait 3 0.3 0 0 0 0.0561388 0 0.0908197 0.224854 
node 1 2 1 3
node 2 3 1 1
node 3 3 1 1
node 4 3 0 2
node 6 1 0 0
node 49 1 0 0
gene 2 1 4 -1.74087 0 1 -1.74087 1
gene 2 2 4 8 0 2 8 1
gene 1 3 4 -6.53041 0 3 -6.53041 0
gene 1 3 6 -3.07015 0 6 -3.07015 1
gene 2 6 4 -6.38879 0 7 -6.38879 1
gene 3 1 6 -2.65364 0 120 -2.65364 1
gene 1 3 49 5.42132 0 137 5.42132 1
gene 1 49 4 -6.84844 0 138 -6.84844 1
gene 2 1 49 -2.32875 0 154 -2.32875 1
genomeend 100

/* Organism #101 Fitness: 8.99999 Error: 1 */
genomestart 101
trait 1 0.112817 0.272828 0 0 0 0.121395 0 0 
trait 2 0.1875 0 0.0190835 0 0 0 0 0.0395724 
trait 3 0.3 0 0 0 0.0561388 0 0.0908197 0.224854 
node 1 2 1 3
node 2 3 1 1
node 3 3 1 1
node 4 3 0 2
node 6 1 0 0
node 49 1 0 0
gene 2 1 4 -5.25125 0 1 -5.25125 1
gene 2 2 4 8 0 2 8 1
gene 1 3 4 -7.80969 0 3 -7.80969 0
gene 1 3 6 -2.93336 0 6 -2.93336 1
gene 2 6 4 -4.35602 0 7 -4.35602 1
gene 3 1 6 -3.39023 0 120 -3.39023 1
gene 1 3 49 4.86836 0 137 4.86836 1
gene 1 49 4 -8 0 138 -8 1
gene 2 1 49 -0.855712 0 154 -0.855712 1
genomeend 101

/* Organism #102 Fitness: 9 Error: 1 */
genomestart 102
trait 1 0.112817 0.272828 0 0 0 0.121395 0 0 
trait 2 0.1875 0 0.0190835 0 0 0 0 0.0395724 
trait 3 0.3 0 0 0 0.0561388 0 0.0908197 0.224854 
node 1 2 1 3
node 2 3 1 1
node 3 3 1 1
node 4 3 0 2
node 6 1 0 0
node 49 1 0 0
gene 2 1 4 -4.03612 0 1 -4.03612 1
gene 2 2 4 8 0 2 8 1
gene 1 3 4 -7.72318 0 3 -7.72318 0
gene 1 3 6 -1.67338 0 6 -1.67338 1
gene 2 6 4 -4.35602 0 7 -4.35602 1
gene 3 1 6 -3.36821 0 120 -3.36821 1
gene 1 3 49 6.5948 0 137 6.5948 1
gene 1 49 4 -8 0 138 -8 1
gene 2 1 49 -2.42312 0 154 -2.42312 1
gene 3 2 6 -0.991167 0 311 -0.991167 1
genomeend 102

/* Organism #103 Fitness: 5.17182 Error: 1.72584 */
genomestart 103
trait 1 0.112817 0.272828 0 0 0 0.121395 0 0 
trait 2 0.1875 0 0.0190835 0 0 0 0 0.0395724 
trait 3 0.3 0 0 0 0.0561388 0 0.0908197 0.224854 
node 1 2 1 3
node 2 3 1 1
node 3 3 1 1
node 4 3 0 2
node 6 2 0 0
node 49 1 0 0
gene 2 1 4 -3.26176 0 1 -3.26176 1
gene 2 2 4 8 0 2 8 1
gene 1 3 4 -8 0 3 -8 0
gene 1 3 6 -2.7258 0 6 -2.7258 1
gene 2 6 4 -4.93616 0 7 -4.93616 1
gene 3 1 6 2.11031 0 120 2.11031 1
gene 1 3 49 6.5948 0 137 6.5948 1
gene 1 49 4 -6.63527 0 138 -6.63527 1
gene 2 1 49 -2.85858 0 154 -2.85858 1
gene 3 2 6 -0.108163 0 311 -0.108163 1
genomeend 103

/* Organism #104 Fitness: 8.97512 Error: 1.00415 */
genomestart 104
trait 1 0.112817 0.272828 0 0 0 0.121395 0 0 
trait 2 0.1875 0 0.0190835 0 0 0 0 0.0395724 
trait 3 0.3 0 0 0 0.0561388 0 0.0908197 0.224854 
node 1 2 1 3
node 2 3 1 1
node 3 3 1 1
node 4 3 0 2
node 6 1 0 0
node 49 1 0 0
gene 2 1 4 -5.33713 0 1 -5.33713 1
gene 2 2 4 6.45011 0 2 6.45011 1
gene 1 3 4 -8 0 3 -8 1
gene 1 3 6 0.155064 0 6 0.155064 1
gene 2 6 4 -6.08898 0 7 -6.08898 1
gene 3 1 6 -5.58444 0 120 -5.58444 1
gene 1 3 49 8 0 137 8 1
gene 1 49 4 -6.82906 0 138 -6.82906 1
gene 2 1 49 -3.50303 0 154 -3.50303 1
genomeend 104

/* Species #13 : (Size 10) (AF 8.51463) (Age 17)  */


/* Organism #105 Fitness: 9 Error: 1 */
genomestart 105
trait 1 0.1 0 0 0 0 0 0 0 
trait 2 0.2 0 0 0 0 0 0 0 
trait 3 0.35766 0 0 0 0.118707 0 0.103511 0 
node 1 2 1 3
node 2 1 1 1
node 3 1 1 1
node 4 3 0 2
node 13 1 0 0
gene 1 1 4 1.90207 0 1 1.90207 1
gene 1 2 4 5.50371 0 2 5.50371 1
gene 1 3 4 4.16584 0 3 4.16584 1
gene 1 2 13 -5.04349 0 24 -5.04349 1
gene 1 13 4 -7.61322 0 25 -7.61322 1
gene 3 3 13 -4.88802 0 159 -4.88802 1
gene 3 1 13 3.506 0 263 3.506 1
genomeend 105

/* Organism #106 Fitness: 8.99974 Error: 1.00004 */
genomestart 106
trait 1 0.1 0 0 0 0 0 0 0 
trait 2 0.2 0 0 0 0 0 0 0 
trait 3 0.35766 0 0.154108 0 0.118707 0 0.551756 0 
node 1 2 1 3
node 2 1 1 1
node 3 1 1 1
node 4 3 0 2
node 13 1 0 0
gene 2 1 4 -2.13206 0 1 -2.13206 1
gene 1 2 4 7.49243 0 2 7.49243 1
gene 1 3 4 4.17165 0 3 4.17165 1
gene 1 2 13 -6.32825 0 24 -6.32825 1
gene 1 13 4 -6.97894 0 25 -6.97894 1
gene 3 3 13 -7.43492 0 159 -7.43492 1
gene 3 1 13 -0.172768 0 263 -0.172768 1
genomeend 106

/* Organism #107 Fitness: 8.99967 Error: 1.00005 */
genomestart 107
trait 1 0.1 0 0 0 0 0 0 0 
trait 2 0.2 0 0 0 0 0 0 0 
trait 3 0.35766 0 0 0 0.118707 0 0.103511 0 
node 1 2 1 3
node 2 1 1 1
node 3 1 1 1
node 4 3 0 2
node 13 1 0 0
gene 1 1 4 0.635957 0 1 0.635957 1
gene 1 2 4 3.62576 0 2 3.62576 1
gene 1 3 4 4.33175 0 3 4.33175 1
gene 1 2 13 -4.76623 0 24 -4.76623 1
gene 1 13 4 -8 0 25 -8 1
gene 3 3 13 -5.3762 0 159 -5.3762 1
gene 3 1 13 4.57785 0 263 4.57785 1
genomeend 107

/* Organism #108 Fitness: 9 Error: 1 */
genomestart 108
trait 1 0.1 0 0 0 0 0 0 0 
trait 2 0.2 0 0 0 0 0 0 0 
trait 3 0.35766 0 0.077054 0 0.118707 0 0.327633 0 
node 1 2 1 3
node 2 1 1 1
node 3 1 1 1
node 4 3 0 2
node 13 1 0 0
gene 2 1 4 1.82717 0 1 1.82717 1
gene 1 2 4 4.58762 0 2 4.58762 1
gene 1 3 4 6.30132 0 3 6.30132 1
gene 1 2 13 -5.02857 0 24 -5.02857 1
gene 1 13 4 -7.20143 0 25 -7.20143 1
gene 3 3 13 -2.29213 0 159 -2.29213 1
gene 3 1 13 1.85836 0 263 1.85836 1
genomeend 108

/* Organism #109 Fitness: 8.99997 Error: 1 */
genomestart 109
trait 1 0.1 0 0 0 0 0 0.568126 0 
trait 2 0.2 0 0 0 0 0 0 0 
trait 3 0.35766 0 0.077054 0 0.118707 0 0.327633 0 
node 1 2 1 3
node 2 1 1 1
node 3 1 1 1
node 4 3 0 2
node 13 1 0 0
gene 2 1 4 2.34234 0 1 2.34234 1
gene 1 2 4 6.86265 0 2 6.86265 1
gene 1 3 4 4.96706 0 3 4.96706 1
gene 1 2 13 -6.28107 0 24 -6.28107 1
gene 1 13 4 -5.33313 0 25 -5.33313 1
gene 3 3 13 -3.00113 0 159 -3.00113 1
gene 3 1 13 3.45136 0 263 3.45136 1
genomeend 109

/* Organism #110 Fitness: 8.99892 Error: 1.00018 */
genomestart 110
trait 1 0.280984 0 0 0 0 0 0 0 
trait 2 0.2 0 0 0 0 0 0 0 
trait 3 0.35766 0 0.115581 0 0.118707 0 0.439695 0 
node 1 2 1 3
node 2 1 1 1
node 3 1 1 1
node 4 3 0 2
node 13 1 0 0
gene 2 1 4 -1.90814 0 1 -1.90814 1
gene 1 2 4 5.22631 0 2 5.22631 1
gene 1 3 4 4.51632 0 3 4.51632 1
gene 1 2 13 -7.5011 0 24 -7.5011 1
gene 1 13 4 -3.79361 0 25 -3.79361 1
gene 1 3 13 -2.13731 0 159 -2.13731 1
gene 3 1 13 1.88745 0 263 1.88745 1
genomeend 110

/* Organism #111 Fitness: 9 Error: 1 */
genomestart 111
trait 1 0.1 0 0 0 0 0 0 0 
trait 2 0.2 0 0 0 0 0 0 0 
trait 3 0.35766 0 0.115581 0 0.118707 0 0.439695 0 
node 1 2 1 3
node 2 1 1 1
node 3 1 1 1
node 4 3 0 2
node 13 1 0 0
gene 2 1 4 -0.571452 0 1 -0.571452 1
gene 1 2 4 7.04257 0 2 7.04257 1
gene 1 3 4 3.58959 0 3 3.58959 1
gene 1 2 13 -6.08005 0 24 -6.08005 1
gene 1 13 4 -5.16414 0 25 -5.16414 1
gene 3 3 13 -4.92741 0 159 -4.92741 1
gene 3 1 13 1.76193 0 263 1.76193 1
genomeend 111

/* Organism #112 Fitness: 4.18511 Error: 1.95425 */
genomestart 112
trait 1 0.1 0 0 0 0 0 0 0 
trait 2 0.894744 0 0 0 0 0 0.808295 0 
trait 3 0.35766 0 0.077054 0 0.118707 0 0.327633 0 
node 1 2 1 3
node 2 1 1 1
node 3 1 1 1
node 4 3 0 2
node 13 1 0 0
gene 2 1 4 2.18 0 1 2.18 1
gene 1 2 4 6.51358 0 2 6.51358 1
gene 1 3 4 1.5218 0 3 1.5218 1
gene 1 2 13 -8 0 24 -8 1
gene 1 13 4 -4.31855 0 25 -4.31855 1
gene 3 3 13 1.75895 0 159 1.75895 1
gene 3 1 13 1.97511 0 263 1.97511 1
genomeend 112

/* Organism #113 Fitness: 8.96297 Error: 1.00618 */
genomestart 113
trait 1 0.1 0 0 0 0 0 0 0 
trait 2 0.2 0 0 0 0 0 0 0 
trait 3 0.35766 0 0.077054 0 0.118707 0 0.327633 0 
node 1 2 1 3
node 2 1 1 1
node 3 1 1 1
node 4 3 0 2
node 13 1 0 0
gene 2 1 4 -0.101116 0 1 -0.101116 1
gene 1 2 4 4.13629 0 2 4.13629 1
gene 1 3 4 3.88264 0 3 3.88264 1
gene 1 2 13 -7.15627 0 24 -7.15627 1
gene 1 13 4 -6.85725 0 25 -6.85725 1
gene 3 3 13 -6.44644 0 159 -6.44644 1
gene 3 1 13 -0.375964 0 263 -0.375964 1
genomeend 113

/* Organism #114 Fitness: 8.99997 Error: 1 */
genomestart 114
trait 1 0.1 0 0 0 0 0 0 0 
trait 2 0.2 0 0 0 0 0 0 0 
trait 3 0.35766 0 1 0 0.118707 0.667364 0.655622 0 
node 1 2 1 3
node 2 1 1 1
node 3 1 1 1
node 4 3 0 2
node 13 1 0 0
gene 2 1 4 -2.46678 0 1 -2.46678 1
gene 1 2 4 7.28163 0 2 7.28163 1
gene 1 3 4 5.21171 0 3 5.21171 1
gene 1 2 13 -7.37554 0 24 -7.37554 1
gene 1 13 4 -1.15709 0 25 -1.15709 1
gene 3 3 13 -1.21771 0 159 -1.21771 1
gene 3 1 13 -0.516031 0 263 -0.516031 1
genomeend 114

/* Species #14 : (Size 8) (AF 7.31375) (Age 12)  */


/* Organism #115 Fitness: 8.47107 Error: 1.08949 */
genomestart 115
trait 1 0.1 0 0 0 0 0 0 0 
trait 2 0.2 0 0 0 0 0 0 0 
trait 3 0.0678674 0 0 0.688816 0.326301 0 0 0 
node 1 2 1 3
node 2 3 1 1
node 3 1 1 1
node 4 2 0 2
node 9 3 0 0
node 17 2 0 0
node 77 1 0 0
gene 3 1 4 -1.23466 0 1 -1.23466 1
gene 1 2 4 2.41323 0 2 2.41323 1
gene 2 3 4 1.04809 0 3 1.04809 1
gene 1 2 9 1.5168 0 12 1.5168 1
gene 1 9 4 1.51635 0 13 1.51635 1
gene 1 2 17 -3.19966 0 37 -3.19966 1
gene 3 17 9 -3.47123 0 38 -3.47123 0
gene 2 3 9 3.94023 0 103 3.94023 1
gene 2 17 77 -2.8341 0 223 -2.8341 1
gene 3 77 9 1.02731 0 224 1.02731 1
genomeend 115

/* Organism #116 Fitness: 8.83507 Error: 1.02762 */
genomestart 116
trait 1 0.1 0 0 0 0 0 0 0 
trait 2 0.2 0 0 0 0 0 0 0 
trait 3 0.183934 0 0 0.344408 0.163151 0 0 0 
node 1 2 1 3
node 2 3 1 1
node 3 1 1 1
node 4 2 0 2
node 9 1 0 0
node 17 2 0 0
node 77 1 0 0
gene 3 1 4 -0.799005 0 1 -0.799005 1
gene 1 2 4 1.81684 0 2 1.81684 1
gene 2 3 4 0.728433 0 3 0.728433 1
gene 1 2 9 2.25162 0 12 2.25162 1
gene 1 9 4 1.1562 0 13 1.1562 1
gene 1 2 17 -1.46198 0 37 -1.46198 1
gene 3 17 9 -2.08102 0 38 -2.08102 0
gene 2 3 9 3.64675 0 103 3.64675 1
gene 2 17 77 -1.1763 0 223 -1.1763 1
gene 3 77 9 0.0743062 0 224 0.0743062 1
gene 2 1 9 -0.700244 0 322 -0.700244 1
genomeend 116

/* Organism #117 Fitness: 4.65056 Error: 1.84348 */
genomestart 117
trait 1 0.1 0 0 0 0 0 0 0 
trait 2 0.2 0 0 0 0 0 0 0 
trait 3 0.0678674 0 0 0.688816 0.326301 0 0 0 
node 1 2 1 3
node 2 3 1 1
node 3 1 1 1
node 4 2 0 2
node 9 3 0 0
node 17 2 0 0
node 77 1 0 0
gene 3 1 4 -3.30638 0 1 -3.30638 1
gene 1 2 4 0.601775 0 2 0.601775 1
gene 2 3 4 1.83181 0 3 1.83181 1
gene 1 2 9 2.50808 0 12 2.50808 1
gene 1 9 4 2.379 0 13 2.379 1
gene 1 2 17 -3.56616 0 37 -3.56616 1
gene 3 17 9 -3.48339 0 38 -3.48339 0
gene 2 3 9 6.43671 0 103 6.43671 1
gene 2 17 77 -2.96469 0 223 -2.96469 1
gene 3 77 9 -0.91474 0 224 -0.91474 1
genomeend 117

/* Organism #118 Fitness: 8.47107 Error: 1.08949 */
genomestart 118
trait 1 0.1 0 0 0 0 0 0 0 
trait 2 0.2 0 0 0 0 0 0 0 
trait 3 0.0678674 0 0 0.688816 0.326301 0 0 0 
node 1 2 1 3
node 2 3 1 1
node 3 1 1 1
node 4 2 0 2
node 9 3 0 0
node 17 2 0 0
node 77 1 0 0
gene 3 1 4 -1.23466 0 1 -1.23466 1
gene 1 2 4 2.41323 0 2 2.41323 1
gene 2 3 4 1.04809 0 3 1.04809 1
gene 1 2 9 1.5168 0 12 1.5168 1
gene 1 9 4 1.51635 0 13 1.51635 1
gene 1 2 17 -3.19966 0 37 -3.19966 1
gene 3 17 9 -3.47123 0 38 -3.47123 0
gene 2 3 9 3.94023 0 103 3.94023 1
gene 2 17 77 -2.8341 0 223 -2.8341 1
gene 3 77 9 1.02731 0 224 1.02731 1
genomeend 118

/* Organism #119 Fitness: 7.49678 Error: 1.26198 */
genomestart 119
trait 1 0.1 0 0 0 0 0 0 0 
trait 2 0.2 0 0 0 0 0 0 0 
trait 3 0.183934 0 0 0.344408 0.163151 0 0 0 
node 1 2 1 3
node 2 3 1 1
node 3 1 1 1
node 4 2 0 2
node 9 1 0 0
node 17 2 0 0
node 77 1 0 0
gene 3 1 4 -0.799005 0 1 -0.799005 1
gene 1 2 4 1.81684 0 2 1.81684 1
gene 2 3 4 0.728433 0 3 0.728433 1
gene 1 2 9 2.25162 0 12 2.25162 1
gene 1 9 4 1.1562 0 13 1.1562 1
gene 1 2 17 -1.46198 0 37 -1.46198 1
gene 3 17 9 -2.08102 0 38 -2.08102 0
gene 2 3 9 3.64675 0 103 3.64675 1
gene 3 17 77 -1.1763 0 223 -1.1763 1
gene 3 77 9 0.0743062 0 224 0.0743062 1
gene 1 2 77 -0.82894 0 323 -0.82894 1
genomeend 119

/* Organism #120 Fitness: 7.13196 Error: 1.32943 */
genomestart 120
trait 1 0.1 0.205849 0.592094 0.80728 0.313129 0 0.544607 0.0252642 
trait 2 0.2 0 0 0 0 0 0 0 
trait 3 0.0678674 0 0 0.688816 0.326301 0 0 0 
node 1 2 1 3
node 2 3 1 1
node 3 1 1 1
node 4 2 0 2
node 9 3 0 0
node 17 2 0 0
node 77 1 0 0
gene 3 1 4 -0.144398 0 1 -0.144398 1
gene 1 2 4 2.41323 0 2 2.41323 1
gene 2 3 4 2.11692 0 3 2.11692 1
gene 1 2 9 3.09796 0 12 3.09796 1
gene 1 9 4 2.53381 0 13 2.53381 1
gene 1 2 17 -4.96947 0 37 -4.96947 1
gene 3 17 9 -4.34762 0 38 -4.34762 1
gene 2 3 9 2.20737 0 103 2.20737 1
gene 2 17 77 -3.21363 0 223 -3.21363 1
gene 3 77 9 1.02731 0 224 1.02731 1
genomeend 120

/* Organism #121 Fitness: 7.49678 Error: 1.26198 */
genomestart 121
trait 1 0.1 0 0 0 0 0 0 0 
trait 2 0.2 0 0 0 0 0 0 0 
trait 3 0.183934 0 0 0.344408 0.163151 0 0 0 
node 1 2 1 3
node 2 3 1 1
node 3 1 1 1
node 4 2 0 2
node 9 3 0 0
node 17 2 0 0
node 77 1 0 0
gene 3 1 4 -0.799005 0 1 -0.799005 1
gene 1 2 4 1.81684 0 2 1.81684 1
gene 2 3 4 0.728433 0 3 0.728433 1
gene 1 2 9 2.25162 0 12 2.25162 1
gene 1 9 4 1.1562 0 13 1.1562 1
gene 1 2 17 -1.46198 0 37 -1.46198 1
gene 3 17 9 -2.08102 0 38 -2.08102 0
gene 2 3 9 3.64675 0 103 3.64675 1
gene 3 17 77 -1.1763 0 223 -1.1763 1
gene 3 77 9 0.0743062 0 224 0.0743062 1
genomeend 121

/* Organism #122 Fitness: 5.95673 Error: 1.55936 */
genomestart 122
trait 1 0.1 0 0 0 0 0 0 0 
trait 2 0.2 0 0 0 0 0 0 0 
trait 3 0.183934 0 0 0.344408 0.163151 0 0 0 
node 1 2 1 3
node 2 3 1 1
node 3 1 1 1
node 4 2 0 2
node 9 3 0 0
node 17 2 0 0
node 77 1 0 0
gene 3 1 4 -0.363346 0 1 -0.363346 1
gene 1 2 4 2.41323 0 2 2.41323 1
gene 2 3 4 0.408777 0 3 0.408777 1
gene 1 2 9 1.5168 0 12 1.5168 1
gene 1 9 4 0.796063 0 13 0.796063 1
gene 1 2 17 -3.19966 0 37 -3.19966 1
gene 3 17 9 -3.47123 0 38 -3.47123 0
gene 2 3 9 3.35327 0 103 3.35327 1
gene 2 17 77 -2.8341 0 223 -2.8341 1
gene 3 77 9 1.02731 0 224 1.02731 1
genomeend 122

/* Species #15 : (Size 10) (AF 7.70642) (Age 12)  */


/* Organism #123 Fitness: 8.99982 Error: 1.00003 */
genomestart 123
trait 1 0 0 0 0 0.5788 0 0 0 
trait 2 0.2 0 0 0 0 0.0457116 0 0 
trait 3 0.3 0 0 0 0 0 0 0 
node 1 2 1 3
node 2 3 1 1
node 3 1 1 1
node 4 3 0 2
node 7 1 0 0
node 23 1 0 0
node 80 1 0 0
gene 2 1 4 -2.31707 0 1 -2.31707 1
gene 2 2 4 4.54897 0 2 4.54897 1
gene 2 3 4 5.74924 0 3 5.74924 1
gene 2 2 7 -0.731381 0 8 -0.731381 1
gene 2 7 4 5.07578 0 9 5.07578 1
gene 2 3 7 4.22895 0 19 4.22895 0
gene 1 1 7 -3.5164 0 35 -3.5164 1
gene 2 7 23 0.152006 0 59 0.152006 1
gene 2 23 4 0.271708 0 60 0.271708 1
gene 2 3 80 0.302858 0 229 0.302858 1
gene 2 80 7 0.593449 0 230 0.593449 1
genomeend 123

/* Organism #124 Fitness: 8.99602 Error: 1.00066 */
genomestart 124
trait 1 0 0 0 0 0.5788 0 0 0 
trait 2 0.2 0 0 0 0 0.0457116 0 0 
trait 3 0.3 0 0 0 0 0 0 0 
node 1 2 1 3
node 2 3 1 1
node 3 1 1 1
node 4 3 0 2
node 7 1 0 0
node 23 1 0 0
node 80 1 0 0
gene 2 1 4 -3.21603 0 1 -3.21603 1
gene 2 2 4 5.6522 0 2 5.6522 1
gene 2 3 4 6.81091 0 3 6.81091 1
gene 2 2 7 1.67785 0 8 1.67785 1
gene 2 7 4 3.576 0 9 3.576 1
gene 2 3 7 4.47766 0 19 4.47766 0
gene 1 1 7 -4.15094 0 35 -4.15094 1
gene 2 7 23 3.50703 0 59 3.50703 1
gene 2 23 4 -1.89926 0 60 -1.89926 1
gene 2 3 80 3.57705 0 229 3.57705 1
gene 2 80 7 0.593449 0 230 0.593449 1
genomeend 124

/* Organism #125 Fitness: 8.99712 Error: 1.00048 */
genomestart 125
trait 1 0 0 0 0 0.5788 0 0 0 
trait 2 0.2 0 0 0 0 0.0457116 0 0 
trait 3 0.3 0 0 0 0 0 0 0 
node 1 2 1 3
node 2 3 1 1
node 3 1 1 1
node 4 3 0 2
node 7 1 0 0
node 23 1 0 0
node 80 1 0 0
gene 2 1 4 -2.31707 0 1 -2.31707 1
gene 2 2 4 4.54897 0 2 4.54897 1
gene 2 3 4 5.74924 0 3 5.74924 1
gene 2 2 7 -0.731381 0 8 -0.731381 1
gene 2 7 4 5.30976 0 9 5.30976 1
gene 2 3 7 4.22895 0 19 4.22895 0
gene 1 1 7 -3.5164 0 35 -3.5164 1
gene 2 7 23 0.152006 0 59 0.152006 1
gene 2 23 4 -1.35902 0 60 -1.35902 1
gene 2 3 80 0.302858 0 229 0.302858 1
gene 2 80 7 0.593449 0 230 0.593449 1
genomeend 125

/* Organism #126 Fitness: 8.99832 Error: 1.00028 */
genomestart 126
trait 1 0 0 0 0 0.5788 0 0 0 
trait 2 0.2 0 0 0 0 0.0457116 0 0 
trait 3 0.3 0 0 0 0 0 0 0 
node 1 2 1 3
node 2 3 1 1
node 3 1 1 1
node 4 3 0 2
node 7 1 0 0
node 23 1 0 0
node 80 1 0 0
gene 2 1 4 -2.1862 0 1 -2.1862 1
gene 2 2 4 5.23611 0 2 5.23611 1
gene 2 3 4 4.81763 0 3 4.81763 1
gene 2 2 7 2.1747 0 8 2.1747 1
gene 2 7 4 6.12151 0 9 6.12151 1
gene 2 3 7 -0.746958 0 19 -0.746958 0
gene 1 1 7 -1.16269 0 35 -1.16269 1
gene 2 7 23 3.20372 0 59 3.20372 1
gene 2 23 4 -1.93061 0 60 -1.93061 1
gene 2 3 80 -0.920696 0 229 -0.920696 1
gene 2 80 7 0.434054 0 230 0.434054 1
genomeend 126

/* Organism #127 Fitness: 3.88888 Error: 2.02798 */
genomestart 127
trait 1 0 0 0 0 0.5788 0 0 0 
trait 2 0.2 0 0 0 0 0.0457116 0 0 
trait 3 0.3 0 0 0 0 0 0 0 
node 1 2 1 3
node 2 3 1 1
node 3 1 1 1
node 4 3 0 2
node 7 1 0 0
node 23 1 0 0
node 80 1 0 0
gene 2 1 4 -5.60344 0 1 -5.60344 1
gene 2 2 4 3.29533 0 2 3.29533 1
gene 2 3 4 7.30693 0 3 7.30693 1
gene 2 2 7 0.786097 0 8 0.786097 1
gene 2 7 4 7.3975 0 9 7.3975 1
gene 2 3 7 3.46917 0 19 3.46917 0
gene 1 1 7 -2.05217 0 35 -2.05217 1
gene 2 7 23 -0.221567 0 59 -0.221567 1
gene 2 23 4 -1.96628 0 60 -1.96628 1
gene 2 3 80 -0.199885 0 229 -0.199885 1
gene 2 80 7 -0.519435 0 230 -0.519435 1
genomeend 127

/* Organism #128 Fitness: 4.04978 Error: 1.98759 */
genomestart 128
trait 1 0 0 0 0 0.5788 0 0 0 
trait 2 0.2 0 0 0 0 0.0457116 0 0 
trait 3 0.3 0 0 0 0 0 0 0 
node 1 2 1 3
node 2 3 1 1
node 3 1 1 1
node 4 3 0 2
node 7 1 0 0
node 23 1 0 0
node 80 1 0 0
gene 2 1 4 -0.0581641 0 1 -0.0581641 1
gene 2 2 4 5.80874 0 2 5.80874 1
gene 2 3 4 3.75631 0 3 3.75631 1
gene 2 2 7 -0.109855 0 8 -0.109855 1
gene 2 7 4 2.88527 0 9 2.88527 1
gene 2 3 7 5.90223 0 19 5.90223 0
gene 1 1 7 -3.96427 0 35 -3.96427 1
gene 2 7 23 -0.560212 0 59 -0.560212 1
gene 2 23 4 1.89411 0 60 1.89411 1
gene 2 3 80 0.334924 0 229 0.334924 1
gene 2 80 7 0.593449 0 230 0.593449 1
genomeend 128

/* Organism #129 Fitness: 8.99985 Error: 1.00002 */
genomestart 129
trait 1 0 0 0 0 0.5788 0 0 0 
trait 2 0.2 0 0 0 0 0.0457116 0 0 
trait 3 0.3 0 0 0 0 0 0 0 
node 1 2 1 3
node 2 3 1 1
node 3 1 1 1
node 4 3 0 2
node 7 1 0 0
node 23 1 0 0
node 80 1 0 0
gene 2 1 4 -2.41839 0 1 -2.41839 1
gene 2 2 4 4.4409 0 2 4.4409 1
gene 2 3 4 6.95262 0 3 6.95262 1
gene 2 2 7 1.88596 0 8 1.88596 1
gene 2 7 4 4.31682 0 9 4.31682 1
gene 2 3 7 6.08812 0 19 6.08812 1
gene 1 1 7 -3.06327 0 35 -3.06327 1
gene 2 7 23 2.2817 0 59 2.2817 1
gene 2 23 4 0.528136 0 60 0.528136 1
gene 2 3 80 1.20349 0 229 1.20349 1
gene 2 80 7 2.45228 0 230 2.45228 1
genomeend 129

/* Organism #130 Fitness: 6.30111 Error: 1.4898 */
genomestart 130
trait 1 0 0 0 0 0.5788 0 0 0 
trait 2 0.2 0 0 0 0 0.0457116 0 0 
trait 3 0.3 0 0 0 0 0 0 0 
node 1 2 1 3
node 2 3 1 1
node 3 1 1 1
node 4 3 0 2
node 7 1 0 0
node 23 1 0 0
node 80 1 0 0
gene 2 1 4 -3.3127 0 1 -3.3127 1
gene 2 2 4 3.47337 0 2 3.47337 1
gene 2 3 4 5.70694 0 3 5.70694 1
gene 2 2 7 1.37045 0 8 1.37045 1
gene 2 7 4 5.64563 0 9 5.64563 1
gene 2 3 7 2.00206 0 19 2.00206 0
gene 1 1 7 -2.75231 0 35 -2.75231 1
gene 2 7 23 -0.258139 0 59 -0.258139 1
gene 2 23 4 -0.433133 0 60 -0.433133 1
gene 2 3 80 2.52993 0 229 2.52993 1
gene 2 80 7 0.940291 0 230 0.940291 1
genomeend 130

/* Organism #131 Fitness: 8.85398 Error: 1.02444 */
genomestart 131
trait 1 0 0 0 0 0.5788 0 0 0 
trait 2 0.2 0 0 0 0 0.0457116 0 0 
trait 3 0.3 0 0 0.446819 0 0.160933 0.474334 0 
node 1 2 1 3
node 2 3 1 1
node 3 1 1 1
node 4 3 0 2
node 7 1 0 0
node 23 1 0 0
node 80 1 0 0
gene 2 1 4 -0.833631 0 1 -0.833631 1
gene 2 2 4 2.69054 0 2 2.69054 1
gene 2 3 4 8 0 3 8 1
gene 2 2 7 0.87812 0 8 0.87812 1
gene 2 7 4 5.30976 0 9 5.30976 1
gene 2 3 7 3.96571 0 19 3.96571 0
gene 1 1 7 -3.06865 0 35 -3.06865 1
gene 2 7 23 0.408481 0 59 0.408481 1
gene 2 23 4 0.168605 0 60 0.168605 1
gene 2 3 80 1.48883 0 229 1.48883 1
gene 2 80 7 -0.405829 0 230 -0.405829 1
genomeend 131

/* Organism #132 Fitness: 8.97937 Error: 1.00344 */
genomestart 132
trait 1 0 0 0 0 0.5788 0 0 0 
trait 2 0.2 0 0 0 0 0.0457116 0 0 
trait 3 0.3 0 0 0 0 0 0 0 
node 1 2 1 3
node 2 3 1 1
node 3 1 1 1
node 4 3 0 2
node 7 1 0 0
node 23 1 0 0
node 80 1 0 0
gene 2 1 4 -2.45305 0 1 -2.45305 1
gene 2 2 4 2.8244 0 2 2.8244 1
gene 2 3 4 7.74077 0 3 7.74077 1
gene 2 2 7 -0.0178338 0 8 -0.0178338 1
gene 2 7 4 0.25418 0 9 0.25418 1
gene 2 3 7 2.23398 0 19 2.23398 0
gene 1 1 7 -2.92474 0 35 -2.92474 1
gene 2 7 23 -1.0499 0 59 -1.0499 1
gene 2 23 4 1.59542 0 60 1.59542 1
gene 2 3 80 2.03274 0 229 2.03274 1
gene 2 80 7 0.0446248 0 230 0.0446248 1
genomeend 132

/* Species #16 : (Size 9) (AF 6.11762) (Age 11)  */


/* Organism #133 Fitness: 8.99968 Error: 1.00005 */
genomestart 133
trait 1 0.1 0 0 0 0 0 0 0 
trait 2 0.233124 0 0 0.0491471 0 0 0 0 
trait 3 0.1875 0.141735 0.0171607 0 0 0 0 0 
node 1 1 1 3
node 2 1 1 1
node 3 3 1 1
node 4 3 0 2
gene 1 1 4 -2.12296 0 1 -2.12296 1
gene 2 2 4 4.27734 0 2 4.27734 1
gene 3 3 4 -7.26753 0 3 -7.26753 1
genomeend 133

/* Organism #134 Fitness: 1.15731 Error: 2.92422 */
genomestart 134
trait 1 0.1 0 0 0 0 0 0 0 
trait 2 0.233124 0 0 0.0491471 0 0 0 0 
trait 3 0.1875 0.141735 0.0171607 0 0 0 0 0 
node 1 1 1 3
node 2 1 1 1
node 3 3 1 1
node 4 3 0 2
gene 1 1 4 0.507964 0 1 0.507964 1
gene 2 2 4 6.51231 0 2 6.51231 1
gene 3 3 4 -4.8049 0 3 -4.8049 1
genomeend 134

/* Organism #135 Fitness: 4.01221 Error: 1.99695 */
genomestart 135
trait 1 0.1 0 0 0 0 0 0 0 
trait 2 0.233124 0 0 0.0491471 0 0 0 0 
trait 3 0.1875 0.141735 0.0171607 0 0 0 0 0 
node 1 1 1 3
node 2 1 1 1
node 3 3 1 1
node 4 3 0 2
gene 1 1 4 -3.91343 0 1 -3.91343 1
gene 3 2 4 2.73777 0 2 2.73777 1
gene 3 3 4 -8 0 3 -8 1
genomeend 135

/* Organism #136 Fitness: 8.99937 Error: 1.0001 */
genomestart 136
trait 1 0.1 0 0 0 0 0 0 0 
trait 2 0.233124 0 0 0.0491471 0 0 0 0 
trait 3 0.1875 0.141735 0.0171607 0 0 0 0 0 
node 1 1 1 3
node 2 1 1 1
node 3 3 1 1
node 4 3 0 2
gene 1 1 4 -1.87175 0 1 -1.87175 1
gene 2 2 4 4.33853 0 2 4.33853 1
gene 3 3 4 -8 0 3 -8 1
genomeend 136

/* Organism #137 Fitness: 8.99758 Error: 1.0004 */
genomestart 137
trait 1 0.1 0 0 0 0 0 0 0 
trait 2 0.233124 0 0 0.0491471 0 0 0 0 
trait 3 0.1875 0.141735 0.0171607 0 0 0 0 0 
node 1 1 1 3
node 2 1 1 1
node 3 3 1 1
node 4 3 0 2
gene 1 1 4 -1.58756 0 1 -1.58756 1
gene 2 2 4 4.32663 0 2 4.32663 1
gene 3 3 4 -7.26753 0 3 -7.26753 1
genomeend 137

/* Organism #138 Fitness: 1.02524 Error: 2.98746 */
genomestart 138
trait 1 0.1 0 0 0 0 0 0 0 
trait 2 0.233124 0 0 0.0491471 0 0 0 0 
trait 3 0.1875 0.141735 0.0171607 0 0 0 0 0 
node 1 1 1 3
node 2 1 1 1
node 3 3 1 1
node 4 3 0 2
gene 1 1 4 1.20353 0 1 1.20353 1
gene 2 2 4 4.12012 0 2 4.12012 1
gene 3 3 4 -2.13912 0 3 -2.13912 1
genomeend 138

/* Organism #139 Fitness: 8.99977 Error: 1.00004 */
genomestart 139
trait 1 0.1 0 0 0 0 0 0 0 
trait 2 0.233124 0 0 0.0491471 0 0 0 0 
trait 3 0.1875 0.141735 0.0171607 0 0.0331789 0 0 0.0172227 
node 1 1 1 3
node 2 1 1 1
node 3 3 1 1
node 4 3 0 2
gene 1 1 4 -2.48883 0 1 -2.48883 1
gene 2 2 4 4.57865 0 2 4.57865 1
gene 3 3 4 -6.58769 0 3 -6.58769 1
genomeend 139

/* Organism #140 Fitness: 8.86857 Error: 1.02199 */
genomestart 140
trait 1 0.1 0 0 0 0 0 0 0 
trait 2 0.233124 0 0 0.0491471 0 0 0 0 
trait 3 0.1875 0.141735 0.0171607 0 0 0 0 0 
node 1 1 1 3
node 2 1 1 1
node 3 3 1 1
node 4 3 0 2
gene 1 1 4 -0.770703 0 1 -0.770703 1
gene 2 2 4 4.17862 0 2 4.17862 1
gene 3 3 4 -7.68989 0 3 -7.68989 1
genomeend 140

/* Organism #141 Fitness: 3.99881 Error: 2.0003 */
genomestart 141
trait 1 0.1 0 0 0 0 0 0 0 
trait 2 0.233124 0 0 0.0491471 0 0 0 0 
trait 3 0.1875 0.141735 0.0171607 0 0 0 0 0 
node 1 1 1 3
node 2 1 1 1
node 3 3 1 1
node 4 3 0 2
gene 1 1 4 -1.64419 0 1 -1.64419 1
gene 2 2 4 -0.748813 0 2 -0.748813 1
gene 3 3 4 -8 0 3 -8 1
genomeend 141

/* Species #17 : (Size 8) (AF 4.72951) (Age 9)  */


/* Organism #142 Fitness: 9 Error: 1 */
genomestart 142
trait 1 0.0994141 0 0.83473 0 0.348604 0.00263419 0 0 
trait 2 0.19668 0 0.0014909 0 0 0.00553753 0.0173891 0.00309159 
trait 3 0.583834 0 0 0 0.00438585 0 0.00709529 0.382497 
node 1 2 1 3
node 2 2 1 1
node 3 2 1 1
node 4 3 0 2
node 7 1 0 0
node 84 1 0 0
gene 2 1 4 -8 0 1 -8 1
gene 2 2 4 -4.94595 0 2 -4.94595 0
gene 2 3 4 -7.69603 0 3 -7.69603 1
gene 2 2 7 4.63994 0 8 4.63994 1
gene 2 7 4 4.54658 0 9 4.54658 1
gene 2 1 7 -0.528554 0 72 -0.528554 1
gene 2 3 7 -8 0 187 -8 1
gene 2 2 84 4.92676 0 242 4.92676 1
gene 2 84 4 8 0 243 8 1
genomeend 142

/* Organism #143 Fitness: 5.30628 Error: 1.69646 */
genomestart 143
trait 1 0.0994141 0 0.83473 0 0.348604 0.00263419 0 0 
trait 2 0.19668 0 0.0014909 0 0 0.00553753 0.0173891 0.00309159 
trait 3 0.583834 0 0 0 0.00438585 0 0 0.382497 
node 1 2 1 3
node 2 2 1 1
node 3 2 1 1
node 4 3 0 2
node 7 3 0 0
node 84 1 0 0
gene 2 1 4 -5.76661 0 1 -5.76661 1
gene 2 2 4 -4.53936 0 2 -4.53936 0
gene 2 3 4 -6.71959 0 3 -6.71959 1
gene 2 2 7 4.68211 0 8 4.68211 1
gene 2 7 4 2.5632 0 9 2.5632 1
gene 2 1 7 1.57055 0 72 1.57055 1
gene 2 3 7 -8 0 187 -8 1
gene 2 2 84 0.077057 0 242 0.077057 1
gene 2 84 4 6.70644 0 243 6.70644 1
genomeend 143

/* Organism #144 Fitness: 4.00002 Error: 1.99999 */
genomestart 144
trait 1 0.0994141 0 0.83473 0 0.348604 0.00263419 0 0 
trait 2 0.19668 0 0.0014909 0 0 0.00553753 0.0173891 0.00309159 
trait 3 0.583834 0 0 0 0.00438585 0 0 0.382497 
node 1 2 1 3
node 2 2 1 1
node 3 2 1 1
node 4 3 0 2
node 7 1 0 0
node 84 1 0 0
gene 2 1 4 -5.76324 0 1 -5.76324 1
gene 2 2 4 -6.88535 0 2 -6.88535 0
gene 2 3 4 -8 0 3 -8 1
gene 2 2 7 2.31386 0 8 2.31386 1
gene 2 7 4 2.35698 0 9 2.35698 1
gene 2 1 7 0.270747 0 72 0.270747 1
gene 2 3 7 -6.46706 0 187 -6.46706 1
gene 2 2 84 0.435113 0 242 0.435113 1
gene 2 84 4 1.05017 0 243 1.05017 1
genomeend 144

/* Organism #145 Fitness: 3.67226 Error: 2.08369 */
genomestart 145
trait 1 0.0994141 0 0.83473 0 0.348604 0.00263419 0 0 
trait 2 0.19668 0 0.0014909 0 0 0.00553753 0.0173891 0.00309159 
trait 3 0.583834 0 0 0 0.00438585 0 0 0.382497 
node 1 2 1 3
node 2 2 1 1
node 3 2 1 1
node 4 3 0 2
node 7 1 0 0
node 84 1 0 0
node 112 1 0 0
gene 2 1 4 -8 0 1 -8 1
gene 2 2 4 -4.68617 0 2 -4.68617 1
gene 2 3 4 -7.69603 0 3 -7.69603 1
gene 2 2 7 4.21137 0 8 4.21137 1
gene 2 7 4 2.06539 0 9 2.06539 1
gene 2 1 7 -0.528554 0 72 -0.528554 1
gene 2 3 7 -8 0 187 -8 1
gene 2 2 84 2.48845 0 242 2.48845 1
gene 2 84 4 8 0 243 8 0
gene 2 84 112 1 0 324 0 1
gene 2 112 4 8 0 325 0 1
genomeend 145

/* Organism #146 Fitness: 1.00375 Error: 2.99812 */
genomestart 146
trait 1 0.0994141 0 0.83473 0 0.348604 0.00263419 0 0 
trait 2 0.19668 0 0.0014909 0 0 0.00553753 0.0173891 0.00309159 
trait 3 0.583834 0 0 0 0.00438585 0 0.00709529 0.382497 
node 1 2 1 3
node 2 2 1 1
node 3 2 1 1
node 4 3 0 2
node 7 1 0 0
node 84 1 0 0
gene 2 1 4 -7.05603 0 1 -7.05603 1
gene 2 2 4 -5.91008 0 2 -5.91008 0
gene 2 3 4 0.554555 0 3 0.554555 1
gene 2 2 7 3.40641 0 8 3.40641 1
gene 2 7 4 4.33147 0 9 4.33147 1
gene 2 1 7 2.31106 0 72 2.31106 1
gene 2 3 7 -8 0 187 -8 1
gene 2 2 84 -1.51739 0 242 -1.51739 1
gene 2 84 4 8 0 243 8 1
genomeend 146

/* Organism #147 Fitness: 8.99911 Error: 1.00015 */
genomestart 147
trait 1 0.0994141 0 0.83473 0 0.348604 0.00263419 0 0 
trait 2 0.19668 0 0.0014909 0 0 0.00553753 0.0173891 0.00309159 
trait 3 0.583834 0 0 0 0.00438585 0 0.00354765 0.382497 
node 1 2 1 3
node 2 2 1 1
node 3 2 1 1
node 4 3 0 2
node 7 1 0 0
node 84 1 0 0
gene 2 1 4 -5.62004 0 1 -5.62004 1
gene 2 2 4 -7.02489 0 2 -7.02489 0
gene 2 3 4 -7.41163 0 3 -7.41163 1
gene 2 2 7 5.95162 0 8 5.95162 1
gene 2 7 4 0.997331 0 9 0.997331 1
gene 2 1 7 -1.66618 0 72 -1.66618 1
gene 2 3 7 -7.09848 0 187 -7.09848 1
gene 2 2 84 3.13818 0 242 3.13818 1
gene 2 84 4 7.65905 0 243 7.65905 1
genomeend 147

/* Organism #148 Fitness: 4 Error: 2 */
genomestart 148
trait 1 0.0994141 0 0.83473 0 0.348604 0.00263419 0 0 
trait 2 0.19668 0 0.0014909 0 0 0.00553753 0.0173891 0.00309159 
trait 3 0.583834 0 0 0 0.00438585 0 0.00709529 0.382497 
node 1 2 1 3
node 2 2 1 1
node 3 2 1 1
node 4 3 0 2
node 7 1 0 0
node 84 1 0 0
gene 2 1 4 -7.20209 0 1 -7.20209 1
gene 2 2 4 -5.94926 0 2 -5.94926 0
gene 2 3 4 1.07562 0 3 1.07562 1
gene 2 2 7 1.88207 0 8 1.88207 1
gene 2 7 4 2.23796 0 9 2.23796 1
gene 2 1 7 -0.550776 0 72 -0.550776 1
gene 2 3 7 -8 0 187 -8 1
gene 2 2 84 0.386432 0 242 0.386432 1
gene 2 84 4 1.60398 0 243 1.60398 1
genomeend 148

/* Organism #149 Fitness: 1.85466 Error: 2.63814 */
genomestart 149
trait 1 0.0994141 0 0.83473 0 0.348604 0.00263419 0 0 
trait 2 0.19668 0 0.0014909 0 0 0.00553753 0.0173891 0.00309159 
trait 3 0.583834 0 0 0 0.00438585 0 0.00709529 0.382497 
node 1 2 1 3
node 2 2 1 1
node 3 2 1 1
node 4 3 0 2
node 7 1 0 0
node 84 1 0 0
gene 2 1 4 1.76381 0 1 1.76381 1
gene 2 2 4 -7.82036 0 2 -7.82036 0
gene 2 3 4 -5.18991 0 3 -5.18991 1
gene 2 2 7 3.35288 0 8 3.35288 1
gene 2 7 4 0.746947 0 9 0.746947 1
gene 2 1 7 -0.660958 0 72 -0.660958 1
gene 2 3 7 -1.24878 0 187 -1.24878 1
gene 2 2 84 2.44686 0 242 2.44686 1
gene 2 84 4 6.62167 0 243 6.62167 1
genomeend 149
