
/* Species #1 : (Size 9) (AF 8.73001) (Age 17)  */


/* Organism #0 Fitness: 9 Error: 1 */
genomestart 0
trait 1 0.1 0 0 0 0 0 0 0 
trait 2 0.2 0 0 0.0494104 0 0 0.053287 0 
trait 3 0.15 0 0 0 0 0.395623 0 0 
node 1 3 1 3
node 2 1 1 1
node 3 1 1 1
node 4 3 0 2
gene 3 1 4 -4.0384 0 1 -4.0384 1
gene 2 2 4 8 0 2 8 1
gene 3 3 4 8 0 3 8 1
genomeend 0

/* Organism #1 Fitness: 9 Error: 1 */
genomestart 1
trait 1 0.1 0 0 0 0 0 0 0 
trait 2 0.2 0 0 0.0470943 0 0 0.0502341 0 
trait 3 0.148828 0 0 0 0 0.398714 0 0 
node 1 3 1 3
node 2 1 1 1
node 3 1 1 1
node 4 3 0 2
gene 3 1 4 -2.95112 0 1 -2.95112 1
gene 2 2 4 6.91683 0 2 6.91683 1
gene 3 3 4 8 0 3 8 1
genomeend 1

/* Organism #2 Fitness: 6.80022 Error: 1.39228 */
genomestart 2
trait 1 0.1 0 0 0 0 0 0 0 
trait 2 0.2 0 0 0.0470943 0 0 0.0502341 0 
trait 3 0.148828 0 0 0 0 0.398714 0 0 
node 1 3 1 3
node 2 1 1 1
node 3 1 1 1
node 4 3 0 2
gene 1 1 4 -6.36323 0 1 -6.36323 1
gene 2 2 4 7.85964 0 2 7.85964 1
gene 3 3 4 6.45266 0 3 6.45266 1
genomeend 2

/* Organism #3 Fitness: 9 Error: 1 */
genomestart 3
trait 1 0.1 0 0 0 0 0 0 0 
trait 2 0.2 0 0 0.0470943 0 0 0.0502341 0 
trait 3 0.148828 0 0 0 0 0.398714 0 0 
node 1 3 1 3
node 2 1 1 1
node 3 1 1 1
node 4 3 0 2
gene 3 1 4 -4.0384 0 1 -4.0384 1
gene 2 2 4 8 0 2 8 1
gene 3 3 4 8 0 3 8 1
genomeend 3

/* Organism #4 Fitness: 8.99998 Error: 1 */
genomestart 4
trait 1 0.1 0 0 0 0 0 0 0 
trait 2 0.2 0 0 0.0447782 0 0 0.0471812 0 
trait 3 0.147656 0 0 0 0 0.401805 0 0 
node 1 3 1 3
node 2 1 1 1
node 3 1 1 1
node 4 3 0 2
gene 3 1 4 -4.89779 0 1 -4.89779 1
gene 2 2 4 7.43345 0 2 7.43345 1
gene 1 3 4 -8 0 3 -8 1
genomeend 4

/* Organism #5 Fitness: 8.99871 Error: 1.00022 */
genomestart 5
trait 1 0.1 0 0 0 0 0 0 0 
trait 2 0.2 0 0 0.0447782 0 0 0.0471812 0 
trait 3 0.147656 0 0 0 0 0.401805 0 0 
node 1 3 1 3
node 2 1 1 1
node 3 1 1 1
node 4 3 0 2
gene 3 1 4 -6.14495 0 1 -6.14495 1
gene 2 2 4 8 0 2 8 1
gene 3 3 4 8 0 3 8 1
genomeend 5

/* Organism #6 Fitness: 8.99993 Error: 1.00001 */
genomestart 6
trait 1 0.1 0 0 0 0 0 0 0 
trait 2 0.2 0.499963 0 0.6955 0 0 0.0471812 0 
trait 3 0.147656 0 0 0 0 0.401805 0 0 
node 1 3 1 3
node 2 1 1 1
node 3 1 1 1
node 4 3 0 2
gene 3 1 4 -3.90901 0 1 -3.90901 1
gene 2 2 4 6.22867 0 2 6.22867 1
gene 1 3 4 -6.17719 0 3 -6.17719 1
genomeend 6

/* Organism #7 Fitness: 8.99994 Error: 1.00001 */
genomestart 7
trait 1 0.1 0 0 0 0 0 0 0 
trait 2 0.2 0 0 0.0470943 0 0 0.0502341 0 
trait 3 0.148828 0 0 0 0 0.398714 0 0 
node 1 3 1 3
node 2 1 1 1
node 3 1 1 1
node 4 3 0 2
gene 3 1 4 -2.34196 0 1 -2.34196 1
gene 2 2 4 7.01415 0 2 7.01415 1
gene 3 3 4 6.58402 0 3 6.58402 1
genomeend 7

/* Organism #8 Fitness: 8.7713 Error: 1.03836 */
genomestart 8
trait 1 0.1 0 0 0 0 0 0 0 
trait 2 0.2 0 0 0.0447782 0 0 0.0471812 0 
trait 3 0.147656 0 0 0 0 0.401805 0 0 
node 1 3 1 3
node 2 1 1 1
node 3 1 1 1
node 4 3 0 2
gene 3 1 4 -5.91975 0 1 -5.91975 1
gene 2 2 4 7.11957 0 2 7.11957 1
gene 3 3 4 6.58942 0 3 6.58942 1
genomeend 8

/* Species #2 : (Size 8) (AF 7.74988) (Age 15)  */


/* Organism #9 Fitness: 9 Error: 1 */
genomestart 9
trait 1 0.890349 0 0 0 0 0 0 0 
trait 2 0.11854 0 0 0 0 0 0 0 
trait 3 0.3 0 0 0.0169143 0 0.023127 0.0286929 0.0291007 
node 1 3 1 3
node 2 2 1 1
node 3 1 1 1
node 4 2 0 2
node 5 1 0 0
node 24 1 0 0
node 27 1 0 0
gene 2 1 4 -4.73676 0 1 -4.73676 1
gene 3 2 4 3.59443 0 2 3.59443 0
gene 1 3 4 -3.29286 0 3 -3.29286 0
gene 3 2 5 4.13562 0 4 4.13562 1
gene 3 5 4 6.84003 0 5 6.84003 1
gene 2 3 5 5.96659 0 8 5.96659 1
gene 3 1 5 -2.83039 0 19 -2.83039 1
gene 3 5 24 -0.12079 0 65 -0.12079 1
gene 3 24 4 5.27194 0 66 5.27194 1
gene 1 3 27 -1.37553 0 74 -1.37553 1
gene 1 27 4 -3.25052 0 75 -3.25052 1
gene 1 5 27 -0.436778 0 87 -0.436778 1
genomeend 9

/* Organism #10 Fitness: 8.99977 Error: 1.00004 */
genomestart 10
trait 1 0.1 0 0 0 0 0 0 0 
trait 2 0.11854 0 0 0 0 0 0 0 
trait 3 0.3 0 0 0.0112762 0 0.015418 0.0191286 0.0194004 
node 1 3 1 3
node 2 2 1 1
node 3 1 1 1
node 4 2 0 2
node 5 1 0 0
node 24 1 0 0
node 27 1 0 0
gene 2 1 4 -2.74573 0 1 -2.74573 1
gene 3 2 4 3.42424 0 2 3.42424 0
gene 1 3 4 -0.592917 0 3 -0.592917 0
gene 3 2 5 5.31699 0 4 5.31699 1
gene 3 5 4 5.87101 0 5 5.87101 1
gene 2 3 5 2.77367 0 8 2.77367 1
gene 3 1 5 -1.20379 0 19 -1.20379 1
gene 3 5 24 -0.243831 0 65 -0.243831 1
gene 3 24 4 2.82072 0 66 2.82072 1
gene 1 3 27 -0.671096 0 74 -0.671096 1
gene 1 27 4 -1.49061 0 75 -1.49061 1
gene 2 3 24 0.514853 0 120 0.514853 1
genomeend 10

/* Organism #11 Fitness: 8.9994 Error: 1.0001 */
genomestart 11
trait 1 0.1 0 0 0 0 0 0 0 
trait 2 0.11854 0 0 0 0 0 0 0 
trait 3 0.3 0 0 0.0112762 0 0.015418 0.0191286 0.0194004 
node 1 3 1 3
node 2 2 1 1
node 3 1 1 1
node 4 2 0 2
node 5 1 0 0
node 24 1 0 0
node 27 1 0 0
gene 2 1 4 -1.27143 0 1 -1.27143 1
gene 3 2 4 1.1584 0 2 1.1584 0
gene 1 3 4 -0.605468 0 3 -0.605468 0
gene 3 2 5 5.31699 0 4 5.31699 1
gene 3 5 4 4.89218 0 5 4.89218 1
gene 2 3 5 4.63248 0 8 4.63248 1
gene 3 1 5 -1.23927 0 19 -1.23927 1
gene 3 5 24 0.16706 0 65 0.16706 1
gene 3 24 4 -1.4426 0 66 -1.4426 1
gene 1 3 27 1.24664 0 74 1.24664 1
gene 1 27 4 -1.49061 0 75 -1.49061 1
genomeend 11

/* Organism #12 Fitness: 8.99995 Error: 1.00001 */
genomestart 12
trait 1 0.1 0 0 0 0 0 0 0 
trait 2 0.11854 0 0 0 0 0 0 0 
trait 3 0.3 0 0 0.0112762 0 0.015418 0.0191286 0.0194004 
node 1 3 1 3
node 2 2 1 1
node 3 1 1 1
node 4 2 0 2
node 5 1 0 0
node 24 1 0 0
node 27 1 0 0
gene 2 1 4 -2.74573 0 1 -2.74573 1
gene 3 2 4 3.42424 0 2 3.42424 0
gene 1 3 4 -0.592917 0 3 -0.592917 0
gene 3 2 5 5.31699 0 4 5.31699 1
gene 3 5 4 5.87101 0 5 5.87101 1
gene 2 3 5 2.77367 0 8 2.77367 1
gene 3 1 5 -1.20379 0 19 -1.20379 1
gene 3 5 24 -0.243831 0 65 -0.243831 1
gene 3 24 4 2.82072 0 66 2.82072 1
gene 1 3 27 -0.671096 0 74 -0.671096 1
gene 1 27 4 -1.49061 0 75 -1.49061 1
gene 3 24 27 0.380917 0 123 0.380917 1
genomeend 12

/* Organism #13 Fitness: 4.00001 Error: 2 */
genomestart 13
trait 1 0.1 0 0 0 0 0 0 0 
trait 2 0.11854 0 0 0 0 0 0 0 
trait 3 0.3 0 0 0.0112762 0 0.015418 0.0191286 0.0194004 
node 1 3 1 3
node 2 2 1 1
node 3 1 1 1
node 4 2 0 2
node 5 1 0 0
node 24 1 0 0
node 27 1 0 0
gene 2 1 4 0.346851 0 1 0.346851 1
gene 3 2 4 3.42424 0 2 3.42424 0
gene 1 3 4 1.73653 0 3 1.73653 0
gene 3 2 5 5.31699 0 4 5.31699 1
gene 3 5 4 3.91056 0 5 3.91056 1
gene 2 3 5 0.336008 0 8 0.336008 1
gene 3 1 5 0.114829 0 19 0.114829 1
gene 3 5 24 -0.243831 0 65 -0.243831 1
gene 3 24 4 -1.63403 0 66 -1.63403 1
gene 1 3 27 -0.434001 0 74 -0.434001 1
gene 1 27 4 0.454128 0 75 0.454128 1
genomeend 13

/* Organism #14 Fitness: 9 Error: 1 */
genomestart 14
trait 1 0.495175 0 0 0 0 0 0 0 
trait 2 0.11854 0 0 0 0 0 0 0 
trait 3 0.3 0 0 0.0140952 0 0.0192725 0.0239108 0.0242505 
node 1 3 1 3
node 2 2 1 1
node 3 1 1 1
node 4 2 0 2
node 5 1 0 0
node 24 1 0 0
node 27 1 0 0
gene 2 1 4 -3.74124 0 1 -3.74124 1
gene 3 2 4 3.50934 0 2 3.50934 0
gene 1 3 4 -1.94289 0 3 -1.94289 0
gene 3 2 5 4.7263 0 4 4.7263 1
gene 3 5 4 6.35552 0 5 6.35552 1
gene 2 3 5 4.37013 0 8 4.37013 1
gene 3 1 5 -2.01709 0 19 -2.01709 1
gene 3 5 24 -0.182311 0 65 -0.182311 1
gene 3 24 4 4.04633 0 66 4.04633 1
gene 1 3 27 -1.02331 0 74 -1.02331 1
gene 1 27 4 -2.37056 0 75 -2.37056 1
gene 1 5 27 -0.436778 0 87 -0.436778 1
genomeend 14

/* Organism #15 Fitness: 4 Error: 2 */
genomestart 15
trait 1 0.495175 0 0 0 0 0 0 0 
trait 2 0.11854 0 0 0 0 0 0 0 
trait 3 0.3 0 0 0.0140952 0 0.0192725 0.0239108 0.0242505 
node 1 3 1 3
node 2 2 1 1
node 3 1 1 1
node 4 2 0 2
node 5 1 0 0
node 24 1 0 0
node 27 1 0 0
gene 2 1 4 -3.4188 0 1 -3.4188 1
gene 3 2 4 -1.61106 0 2 -1.61106 0
gene 1 3 4 -3.29286 0 3 -3.29286 0
gene 3 2 5 6.59442 0 4 6.59442 1
gene 3 5 4 2.29584 0 5 2.29584 1
gene 2 3 5 2.77367 0 8 2.77367 1
gene 3 1 5 2.27336 0 19 2.27336 1
gene 3 5 24 -2.31065 0 65 -2.31065 1
gene 3 24 4 5.27194 0 66 5.27194 1
gene 1 3 27 -1.05815 0 74 -1.05815 1
gene 1 27 4 -1.82927 0 75 -1.82927 1
gene 1 5 27 -0.974374 0 87 -0.974374 1
genomeend 15

/* Organism #16 Fitness: 8.99993 Error: 1.00001 */
genomestart 16
trait 1 0.1 0 0 0 0 0 0 0 
trait 2 0.11854 0 0 0 0 0 0 0 
trait 3 0.3 0 0 0.0112762 0 0.015418 0.0191286 0.0194004 
node 1 3 1 3
node 2 2 1 1
node 3 1 1 1
node 4 2 0 2
node 5 1 0 0
node 24 1 0 0
node 27 1 0 0
gene 2 1 4 -2.74573 0 1 -2.74573 1
gene 3 2 4 3.42424 0 2 3.42424 0
gene 1 3 4 -0.592917 0 3 -0.592917 0
gene 3 2 5 5.31699 0 4 5.31699 1
gene 3 5 4 5.87101 0 5 5.87101 1
gene 2 3 5 2.77367 0 8 2.77367 1
gene 3 1 5 -1.20379 0 19 -1.20379 1
gene 3 5 24 -0.243831 0 65 -0.243831 1
gene 3 24 4 2.82072 0 66 2.82072 1
gene 1 3 27 -0.671096 0 74 -0.671096 1
gene 1 27 4 -1.49061 0 75 -1.49061 1
gene 3 1 27 0.149002 0 124 0.149002 1
genomeend 16

/* Species #3 : (Size 10) (AF 5.438) (Age 15)  */


/* Organism #17 Fitness: 8.97529 Error: 1.00412 */
genomestart 17
trait 1 0.1 0 0 0 0 0 0 0 
trait 2 0.2 0 0 0 0 0 0 0 
trait 3 1 0.12826 0 0 0 0.651302 0.386513 0 
node 1 3 1 3
node 2 1 1 1
node 3 1 1 1
node 4 3 0 2
node 7 1 0 0
gene 2 1 4 -3.78907 0 1 -3.78907 1
gene 3 2 4 3.19484 0 2 3.19484 1
gene 3 3 4 1.80641 0 3 1.80641 0
gene 3 3 7 6.56755 0 9 6.56755 1
gene 3 7 4 5.03849 0 10 5.03849 1
genomeend 17

/* Organism #18 Fitness: 5.78727 Error: 1.59433 */
genomestart 18
trait 1 0.1 0 0 0 0 0 0 0 
trait 2 0.2 0 0 0 0 0 0 0 
trait 3 1 0.12826 0 0 0 0.651302 0.386513 0 
node 1 3 1 3
node 2 1 1 1
node 3 1 1 1
node 4 3 0 2
node 7 1 0 0
gene 2 1 4 -5.33174 0 1 -5.33174 1
gene 3 2 4 3.6472 0 2 3.6472 1
gene 3 3 4 0.855484 0 3 0.855484 1
gene 3 3 7 -0.311733 0 9 -0.311733 1
gene 3 7 4 5.03849 0 10 5.03849 1
genomeend 18

/* Organism #19 Fitness: 6.98638 Error: 1.35682 */
genomestart 19
trait 1 0.1 0 0 0 0 0 0 0 
trait 2 0.175 0 0.0315391 0 0 0 0 0 
trait 3 1 0.12826 0 0 0 0.651302 0.386513 0 
node 1 3 1 3
node 2 1 1 1
node 3 1 1 1
node 4 3 0 2
node 7 1 0 0
gene 2 1 4 -3.94377 0 1 -3.94377 1
gene 3 2 4 3.77306 0 2 3.77306 1
gene 3 3 4 2.10282 0 3 2.10282 0
gene 3 3 7 4.85993 0 9 4.85993 1
gene 3 7 4 4.06358 0 10 4.06358 1
genomeend 19

/* Organism #20 Fitness: 1.0686 Error: 2.96627 */
genomestart 20
trait 1 0.1 0 0 0 0 0 0 0 
trait 2 0.175 0 0 0 0.300517 0 0.852436 0 
trait 3 1 0.12826 0 0 0 0.651302 0.386513 0 
node 1 3 1 3
node 2 1 1 1
node 3 1 1 1
node 4 3 0 2
node 7 1 0 0
gene 2 1 4 -2.05413 0 1 -2.05413 1
gene 3 2 4 -1.67509 0 2 -1.67509 1
gene 3 3 4 3.56755 0 3 3.56755 1
gene 3 3 7 8 0 9 8 1
gene 3 7 4 5.64027 0 10 5.64027 1
genomeend 20

/* Organism #21 Fitness: 4 Error: 2 */
genomestart 21
trait 1 0.1 0 0 0 0 0 0 0 
trait 2 0.15 0 0.0630782 0 0 0 0 0 
trait 3 1 0.12826 0 0 0 0.651302 0.386513 0 
node 1 3 1 3
node 2 1 1 1
node 3 1 1 1
node 4 3 0 2
node 7 1 0 0
gene 2 1 4 1.69086 0 1 1.69086 1
gene 3 2 4 -1.58455 0 2 -1.58455 1
gene 3 3 4 1.75582 0 3 1.75582 0
gene 3 3 7 8 0 9 8 1
gene 3 7 4 6.5359 0 10 6.5359 1
genomeend 21

/* Organism #22 Fitness: 8.98802 Error: 1.002 */
genomestart 22
trait 1 0.1 0 0 0 0 0 0 0 
trait 2 0.175 0 0.0315391 0 0 0 0 0 
trait 3 1 0.12826 0 0 0 0.651302 0.386513 0 
node 1 3 1 3
node 2 1 1 1
node 3 1 1 1
node 4 3 0 2
node 7 1 0 0
gene 2 1 4 -3.78907 0 1 -3.78907 1
gene 3 2 4 3.19484 0 2 3.19484 1
gene 3 3 4 1.80641 0 3 1.80641 1
gene 3 3 7 6.56755 0 9 6.56755 1
gene 3 7 4 5.03849 0 10 5.03849 1
genomeend 22

/* Organism #23 Fitness: 8.97529 Error: 1.00412 */
genomestart 23
trait 1 0.1 0 0 0 0 0 0 0 
trait 2 0.15 0 0.0630782 0 0 0 0 0 
trait 3 1 0.12826 0 0 0 0.651302 0.386513 0 
node 1 3 1 3
node 2 1 1 1
node 3 1 1 1
node 4 3 0 2
node 7 1 0 0
gene 2 1 4 -3.78907 0 1 -3.78907 1
gene 3 2 4 3.19484 0 2 3.19484 1
gene 3 3 4 1.80641 0 3 1.80641 0
gene 3 3 7 6.56755 0 9 6.56755 1
gene 3 7 4 5.03849 0 10 5.03849 1
genomeend 23

/* Organism #24 Fitness: 1.34316 Error: 2.84105 */
genomestart 24
trait 1 0.1 0 0 0 0 0 0 0 
trait 2 0.15 0 0.0630782 0 0 0 0 0 
trait 3 1 0.12826 0 0 0 0.651302 0.386513 0 
node 1 3 1 3
node 2 1 1 1
node 3 1 1 1
node 4 3 0 2
node 7 1 0 0
gene 2 1 4 -4.89016 0 1 -4.89016 1
gene 3 2 4 3.14649 0 2 3.14649 1
gene 3 3 4 4.11691 0 3 4.11691 0
gene 3 3 7 6.56755 0 9 6.56755 1
gene 3 7 4 2.79308 0 10 2.79308 1
genomeend 24

/* Organism #25 Fitness: 4.25576 Error: 1.93705 */
genomestart 25
trait 1 0.1 0 0 0 0 0 0 0 
trait 2 0.2 0 0 0 0 0 0 0 
trait 3 1 0.12826 0 0 0 0.651302 0.386513 0 
node 1 3 1 3
node 2 1 1 1
node 3 1 1 1
node 4 3 0 2
node 7 1 0 0
gene 2 1 4 -5.63645 0 1 -5.63645 1
gene 3 2 4 5.40299 0 2 5.40299 1
gene 3 3 4 1.78319 0 3 1.78319 0
gene 3 3 7 7.54126 0 9 7.54126 1
gene 3 7 4 -0.414361 0 10 -0.414361 1
genomeend 25

/* Organism #26 Fitness: 4.00021 Error: 1.99995 */
genomestart 26
trait 1 0.1 0 0 0 0 0 0 0 
trait 2 0.175 0 0.0315391 0 0 0 0 0 
trait 3 1 0.12826 0 0 0 0.651302 0.386513 0 
node 1 3 1 3
node 2 1 1 1
node 3 1 1 1
node 4 3 0 2
node 7 1 0 0
gene 2 1 4 -5.41709 0 1 -5.41709 1
gene 3 2 4 3.96981 0 2 3.96981 1
gene 3 3 4 1.17274 0 3 1.17274 0
gene 3 3 7 6.01651 0 9 6.01651 1
gene 3 7 4 -1.08373 0 10 -1.08373 1
genomeend 26

/* Species #4 : (Size 9) (AF 6.84561) (Age 12)  */


/* Organism #27 Fitness: 8.98984 Error: 1.00169 */
genomestart 27
trait 1 0.1 0 0 0 0 0 0 0 
trait 2 0.2 0 0 0.197642 0 0 0 0 
trait 3 0.3 0 0 0 0 0 0 0 
node 1 3 1 3
node 2 1 1 1
node 3 1 1 1
node 4 3 0 2
node 12 1 0 0
gene 3 1 4 -0.782943 0 1 -0.782943 1
gene 1 2 4 2.19557 0 2 2.19557 1
gene 1 3 4 -0.834762 0 3 -0.834762 1
gene 1 3 12 3.20876 0 24 3.20876 1
gene 1 12 4 -2.08385 0 25 -2.08385 1
gene 1 2 12 -1.31575 0 47 -1.31575 1
genomeend 27

/* Organism #28 Fitness: 8.83784 Error: 1.02715 */
genomestart 28
trait 1 0.1 0 0 0 0 0 0 0 
trait 2 0.2 0 0 0.197642 0 0 0 0 
trait 3 0.3 0 0 0 0 0 0 0 
node 1 3 1 3
node 2 1 1 1
node 3 1 1 1
node 4 3 0 2
node 12 1 0 0
gene 3 1 4 -0.197274 0 1 -0.197274 1
gene 1 2 4 3.21175 0 2 3.21175 1
gene 1 3 4 -1.12076 0 3 -1.12076 1
gene 1 3 12 4.95015 0 24 4.95015 1
gene 1 12 4 -2.62509 0 25 -2.62509 1
gene 1 2 12 -1.97668 0 47 -1.97668 1
genomeend 28

/* Organism #29 Fitness: 7.88949 Error: 1.19118 */
genomestart 29
trait 1 0.1 0 0 0 0 0 0 0 
trait 2 0.2 0 0 0.197642 0 0 0 0 
trait 3 0.3 0 0 0 0 0 0 0 
node 1 3 1 3
node 2 1 1 1
node 3 1 1 1
node 4 3 0 2
node 12 1 0 0
gene 3 1 4 -1.63898 0 1 -1.63898 1
gene 1 2 4 3.87114 0 2 3.87114 1
gene 1 3 4 -2.44986 0 3 -2.44986 1
gene 1 3 12 3.08997 0 24 3.08997 1
gene 1 12 4 -0.935769 0 25 -0.935769 1
gene 1 2 12 -3.58474 0 47 -3.58474 1
genomeend 29

/* Organism #30 Fitness: 8.98984 Error: 1.00169 */
genomestart 30
trait 1 0.1 0 0 0 0 0 0 0 
trait 2 0.2 0 0 0.197642 0 0 0 0 
trait 3 0.3 0 0 0 0 0 0 0 
node 1 3 1 3
node 2 1 1 1
node 3 1 1 1
node 4 3 0 2
node 12 1 0 0
gene 3 1 4 -0.782943 0 1 -0.782943 1
gene 1 2 4 2.19557 0 2 2.19557 1
gene 1 3 4 -0.834762 0 3 -0.834762 1
gene 1 3 12 3.20876 0 24 3.20876 1
gene 1 12 4 -2.08385 0 25 -2.08385 1
gene 1 2 12 -1.31575 0 47 -1.31575 1
genomeend 30

/* Organism #31 Fitness: 3.93312 Error: 2.01679 */
genomestart 31
trait 1 0.1 0 0 0 0 0 0 0 
trait 2 0.2 0 0 0.197642 0 0 0 0 
trait 3 0.3 0 0 0 0 0 0 0 
node 1 3 1 3
node 2 1 1 1
node 3 1 1 1
node 4 3 0 2
node 12 1 0 0
gene 3 1 4 -3.2165 0 1 -3.2165 1
gene 1 2 4 1.15367 0 2 1.15367 1
gene 1 3 4 1.23855 0 3 1.23855 1
gene 1 3 12 1.40671 0 24 1.40671 1
gene 1 12 4 -3.04316 0 25 -3.04316 1
gene 1 2 12 -2.92061 0 47 -2.92061 1
genomeend 31

/* Organism #32 Fitness: 4.09034 Error: 1.97754 */
genomestart 32
trait 1 0.1 0 0 0 0 0 0 0 
trait 2 0.2 0 0 0.197642 0 0 0 0 
trait 3 0.3 0 0 0 0 0 0 0 
node 1 3 1 3
node 2 1 1 1
node 3 1 1 1
node 4 3 0 2
node 12 1 0 0
gene 3 1 4 1.16468 0 1 1.16468 1
gene 1 2 4 1.19212 0 2 1.19212 1
gene 1 3 4 1.14057 0 3 1.14057 1
gene 1 3 12 1.97094 0 24 1.97094 1
gene 1 12 4 -3.11394 0 25 -3.11394 1
gene 1 2 12 -0.218073 0 47 -0.218073 1
genomeend 32

/* Organism #33 Fitness: 5.83325 Error: 1.58479 */
genomestart 33
trait 1 0.1 0 0 0 0 0 0 0 
trait 2 0.963986 0.0193061 0 0.197642 0 0 0 0 
trait 3 0.3 0 0 0 0 0 0 0 
node 1 3 1 3
node 2 1 1 1
node 3 1 1 1
node 4 3 0 2
node 12 1 0 0
gene 3 1 4 -0.122066 0 1 -0.122066 1
gene 3 2 4 -2.0857 0 2 -2.0857 1
gene 1 3 4 0.73806 0 3 0.73806 1
gene 1 3 12 3.59423 0 24 3.59423 1
gene 1 12 4 0.362799 0 25 0.362799 1
gene 1 2 12 -1.34358 0 47 -1.34358 1
genomeend 33

/* Organism #34 Fitness: 6.28785 Error: 1.49244 */
genomestart 34
trait 1 0.1 0 0 0 0 0 0 0 
trait 2 0.2 0 0 0.197642 0 0 0 0 
trait 3 0.3 0 0 0 0 0 0 0 
node 1 3 1 3
node 2 1 1 1
node 3 1 1 1
node 4 3 0 2
node 12 1 0 0
gene 3 1 4 -0.264994 0 1 -0.264994 1
gene 1 2 4 0.913104 0 2 0.913104 1
gene 1 3 4 1.64153 0 3 1.64153 1
gene 1 3 12 7.75735 0 24 7.75735 1
gene 1 12 4 -0.693996 0 25 -0.693996 1
gene 1 2 12 0.322539 0 47 0.322539 1
genomeend 34

/* Organism #35 Fitness: 6.75895 Error: 1.4002 */
genomestart 35
trait 1 0.1 0 0 0 0 0 0 0 
trait 2 0.2 0 0 0.197642 0 0 0 0 
trait 3 0.3 0 0 0 0 0 0 0 
node 1 3 1 3
node 2 1 1 1
node 3 1 1 1
node 4 3 0 2
node 12 1 0 0
gene 3 1 4 0.0529969 0 1 0.0529969 1
gene 1 2 4 0.711469 0 2 0.711469 1
gene 1 3 4 -2.03165 0 3 -2.03165 1
gene 1 3 12 3.12899 0 24 3.12899 1
gene 1 12 4 -0.310344 0 25 -0.310344 1
gene 1 2 12 -3.02948 0 47 -3.02948 1
genomeend 35

/* Species #5 : (Size 10) (AF 4.62605) (Age 12)  */


/* Organism #36 Fitness: 8.9925 Error: 1.00125 */
genomestart 36
trait 1 0.1 0 0 0 0 0 0 0 
trait 2 0.2 0 0 0 0 0 0 0 
trait 3 0.3 0 0 0 0 0 0 0 
node 1 3 1 3
node 2 2 1 1
node 3 1 1 1
node 4 2 0 2
node 5 1 0 0
node 12 1 0 0
gene 2 1 4 -1.1451 0 1 -1.1451 1
gene 3 2 4 0.101838 0 2 0.101838 0
gene 1 3 4 -8 0 3 -8 0
gene 3 2 5 4.33654 0 4 4.33654 1
gene 3 5 4 2.71434 0 5 2.71434 1
gene 2 3 5 0.278351 0 8 0.278351 1
gene 1 3 12 3.52163 0 24 3.52163 1
gene 1 12 4 -3.40539 0 25 -3.40539 1
gene 2 2 12 -1.01892 0 36 -1.01892 1
genomeend 36

/* Organism #37 Fitness: 4.00962 Error: 1.9976 */
genomestart 37
trait 1 0.1 0 0 0 0 0 0 0 
trait 2 0.2 0 0 0 0 0 0 0 
trait 3 0.3 0 0 0 0 0 0 0 
node 1 3 1 3
node 2 2 1 1
node 3 1 1 1
node 4 2 0 2
node 5 1 0 0
node 12 1 0 0
gene 2 1 4 -1.56888 0 1 -1.56888 1
gene 3 2 4 -0.786253 0 2 -0.786253 0
gene 1 3 4 -0.359426 0 3 -0.359426 0
gene 3 2 5 1.54081 0 4 1.54081 1
gene 3 5 4 0.399496 0 5 0.399496 1
gene 2 3 5 -1.68545 0 8 -1.68545 1
gene 1 3 12 1.11132 0 24 1.11132 1
gene 1 12 4 -1.94966 0 25 -1.94966 1
gene 2 2 12 -1.95693 0 36 -1.95693 1
genomeend 37

/* Organism #38 Fitness: 4.00141 Error: 1.99965 */
genomestart 38
trait 1 0.1 0 0 0 0 0 0 0 
trait 2 0.2 0 0 0 0 0 0 0 
trait 3 0.3 0 0 0 0 0 0 0 
node 1 3 1 3
node 2 2 1 1
node 3 1 1 1
node 4 2 0 2
node 5 1 0 0
node 12 1 0 0
gene 2 1 4 -3.12779 0 1 -3.12779 1
gene 3 2 4 0.242379 0 2 0.242379 0
gene 1 3 4 -1.80474 0 3 -1.80474 0
gene 3 2 5 5.48046 0 4 5.48046 1
gene 3 5 4 4.30427 0 5 4.30427 1
gene 2 3 5 -1.07572 0 8 -1.07572 1
gene 1 3 12 3.00552 0 24 3.00552 1
gene 1 12 4 -2.40655 0 25 -2.40655 1
gene 2 2 12 0.886425 0 36 0.886425 1
genomeend 38

/* Organism #39 Fitness: 4.0118 Error: 1.99705 */
genomestart 39
trait 1 0.1 0 0 0 0 0 0 0 
trait 2 0.2 0 0 0 0 0 0 0 
trait 3 0.3 0 0 0 0 0 0 0 
node 1 3 1 3
node 2 2 1 1
node 3 1 1 1
node 4 2 0 2
node 5 1 0 0
node 12 1 0 0
gene 2 1 4 -2.17706 0 1 -2.17706 1
gene 3 2 4 2.03941 0 2 2.03941 0
gene 1 3 4 -6.43116 0 3 -6.43116 0
gene 3 2 5 2.40243 0 4 2.40243 1
gene 3 5 4 1.00242 0 5 1.00242 1
gene 2 3 5 -0.620956 0 8 -0.620956 1
gene 1 3 12 6.00988 0 24 6.00988 1
gene 1 12 4 -2.03228 0 25 -2.03228 1
gene 2 2 12 -1.12705 0 36 -1.12705 1
genomeend 39

/* Organism #40 Fitness: 4.00034 Error: 1.99992 */
genomestart 40
trait 1 0.1 0 0 0 0 0 0 0 
trait 2 0.2 0 0 0 0 0 0 0 
trait 3 0.3 0 0 0 0 0 0 0 
node 1 3 1 3
node 2 2 1 1
node 3 1 1 1
node 4 2 0 2
node 5 1 0 0
node 12 1 0 0
gene 2 1 4 -2.97455 0 1 -2.97455 1
gene 3 2 4 1.67215 0 2 1.67215 0
gene 1 3 4 -8 0 3 -8 0
gene 3 2 5 -0.0664544 0 4 -0.0664544 1
gene 3 5 4 2.71434 0 5 2.71434 1
gene 2 3 5 1.61095 0 8 1.61095 1
gene 1 3 12 2.51089 0 24 2.51089 1
gene 1 12 4 -1.8172 0 25 -1.8172 1
gene 2 2 12 -0.695526 0 36 -0.695526 1
genomeend 40

/* Organism #41 Fitness: 4 Error: 2 */
genomestart 41
trait 1 0.1 0 0 0 0 0 0 0 
trait 2 0.2 0 0 0 0 0 0 0 
trait 3 0.3 0 0 0 0 0 0 0 
node 1 3 1 3
node 2 2 1 1
node 3 1 1 1
node 4 2 0 2
node 5 1 0 0
node 12 1 0 0
gene 2 1 4 -3.50359 0 1 -3.50359 1
gene 3 2 4 -1.99278 0 2 -1.99278 0
gene 1 3 4 -8 0 3 -8 0
gene 3 2 5 3.89417 0 4 3.89417 1
gene 3 5 4 0.671931 0 5 0.671931 1
gene 2 3 5 -2.19686 0 8 -2.19686 1
gene 1 3 12 2.89763 0 24 2.89763 1
gene 1 12 4 -1.42132 0 25 -1.42132 1
gene 2 2 12 -1.79769 0 36 -1.79769 1
genomeend 41

/* Organism #42 Fitness: 4 Error: 2 */
genomestart 42
trait 1 0.1 0 0 0 0 0 0 0 
trait 2 0.2 0 0 0 0 0 0 0 
trait 3 0.3 0 0 0 0 0 0 0 
node 1 3 1 3
node 2 2 1 1
node 3 1 1 1
node 4 2 0 2
node 5 1 0 0
node 12 1 0 0
gene 2 1 4 -3.23372 0 1 -3.23372 1
gene 3 2 4 -2.36059 0 2 -2.36059 0
gene 1 3 4 -6.78466 0 3 -6.78466 0
gene 3 2 5 6.59479 0 4 6.59479 1
gene 3 5 4 4.96529 0 5 4.96529 1
gene 2 3 5 -0.0972901 0 8 -0.0972901 1
gene 1 3 12 4.88514 0 24 4.88514 1
gene 1 12 4 -3.22447 0 25 -3.22447 1
gene 2 2 12 1.41856 0 36 1.41856 1
genomeend 42

/* Organism #43 Fitness: 4.7555 Error: 1.81929 */
genomestart 43
trait 1 0.1 0 0 0 0 0 0 0 
trait 2 0.2 0 0 0 0 0 0 0 
trait 3 0.3 0 0 0 0 0 0 0 
node 1 3 1 3
node 2 2 1 1
node 3 1 1 1
node 4 2 0 2
node 5 1 0 0
node 12 1 0 0
gene 2 1 4 -2.62985 0 1 -2.62985 1
gene 3 2 4 1.27967 0 2 1.27967 0
gene 1 3 4 -5.60366 0 3 -5.60366 0
gene 3 2 5 6.66674 0 4 6.66674 1
gene 3 5 4 2.32289 0 5 2.32289 1
gene 2 3 5 -1.01434 0 8 -1.01434 1
gene 1 3 12 3.52163 0 24 3.52163 1
gene 1 12 4 -5.11659 0 25 -5.11659 1
gene 2 2 12 -3.44512 0 36 -3.44512 1
genomeend 43

/* Organism #44 Fitness: 4.0002 Error: 1.99995 */
genomestart 44
trait 1 0.1 0 0 0 0 0 0 0 
trait 2 0.2 0.0640451 0.996123 0.152703 0.669777 0 0 0.443182 
trait 3 0.3 0 0 0 0 0 0 0 
node 1 3 1 3
node 2 2 1 1
node 3 1 1 1
node 4 2 0 2
node 5 1 0 0
node 12 1 0 0
gene 2 1 4 -1.9957 0 1 -1.9957 1
gene 3 2 4 1.18347 0 2 1.18347 0
gene 1 3 4 -6.6546 0 3 -6.6546 0
gene 3 2 5 5.84206 0 4 5.84206 1
gene 3 5 4 1.21852 0 5 1.21852 1
gene 2 3 5 1.87758 0 8 1.87758 1
gene 1 3 12 2.46961 0 24 2.46961 1
gene 1 12 4 -1.54059 0 25 -1.54059 1
gene 2 2 12 0.22145 0 36 0.22145 1
genomeend 44

/* Organism #45 Fitness: 4.48916 Error: 1.88124 */
genomestart 45
trait 1 0.1 0 0 0 0 0 0 0 
trait 2 0.2 0 0 0 0 0 0 0 
trait 3 0.3 0 0 0 0 0 0 0 
node 1 3 1 3
node 2 2 1 1
node 3 1 1 1
node 4 2 0 2
node 5 1 0 0
node 12 1 0 0
gene 2 1 4 -1.60392 0 1 -1.60392 1
gene 3 2 4 0.112927 0 2 0.112927 0
gene 1 3 4 -8 0 3 -8 1
gene 3 2 5 1.09051 0 4 1.09051 1
gene 3 5 4 1.20645 0 5 1.20645 1
gene 2 3 5 -0.812244 0 8 -0.812244 1
gene 1 3 12 2.33761 0 24 2.33761 1
gene 1 12 4 -4.19907 0 25 -4.19907 1
gene 2 2 12 -1.41542 0 36 -1.41542 1
genomeend 45

/* Species #6 : (Size 9) (AF 5.98644) (Age 11)  */


/* Organism #46 Fitness: 8.99909 Error: 1.00015 */
genomestart 46
trait 1 0.05 0 0 0.230786 0 0 0 0 
trait 2 0.15 0.21309 0 0.0648512 0 0.142932 0.0321942 0 
trait 3 0.23125 0.00200406 0 0 0 0.220351 0.00603926 0 
node 1 3 1 3
node 2 1 1 1
node 3 1 1 1
node 4 3 0 2
node 14 1 0 0
gene 2 1 4 -4.51854 0 1 -4.51854 1
gene 2 2 4 -4.06728 0 2 -4.06728 1
gene 3 3 4 2.96428 0 3 2.96428 1
gene 3 3 14 5.82344 0 29 5.82344 1
gene 3 14 4 3.8157 0 30 3.8157 1
gene 1 1 14 -0.838657 0 113 -0.838657 1
genomeend 46

/* Organism #47 Fitness: 4 Error: 2 */
genomestart 47
trait 1 0.05 0 0 0.230786 0 0 0 0 
trait 2 0 0.21309 0 0 0.402244 0.142932 0.872304 0.88746 
trait 3 0.23125 0.00200406 0 0 0 0.220351 0.00603926 0 
node 1 3 1 3
node 2 1 1 1
node 3 1 1 1
node 4 3 0 2
node 14 1 0 0
gene 2 1 4 -4.82028 0 1 -4.82028 1
gene 2 2 4 -6.95778 0 2 -6.95778 1
gene 3 3 4 -0.285697 0 3 -0.285697 0
gene 3 3 14 -1.61685 0 29 -1.61685 1
gene 3 14 4 -2.05769 0 30 -2.05769 1
genomeend 47

/* Organism #48 Fitness: 4 Error: 2 */
genomestart 48
trait 1 0.05 0 0 0.230786 0 0 0 0 
trait 2 0.075 0.941622 0 0.589875 0.201122 0.142932 0.855126 0 
trait 3 0.23125 0.00200406 0 0 0 0.220351 0.00603926 0 
node 1 3 1 3
node 2 1 1 1
node 3 1 1 1
node 4 3 0 2
node 14 1 0 0
gene 2 1 4 -5.05994 0 1 -5.05994 1
gene 2 2 4 -6.67404 0 2 -6.67404 1
gene 3 3 4 -0.24193 0 3 -0.24193 0
gene 3 3 14 1.38375 0 29 1.38375 1
gene 3 14 4 1.35944 0 30 1.35944 1
gene 1 1 14 0.239924 0 113 0.239924 1
genomeend 48

/* Organism #49 Fitness: 4.14992 Error: 1.96286 */
genomestart 49
trait 1 0.05 0 0 0.230786 0 0 0 0 
trait 2 0.075 0.21309 0 0.0324256 0.201122 0.142932 0.452249 0.44373 
trait 3 0.23125 0.00200406 0 0 0 0.220351 0.00603926 0 
node 1 3 1 3
node 2 1 1 1
node 3 1 1 1
node 4 3 0 2
node 14 3 0 0
gene 2 1 4 -5.37308 0 1 -5.37308 1
gene 2 2 4 -0.538281 0 2 -0.538281 1
gene 3 3 4 -0.0555305 0 3 -0.0555305 0
gene 3 3 14 5.82344 0 29 5.82344 1
gene 3 14 4 5.01196 0 30 5.01196 1
gene 1 1 14 0.845207 0 113 0.845207 1
genomeend 49

/* Organism #50 Fitness: 4.00182 Error: 1.99954 */
genomestart 50
trait 1 0.05 0 0 0.230786 0 0 0 0 
trait 2 0.1125 0.21309 0 0.0486384 0.100561 0.142932 0.242222 0.221865 
trait 3 0.23125 0.00200406 0 0 0 0.220351 0.00603926 0 
node 1 3 1 3
node 2 1 1 1
node 3 1 1 1
node 4 3 0 2
node 14 1 0 0
gene 2 1 4 -2.63728 0 1 -2.63728 1
gene 2 2 4 1.66617 0 2 1.66617 1
gene 3 3 4 2.61288 0 3 2.61288 1
gene 3 3 14 3.37552 0 29 3.37552 1
gene 3 14 4 4.20749 0 30 4.20749 1
gene 1 1 14 1.27322 0 113 1.27322 1
genomeend 50

/* Organism #51 Fitness: 8.99864 Error: 1.00023 */
genomestart 51
trait 1 0.05 0 0 0.230786 0 0 0 0 
trait 2 0 0.21309 0 0 0.402244 0.142932 0.872304 0.88746 
trait 3 0.23125 0.00200406 0 0 0 0.220351 0.00603926 0 
node 1 3 1 3
node 2 1 1 1
node 3 1 1 1
node 4 3 0 2
node 14 1 0 0
gene 2 1 4 -6.2837 0 1 -6.2837 1
gene 2 2 4 -7.64384 0 2 -7.64384 1
gene 3 3 4 -1.28475 0 3 -1.28475 0
gene 3 3 14 3.04562 0 29 3.04562 1
gene 3 14 4 8 0 30 8 1
genomeend 51

/* Organism #52 Fitness: 4 Error: 2 */
genomestart 52
trait 1 0.05 0 0 0.230786 0 0 0 0 
trait 2 0.15 0.21309 0 0.0648512 0 0.142932 0.0321942 0 
trait 3 0.23125 0.00200406 0 0 0 0.220351 0.00603926 0 
node 1 3 1 3
node 2 1 1 1
node 3 1 1 1
node 4 3 0 2
node 14 1 0 0
gene 2 1 4 -4.89028 0 1 -4.89028 1
gene 2 2 4 -3.80564 0 2 -3.80564 1
gene 3 3 4 0.958928 0 3 0.958928 1
gene 3 3 14 1.14116 0 29 1.14116 1
gene 3 14 4 5.21399 0 30 5.21399 1
gene 1 1 14 -2.31534 0 113 -2.31534 1
genomeend 52

/* Organism #53 Fitness: 6.73017 Error: 1.40574 */
genomestart 53
trait 1 0.05 0 0 0.230786 0 0 0 0 
trait 2 0.1125 0.21309 0 0.0486384 0.100561 0.142932 0.242222 0.221865 
trait 3 0.23125 0.00200406 0 0 0 0.220351 0.00603926 0 
node 1 3 1 3
node 2 1 1 1
node 3 1 1 1
node 4 3 0 2
node 14 1 0 0
gene 2 1 4 -3.93408 0 1 -3.93408 1
gene 2 2 4 -2.93055 0 2 -2.93055 1
gene 3 3 4 5.22334 0 3 5.22334 1
gene 3 3 14 5.38296 0 29 5.38296 1
gene 3 14 4 1.56379 0 30 1.56379 1
gene 1 1 14 -2.32608 0 113 -2.32608 1
genomeend 53

/* Organism #54 Fitness: 8.99835 Error: 1.00028 */
genomestart 54
trait 1 0.05 0 0 0.230786 0 0 0 0 
trait 2 0.1125 0.21309 0 0.0486384 0.100561 0.142932 0.242222 0.221865 
trait 3 0.23125 0.00200406 0 0 0 0.220351 0.00603926 0 
node 1 3 1 3
node 2 1 1 1
node 3 1 1 1
node 4 3 0 2
node 14 2 0 0
gene 2 1 4 -4.38309 0 1 -4.38309 1
gene 2 2 4 -4.06728 0 2 -4.06728 1
gene 3 3 4 2.96428 0 3 2.96428 1
gene 3 3 14 5.29439 0 29 5.29439 1
gene 3 14 4 3.8157 0 30 3.8157 1
gene 1 1 14 -0.838657 0 113 -0.838657 1
genomeend 54

/* Species #7 : (Size 8) (AF 5.82291) (Age 10)  */


/* Organism #55 Fitness: 8.94721 Error: 1.00881 */
genomestart 55
trait 1 0.1 0 0 0 0 0 0 0 
trait 2 0.2 0 0 0.197642 0 0 0 0 
trait 3 0 0 0.631841 0.330154 0 0.654176 0 0.703257 
node 1 2 1 3
node 2 1 1 1
node 3 3 1 1
node 4 3 0 2
node 12 1 0 0
node 16 1 0 0
gene 3 1 4 -0.241242 0 1 -0.241242 1
gene 1 2 4 2.73188 0 2 2.73188 1
gene 1 3 4 -0.928821 0 3 -0.928821 0
gene 1 3 12 -0.391512 0 24 -0.391512 1
gene 1 12 4 -4.91864 0 25 -4.91864 1
gene 1 3 16 2.22587 0 39 2.22587 1
gene 1 16 4 3.55314 0 40 3.55314 1
gene 2 12 16 -0.017852 0 49 -0.017852 1
genomeend 55

/* Organism #56 Fitness: 8.99066 Error: 1.00156 */
genomestart 56
trait 1 0.1 0 0 0 0 0 0 0 
trait 2 0.2 0 0 0.197642 0 0 0 0 
trait 3 0 0 0.631841 0.330154 0 0.654176 0 0.703257 
node 1 2 1 3
node 2 1 1 1
node 3 3 1 1
node 4 3 0 2
node 12 1 0 0
node 16 1 0 0
gene 3 1 4 1.93324 0 1 1.93324 1
gene 1 2 4 5.18297 0 2 5.18297 1
gene 3 3 4 -0.447012 0 3 -0.447012 0
gene 1 3 12 -2.77832 0 24 -2.77832 1
gene 1 12 4 -7.08575 0 25 -7.08575 1
gene 1 3 16 3.83674 0 39 3.83674 1
gene 1 16 4 5.86919 0 40 5.86919 1
gene 2 12 16 -1.19058 0 49 -1.19058 1
genomeend 56

/* Organism #57 Fitness: 4.0016 Error: 1.9996 */
genomestart 57
trait 1 0.1 0 0 0 0 0 0 0 
trait 2 0.2 0 0 0.197642 0 0 0 0 
trait 3 0 0 0.631841 0.330154 0 0.654176 0 0.703257 
node 1 2 1 3
node 2 1 1 1
node 3 3 1 1
node 4 3 0 2
node 12 1 0 0
node 16 1 0 0
gene 3 1 4 0.297566 0 1 0.297566 1
gene 1 2 4 1.33421 0 2 1.33421 1
gene 1 3 4 -0.301239 0 3 -0.301239 0
gene 1 3 12 -2.74542 0 24 -2.74542 1
gene 1 12 4 -6.68296 0 25 -6.68296 1
gene 1 3 16 1.50478 0 39 1.50478 1
gene 1 16 4 2.79211 0 40 2.79211 1
gene 2 12 16 -1.25455 0 49 -1.25455 1
genomeend 57

/* Organism #58 Fitness: 8.05555 Error: 1.16177 */
genomestart 58
trait 1 0.1 0 0 0 0 0 0 0 
trait 2 0.2 0 0 0.197642 0 0 0 0 
trait 3 0 0 0.631841 0.330154 0 0.654176 0 0.703257 
node 1 2 1 3
node 2 1 1 1
node 3 3 1 1
node 4 3 0 2
node 12 1 0 0
node 16 1 0 0
gene 3 1 4 -0.241242 0 1 -0.241242 1
gene 1 2 4 2.99844 0 2 2.99844 1
gene 1 3 4 0.74516 0 3 0.74516 0
gene 1 3 12 -2.45998 0 24 -2.45998 1
gene 1 12 4 -4.91864 0 25 -4.91864 1
gene 1 3 16 4.28608 0 39 4.28608 1
gene 1 16 4 3.88387 0 40 3.88387 1
gene 2 12 16 -1.89504 0 49 -1.89504 1
genomeend 58

/* Organism #59 Fitness: 4.4974 Error: 1.87929 */
genomestart 59
trait 1 0.1 0 0 0 0 0 0 0 
trait 2 0.2 0 0 0.197642 0 0 0 0 
trait 3 0 0 0.631841 0.330154 0 0.654176 0 0.703257 
node 1 2 1 3
node 2 1 1 1
node 3 3 1 1
node 4 3 0 2
node 12 1 0 0
node 16 1 0 0
node 44 1 0 0
gene 3 1 4 -0.241242 0 1 -0.241242 1
gene 1 2 4 2.73188 0 2 2.73188 0
gene 3 3 4 -0.928821 0 3 -0.928821 0
gene 1 3 12 -0.391512 0 24 -0.391512 1
gene 1 12 4 -4.91864 0 25 -4.91864 1
gene 1 3 16 2.22587 0 39 2.22587 1
gene 1 16 4 3.55314 0 40 3.55314 1
gene 2 12 16 -0.017852 0 49 -0.017852 1
gene 1 2 44 1 0 125 0 1
gene 1 44 4 2.73188 0 126 0 1
genomeend 59

/* Organism #60 Fitness: 4 Error: 2 */
genomestart 60
trait 1 0.1 0 0 0 0 0 0 0 
trait 2 0.2 0 0 0.197642 0 0 0 0 
trait 3 0 0 0.631841 0.330154 0 0.654176 0 0.703257 
node 1 2 1 3
node 2 1 1 1
node 3 3 1 1
node 4 3 0 2
node 12 1 0 0
node 16 1 0 0
gene 3 1 4 -2.24893 0 1 -2.24893 1
gene 1 2 4 -0.918977 0 2 -0.918977 1
gene 1 3 4 -3.1651 0 3 -3.1651 0
gene 1 3 12 0.981299 0 24 0.981299 1
gene 2 12 4 -3.50067 0 25 -3.50067 1
gene 1 3 16 1.99521 0 39 1.99521 1
gene 1 16 4 2.43411 0 40 2.43411 1
gene 2 12 16 -1.54256 0 49 -1.54256 1
genomeend 60

/* Organism #61 Fitness: 4.09053 Error: 1.97749 */
genomestart 61
trait 1 0.1 0 0 0 0 0 0 0 
trait 2 0.2 0 0 0.197642 0 0 0 0 
trait 3 0 0 0.631841 0.330154 0 0.654176 0 0.703257 
node 1 2 1 3
node 2 1 1 1
node 3 3 1 1
node 4 3 0 2
node 12 1 0 0
node 16 1 0 0
gene 3 1 4 -0.764311 0 1 -0.764311 1
gene 1 2 4 3.13256 0 2 3.13256 1
gene 3 3 4 -0.637366 0 3 -0.637366 0
gene 1 3 12 -1.27886 0 24 -1.27886 1
gene 1 12 4 -6.15326 0 25 -6.15326 1
gene 1 3 16 4.39361 0 39 4.39361 1
gene 1 16 4 4.86402 0 40 4.86402 1
gene 2 12 16 1.17185 0 49 1.17185 1
genomeend 61

/* Organism #62 Fitness: 4.0003 Error: 1.99993 */
genomestart 62
trait 1 0.1 0 0 0 0 0 0 0 
trait 2 0.2 0 0 0.197642 0 0 0 0 
trait 3 0 0 0.631841 0.330154 0 0.654176 0 0.703257 
node 1 2 1 3
node 2 1 1 1
node 3 3 1 1
node 4 3 0 2
node 12 3 0 0
node 16 1 0 0
gene 3 1 4 -1.51064 0 1 -1.51064 1
gene 1 2 4 1.19099 0 2 1.19099 1
gene 3 3 4 1.00892 0 3 1.00892 0
gene 1 3 12 -1.96639 0 24 -1.96639 1
gene 1 12 4 -3.09821 0 25 -3.09821 1
gene 1 3 16 3.13419 0 39 3.13419 1
gene 1 16 4 3.60452 0 40 3.60452 1
gene 2 12 16 -2.29255 0 49 -2.29255 1
genomeend 62

/* Species #8 : (Size 7) (AF 4.85419) (Age 10)  */


/* Organism #63 Fitness: 8.78805 Error: 1.03554 */
genomestart 63
trait 1 0.1 0 0 0 0 0 0 0 
trait 2 0.2 0 0 0 0 0 0 0 
trait 3 0.3 0 0 0 0 0 0 0 
node 1 3 1 3
node 2 2 1 1
node 3 1 1 1
node 4 2 0 2
node 5 1 0 0
node 12 1 0 0
node 17 1 0 0
gene 2 1 4 0.786952 0 1 0.786952 1
gene 3 2 4 -0.106979 0 2 -0.106979 1
gene 1 3 4 -1.40871 0 3 -1.40871 1
gene 3 2 5 -1.51569 0 4 -1.51569 1
gene 3 5 4 -1.80427 0 5 -1.80427 1
gene 3 3 5 1.53838 0 8 1.53838 1
gene 3 3 12 0.886406 0 24 0.886406 1
gene 1 12 4 -0.863044 0 25 -0.863044 1
gene 3 2 17 -1.48442 0 41 -1.48442 1
gene 3 17 5 0.340294 0 42 0.340294 1
gene 1 2 12 -2.16732 0 47 -2.16732 1
gene 2 5 12 2.51068 0 68 2.51068 1
genomeend 63

/* Organism #64 Fitness: 4.00002 Error: 2 */
genomestart 64
trait 1 0.1 0 0 0 0 0 0 0 
trait 2 0.2 0 0 0 0 0 0 0 
trait 3 0.3 0 0 0 0 0 0 0 
node 1 3 1 3
node 2 2 1 1
node 3 1 1 1
node 4 2 0 2
node 5 1 0 0
node 12 1 0 0
node 17 1 0 0
gene 2 1 4 -1.40852 0 1 -1.40852 1
gene 3 2 4 -1.08062 0 2 -1.08062 1
gene 1 3 4 -1.96414 0 3 -1.96414 1
gene 3 2 5 -2.92849 0 4 -2.92849 1
gene 3 5 4 -3.8438 0 5 -3.8438 1
gene 3 3 5 -0.0491512 0 8 -0.0491512 1
gene 3 3 12 3.01191 0 24 3.01191 1
gene 1 12 4 -2.38755 0 25 -2.38755 1
gene 3 2 17 -3.33165 0 41 -3.33165 1
gene 3 17 5 2.19335 0 42 2.19335 1
gene 1 2 12 -2.40847 0 47 -2.40847 1
gene 2 5 12 2.51068 0 68 2.51068 1
genomeend 64

/* Organism #65 Fitness: 4.36032 Error: 1.91186 */
genomestart 65
trait 1 0.1 0 0 0 0 0 0 0 
trait 2 0.2 0 0 0 0 0 0 0 
trait 3 0.3 0 0 0 0 0 0 0 
node 1 3 1 3
node 2 2 1 1
node 3 1 1 1
node 4 2 0 2
node 5 1 0 0
node 12 1 0 0
node 17 1 0 0
gene 2 1 4 1.62544 0 1 1.62544 1
gene 3 2 4 -2.09904 0 2 -2.09904 1
gene 1 3 4 -1.20451 0 3 -1.20451 1
gene 3 2 5 -5.25329 0 4 -5.25329 1
gene 3 5 4 -0.448062 0 5 -0.448062 1
gene 3 3 5 -0.217985 0 8 -0.217985 1
gene 3 3 12 -1.40546 0 24 -1.40546 1
gene 1 12 4 1.88724 0 25 1.88724 1
gene 3 2 17 -1.42708 0 41 -1.42708 1
gene 3 17 5 2.21304 0 42 2.21304 1
gene 1 2 12 -2.16732 0 47 -2.16732 1
gene 2 5 12 2.29507 0 68 2.29507 1
genomeend 65

/* Organism #66 Fitness: 4 Error: 2 */
genomestart 66
trait 1 0.1 0 0 0 0 0 0 0 
trait 2 0.2 0 0 0 0 0 0 0 
trait 3 0.3 0 0 0 0 0 0 0 
node 1 3 1 3
node 2 2 1 1
node 3 1 1 1
node 4 2 0 2
node 5 1 0 0
node 12 1 0 0
node 17 1 0 0
gene 2 1 4 1.42058 0 1 1.42058 1
gene 3 2 4 2.01653 0 2 2.01653 1
gene 1 3 4 -0.0892842 0 3 -0.0892842 1
gene 3 2 5 -6.13173 0 4 -6.13173 1
gene 3 5 4 -5.20662 0 5 -5.20662 1
gene 3 3 5 2.04307 0 8 2.04307 1
gene 3 3 12 -1.033 0 24 -1.033 1
gene 1 12 4 -1.33762 0 25 -1.33762 1
gene 3 2 17 -2.57194 0 41 -2.57194 1
gene 3 17 5 0.840015 0 42 0.840015 1
gene 1 2 12 -2.87824 0 47 -2.87824 1
gene 2 5 12 4.11587 0 68 4.11587 1
genomeend 66

/* Organism #67 Fitness: 3.91735 Error: 2.02077 */
genomestart 67
trait 1 0.1 0 0 0 0 0 0 0 
trait 2 0.2 0 0 0 0 0 0 0 
trait 3 0.3 0 0 0 0 0 0 0 
node 1 3 1 3
node 2 2 1 1
node 3 1 1 1
node 4 2 0 2
node 5 1 0 0
node 12 1 0 0
node 17 1 0 0
gene 2 1 4 0.425811 0 1 0.425811 1
gene 3 2 4 0.148509 0 2 0.148509 1
gene 1 3 4 -1.71206 0 3 -1.71206 1
gene 3 2 5 0.350443 0 4 0.350443 1
gene 3 5 4 0.504882 0 5 0.504882 1
gene 3 3 5 3.93721 0 8 3.93721 1
gene 3 3 12 0.518983 0 24 0.518983 1
gene 1 12 4 0.282204 0 25 0.282204 1
gene 3 2 17 -3.6248 0 41 -3.6248 1
gene 3 17 5 -1.81293 0 42 -1.81293 1
gene 1 2 12 -0.405116 0 47 -0.405116 1
gene 2 5 12 3.07739 0 68 3.07739 1
genomeend 67

/* Organism #68 Fitness: 4.1054 Error: 1.97382 */
genomestart 68
trait 1 0.1 0 0 0 0 0 0 0 
trait 2 0.2 0 0 0 0 0 0 0 
trait 3 0.3 0 0 0 0 0 0 0 
node 1 3 1 3
node 2 2 1 1
node 3 1 1 1
node 4 2 0 2
node 5 1 0 0
node 12 1 0 0
node 17 1 0 0
gene 2 1 4 -1.63436 0 1 -1.63436 1
gene 3 2 4 1.00696 0 2 1.00696 1
gene 1 3 4 -1.38969 0 3 -1.38969 1
gene 3 2 5 -2.23088 0 4 -2.23088 1
gene 3 5 4 -0.661851 0 5 -0.661851 1
gene 3 3 5 0.442851 0 8 0.442851 1
gene 3 3 12 -0.431435 0 24 -0.431435 1
gene 1 12 4 -3.11402 0 25 -3.11402 1
gene 3 2 17 -3.70895 0 41 -3.70895 1
gene 3 17 5 -0.0481984 0 42 -0.0481984 1
gene 1 2 12 -0.678259 0 47 -0.678259 1
gene 2 5 12 3.65482 0 68 3.65482 1
genomeend 68

/* Organism #69 Fitness: 4.80819 Error: 1.80724 */
genomestart 69
trait 1 0.1 0 0 0 0 0 0 0 
trait 2 0.2 0 0 0 0 0 0 0 
trait 3 0.3 0 0 0 0 0 0 0 
node 1 3 1 3
node 2 2 1 1
node 3 1 1 1
node 4 2 0 2
node 5 1 0 0
node 12 1 0 0
node 17 1 0 0
gene 2 1 4 2.18297 0 1 2.18297 1
gene 3 2 4 3.26382 0 2 3.26382 1
gene 1 3 4 0.892528 0 3 0.892528 1
gene 3 2 5 -4.99097 0 4 -4.99097 1
gene 3 5 4 -0.531175 0 5 -0.531175 1
gene 3 3 5 1.85138 0 8 1.85138 1
gene 3 3 12 2.31023 0 24 2.31023 1
gene 1 12 4 -1.47341 0 25 -1.47341 1
gene 3 2 17 -4.26778 0 41 -4.26778 1
gene 3 17 5 0.564826 0 42 0.564826 1
gene 1 2 12 -2.60352 0 47 -2.60352 1
gene 2 5 12 4.11587 0 68 4.11587 1
genomeend 69

/* Species #9 : (Size 9) (AF 6.22047) (Age 9)  */


/* Organism #70 Fitness: 8.99999 Error: 1 */
genomestart 70
trait 1 0.1 0 0 0 0 0 0 0 
trait 2 0.2 0 0 0 0 0 0 0 
trait 3 0 0 0 0 0.792592 0.791246 0 0 
node 1 3 1 3
node 2 2 1 1
node 3 1 1 1
node 4 2 0 2
node 18 1 0 0
node 34 1 0 0
gene 3 1 4 -3.31485 0 1 -3.31485 1
gene 1 2 4 4.93064 0 2 4.93064 0
gene 1 3 4 -5.52779 0 3 -5.52779 1
gene 1 2 18 1 0 44 0 1
gene 1 18 4 6.81952 0 45 6.81952 1
gene 3 3 18 -0.95354 0 60 -0.95354 0
gene 3 3 34 2.56901 0 94 2.56901 1
gene 3 34 18 -0.95354 0 95 0 1
genomeend 70

/* Organism #71 Fitness: 3.49396 Error: 2.13079 */
genomestart 71
trait 1 0.0656595 0 0 0 0 0 0.329237 0 
trait 2 0.2 0 0 0 0 0 0 0 
trait 3 0 0 0 0 0.792592 0.791246 0 0 
node 1 3 1 3
node 2 2 1 1
node 3 1 1 1
node 4 2 0 2
node 18 1 0 0
node 34 1 0 0
gene 3 1 4 -4.86327 0 1 -4.86327 1
gene 1 2 4 5.03274 0 2 5.03274 0
gene 1 3 4 -2.46609 0 3 -2.46609 1
gene 1 2 18 -1.2471 0 44 -1.2471 1
gene 1 18 4 8 0 45 8 1
gene 3 3 18 0.816752 0 60 0.816752 0
gene 3 3 34 2.44353 0 94 2.44353 1
gene 3 34 18 0.668941 0 95 0.668941 1
genomeend 71

/* Organism #72 Fitness: 8.99994 Error: 1.00001 */
genomestart 72
trait 1 0.0656595 0 0 0 0 0 0.329237 0 
trait 2 0.2 0 0 0 0 0 0 0 
trait 3 0 0 0 0 0.792592 0.791246 0 0 
node 1 3 1 3
node 2 2 1 1
node 3 1 1 1
node 4 2 0 2
node 18 1 0 0
node 34 1 0 0
gene 3 1 4 -3.31485 0 1 -3.31485 1
gene 1 2 4 6.2421 0 2 6.2421 0
gene 1 3 4 -5.52779 0 3 -5.52779 1
gene 1 2 18 1 0 44 0 1
gene 1 18 4 6.12092 0 45 6.12092 1
gene 3 3 18 -0.95354 0 60 -0.95354 0
gene 3 3 34 2.56901 0 94 2.56901 1
gene 3 34 18 -0.95354 0 95 0 1
genomeend 72

/* Organism #73 Fitness: 8.95983 Error: 1.0067 */
genomestart 73
trait 1 0.1 0 0 0 0 0 0 0 
trait 2 0.2 0 0 0 0 0 0 0 
trait 3 0 0 0 0 0.792592 0.791246 0 0 
node 1 3 1 3
node 2 2 1 1
node 3 1 1 1
node 4 2 0 2
node 18 1 0 0
node 34 1 0 0
gene 3 1 4 -3.0554 0 1 -3.0554 1
gene 1 2 4 4.93064 0 2 4.93064 0
gene 1 3 4 -4.84619 0 3 -4.84619 1
gene 1 2 18 3.20983 0 44 3.20983 1
gene 1 18 4 6.81952 0 45 6.81952 1
gene 3 3 18 -1.29204 0 60 -1.29204 0
gene 3 3 34 2.32434 0 94 2.32434 1
gene 3 34 18 -0.422506 0 95 -0.422506 1
genomeend 73

/* Organism #74 Fitness: 4.53303 Error: 1.87091 */
genomestart 74
trait 1 0.0656595 0 0 0 0 0 0.329237 0 
trait 2 0.2 0 0.507319 0 0 0.53085 0 0 
trait 3 0 0 0 0 0.792592 0.791246 0 0 
node 1 3 1 3
node 2 2 1 1
node 3 1 1 1
node 4 2 0 2
node 18 1 0 0
node 34 1 0 0
gene 3 1 4 -4.59041 0 1 -4.59041 1
gene 1 2 4 4.97832 0 2 4.97832 0
gene 1 3 4 0.609811 0 3 0.609811 1
gene 1 2 18 2.49995 0 44 2.49995 1
gene 1 18 4 4.21126 0 45 4.21126 1
gene 3 3 18 -1.66028 0 60 -1.66028 0
gene 3 3 34 1.57867 0 94 1.57867 1
gene 3 34 18 -2.44535 0 95 -2.44535 1
genomeend 74

/* Organism #75 Fitness: 4 Error: 2 */
genomestart 75
trait 1 0.0656595 0 0 0 0 0 0.329237 0 
trait 2 0.2 0 0 0 0 0 0 0 
trait 3 0 0 0 0 0.792592 0.791246 0 0 
node 1 3 1 3
node 2 2 1 1
node 3 1 1 1
node 4 2 0 2
node 18 1 0 0
node 34 1 0 0
gene 3 1 4 -2.06551 0 1 -2.06551 1
gene 1 2 4 7.89724 0 2 7.89724 0
gene 1 3 4 -4.74794 0 3 -4.74794 1
gene 1 2 18 -1.05764 0 44 -1.05764 1
gene 1 18 4 -1.66949 0 45 -1.66949 1
gene 3 3 18 1.63995 0 60 1.63995 0
gene 3 3 34 0.887885 0 94 0.887885 1
gene 3 34 18 2.20544 0 95 2.20544 1
genomeend 75

/* Organism #76 Fitness: 3.99999 Error: 2 */
genomestart 76
trait 1 0.031319 0 0 0 0 0 0.658474 0 
trait 2 0.2 0 0 0 0 0 0 0 
trait 3 0 0 0 0 0.792592 0.791246 0 0 
node 1 3 1 3
node 2 2 1 1
node 3 1 1 1
node 4 2 0 2
node 18 1 0 0
node 34 1 0 0
gene 3 1 4 -3.31485 0 1 -3.31485 1
gene 1 2 4 2.12071 0 2 2.12071 0
gene 1 3 4 -2.73992 0 3 -2.73992 1
gene 1 2 18 0.178826 0 44 0.178826 1
gene 1 18 4 5.50647 0 45 5.50647 1
gene 3 3 18 -0.534308 0 60 -0.534308 0
gene 3 3 34 -0.77865 0 94 -0.77865 1
gene 3 34 18 -3.2007 0 95 -3.2007 1
genomeend 76

/* Organism #77 Fitness: 8.99814 Error: 1.00031 */
genomestart 77
trait 1 0.031319 0 0 0 0 0 0.658474 0 
trait 2 0.2 0 0 0 0 0 0 0 
trait 3 0 0 0 0 0.792592 0.791246 0 0 
node 1 3 1 3
node 2 2 1 1
node 3 1 1 1
node 4 2 0 2
node 18 1 0 0
node 34 1 0 0
gene 3 1 4 -3.00594 0 1 -3.00594 1
gene 1 2 4 8 0 2 8 0
gene 1 3 4 -4.13104 0 3 -4.13104 1
gene 1 2 18 2.88918 0 44 2.88918 1
gene 1 18 4 5.4927 0 45 5.4927 1
gene 3 3 18 1.03507 0 60 1.03507 0
gene 2 3 34 -0.020442 0 94 -0.020442 1
gene 3 34 18 -1.42602 0 95 -1.42602 1
genomeend 77

/* Organism #78 Fitness: 3.99938 Error: 2.00016 */
genomestart 78
trait 1 0.031319 0 0 0 0 0 0.658474 0 
trait 2 0.2 0 0 0 0 0 0 0 
trait 3 0 0 0 0 0.792592 0.791246 0 0 
node 1 3 1 3
node 2 2 1 1
node 3 1 1 1
node 4 2 0 2
node 18 1 0 0
node 34 1 0 0
gene 3 1 4 -2.01179 0 1 -2.01179 1
gene 1 2 4 7.45343 0 2 7.45343 0
gene 1 3 4 0.719788 0 3 0.719788 1
gene 1 2 18 0.0988211 0 44 0.0988211 1
gene 1 18 4 4.6563 0 45 4.6563 1
gene 3 3 18 -0.433702 0 60 -0.433702 0
gene 3 3 34 -0.0416417 0 94 -0.0416417 1
gene 3 34 18 -2.35477 0 95 -2.35477 1
genomeend 78

/* Species #10 : (Size 4) (AF 3.99999) (Age 9)  */


/* Organism #79 Fitness: 3.99999 Error: 2 */
genomestart 79
trait 1 0.1 0 0 0 0 0 0 0 
trait 2 0.2 0 0 0.197642 0 0 0 0 
trait 3 0.3 0 0 0 0 0 0 0 
node 1 2 1 3
node 2 1 1 1
node 3 1 1 1
node 4 3 0 2
node 12 1 0 0
gene 3 1 4 -0.979978 0 1 -0.979978 1
gene 1 2 4 0.0250321 0 2 0.0250321 1
gene 1 3 4 -3.2837 0 3 -3.2837 0
gene 1 3 12 -3.5009 0 24 -3.5009 1
gene 1 12 4 -2.97132 0 25 -2.97132 1
gene 1 1 12 -4.07623 0 35 -4.07623 1
gene 2 2 12 1.92835 0 38 1.92835 1
genomeend 79

/* Organism #80 Fitness: 3.99995 Error: 2.00001 */
genomestart 80
trait 1 0.1 0 0 0 0 0 0 0 
trait 2 0.2 0 0 0.197642 0 0 0 0 
trait 3 0.3 0 0 0 0 0 0 0 
node 1 2 1 3
node 2 1 1 1
node 3 1 1 1
node 4 3 0 2
node 12 1 0 0
gene 3 1 4 -2.27713 0 1 -2.27713 1
gene 1 2 4 -0.00252982 0 2 -0.00252982 1
gene 1 3 4 -1.73071 0 3 -1.73071 0
gene 1 3 12 -3.74251 0 24 -3.74251 1
gene 1 12 4 -0.728112 0 25 -0.728112 1
gene 1 1 12 -0.7193 0 35 -0.7193 1
gene 2 2 12 2.30282 0 38 2.30282 1
genomeend 80

/* Organism #81 Fitness: 4 Error: 2 */
genomestart 81
trait 1 0.1 0 0 0 0 0 0 0 
trait 2 0.2 0 0 0.197642 0 0 0 0 
trait 3 0.3 0 0 0 0 0 0 0 
node 1 3 1 3
node 2 1 1 1
node 3 1 1 1
node 4 3 0 2
node 12 1 0 0
gene 3 1 4 -2.67871 0 1 -2.67871 1
gene 1 2 4 0.822041 0 2 0.822041 1
gene 1 3 4 -1.30806 0 3 -1.30806 0
gene 1 3 12 -1.71222 0 24 -1.71222 1
gene 1 12 4 -3.34711 0 25 -3.34711 1
gene 1 1 12 -2.54146 0 35 -2.54146 1
gene 2 2 12 4.77545 0 38 4.77545 1
genomeend 81

/* Organism #82 Fitness: 4 Error: 2 */
genomestart 82
trait 1 0.1 0 0 0 0 0 0 0 
trait 2 0.2 0 0 0.197642 0 0 0 0 
trait 3 0.3 0 0 0 0 0 0 0 
node 1 2 1 3
node 2 1 1 1
node 3 1 1 1
node 4 3 0 2
node 12 1 0 0
gene 3 1 4 -1.63212 0 1 -1.63212 1
gene 1 2 4 -1.60942 0 2 -1.60942 1
gene 1 3 4 -4.14619 0 3 -4.14619 0
gene 1 3 12 -1.83228 0 24 -1.83228 1
gene 1 12 4 0.0453487 0 25 0.0453487 1
gene 1 1 12 -2.1191 0 35 -2.1191 1
gene 2 2 12 4.11439 0 38 4.11439 1
genomeend 82

/* Species #11 : (Size 9) (AF 5.56542) (Age 9)  */


/* Organism #83 Fitness: 8.07962 Error: 1.15753 */
genomestart 83
trait 1 0.1 0 0 0 0 0 0 0 
trait 2 0.2 0 0 0 0 0 0 0 
trait 3 0.3 0 0 0 0 0 0 0 
node 1 2 1 3
node 2 2 1 1
node 3 1 1 1
node 4 2 0 2
node 5 1 0 0
node 12 1 0 0
gene 2 1 4 -1.37153 0 1 -1.37153 1
gene 3 2 4 -2.43969 0 2 -2.43969 1
gene 1 3 4 -1.19218 0 3 -1.19218 1
gene 3 2 5 6.11332 0 4 6.11332 1
gene 3 5 4 2.92393 0 5 2.92393 1
gene 3 3 5 2.53327 0 8 2.53327 1
gene 1 3 12 -4.95516 0 24 -4.95516 1
gene 1 12 4 -1.79085 0 25 -1.79085 1
gene 2 1 12 0.0372348 0 37 0.0372348 1
genomeend 83

/* Organism #84 Fitness: 8.07962 Error: 1.15753 */
genomestart 84
trait 1 0.1 0 0 0 0 0 0 0 
trait 2 0.2 0 0 0 0 0 0 0 
trait 3 0.3 0 0 0 0 0 0 0 
node 1 2 1 3
node 2 2 1 1
node 3 1 1 1
node 4 2 0 2
node 5 1 0 0
node 12 1 0 0
gene 2 1 4 -1.37153 0 1 -1.37153 1
gene 3 2 4 -2.43969 0 2 -2.43969 1
gene 1 3 4 -1.19218 0 3 -1.19218 1
gene 3 2 5 6.11332 0 4 6.11332 1
gene 3 5 4 2.92393 0 5 2.92393 1
gene 3 3 5 2.53327 0 8 2.53327 1
gene 1 3 12 -4.95516 0 24 -4.95516 1
gene 1 12 4 -1.79085 0 25 -1.79085 1
gene 2 1 12 0.0372348 0 37 0.0372348 1
genomeend 84

/* Organism #85 Fitness: 3.97889 Error: 2.00529 */
genomestart 85
trait 1 0.1 0 0 0 0 0 0 0 
trait 2 0.2 0 0 0 0 0 0 0 
trait 3 0.3 0 0 0 0 0 0 0 
node 1 2 1 3
node 2 2 1 1
node 3 1 1 1
node 4 2 0 2
node 5 1 0 0
node 12 1 0 0
gene 2 1 4 -1.37153 0 1 -1.37153 1
gene 3 2 4 0.306594 0 2 0.306594 1
gene 1 3 4 2.4723 0 3 2.4723 1
gene 3 2 5 6.11332 0 4 6.11332 1
gene 3 5 4 -0.146706 0 5 -0.146706 1
gene 3 3 5 2.53327 0 8 2.53327 1
gene 1 3 12 -5.72125 0 24 -5.72125 1
gene 1 12 4 -1.79085 0 25 -1.79085 1
gene 2 1 12 -1.49699 0 37 -1.49699 1
genomeend 85

/* Organism #86 Fitness: 3.91685 Error: 2.0209 */
genomestart 86
trait 1 0.1 0 0 0 0 0 0 0 
trait 2 0.2 0 0 0 0 0 0 0 
trait 3 0.3 0 0 0 0 0 0 0 
node 1 2 1 3
node 2 2 1 1
node 3 1 1 1
node 4 2 0 2
node 5 1 0 0
node 12 1 0 0
gene 2 1 4 -0.574478 0 1 -0.574478 1
gene 3 2 4 -3.65888 0 2 -3.65888 1
gene 1 3 4 1.15225 0 3 1.15225 1
gene 3 2 5 3.66291 0 4 3.66291 1
gene 3 5 4 2.50503 0 5 2.50503 1
gene 3 3 5 3.10908 0 8 3.10908 1
gene 1 3 12 -5.49014 0 24 -5.49014 1
gene 1 12 4 -2.80215 0 25 -2.80215 1
gene 2 1 12 -2.21457 0 37 -2.21457 1
genomeend 86

/* Organism #87 Fitness: 11.6459 Error: 0.587387 */
/* ##------$ WINNER 87 SPECIES #11 $------## */
genomestart 87
trait 1 0.460392 0.073955 0.974678 0.363078 0 0.844949 0 0 
trait 2 0.2 0 0 0 0 0 0 0 
trait 3 0.3 0 0 0 0 0 0 0 
node 1 2 1 3
node 2 2 1 1
node 3 1 1 1
node 4 2 0 2
node 5 1 0 0
node 12 1 0 0
gene 2 1 4 -1.78117 0 1 -1.78117 1
gene 3 2 4 -0.45947 0 2 -0.45947 1
gene 1 3 4 -2.14576 0 3 -2.14576 1
gene 3 2 5 7.1845 0 4 7.1845 1
gene 3 5 4 4.33441 0 5 4.33441 1
gene 3 3 5 2.45313 0 8 2.45313 1
gene 1 3 12 -6.64032 0 24 -6.64032 1
gene 1 12 4 -1.91684 0 25 -1.91684 1
gene 2 1 12 0.0801941 0 37 0.0801941 1
genomeend 87

/* Organism #88 Fitness: 5.11205 Error: 1.73902 */
genomestart 88
trait 1 0.1 0 0 0 0 0 0 0 
trait 2 0.2 0 0 0 0 0 0 0 
trait 3 0.3 0 0 0 0 0 0 0 
node 1 2 1 3
node 2 2 1 1
node 3 1 1 1
node 4 2 0 2
node 5 1 0 0
node 12 1 0 0
gene 2 1 4 -1.709 0 1 -1.709 1
gene 3 2 4 -3.16962 0 2 -3.16962 1
gene 1 3 4 -0.909496 0 3 -0.909496 1
gene 3 2 5 7.73135 0 4 7.73135 1
gene 3 5 4 2.40714 0 5 2.40714 1
gene 3 3 5 2.55884 0 8 2.55884 1
gene 1 3 12 -7.37817 0 24 -7.37817 1
gene 1 12 4 -2.45718 0 25 -2.45718 1
gene 2 1 12 0.981949 0 37 0.981949 1
genomeend 88

/* Organism #89 Fitness: 4.14557 Error: 1.96393 */
genomestart 89
trait 1 0.1 0 0 0 0 0 0 0 
trait 2 0.2 0 0 0 0 0 0 0 
trait 3 0.3 0 0 0 0 0 0 0 
node 1 2 1 3
node 2 2 1 1
node 3 1 1 1
node 4 2 0 2
node 5 1 0 0
node 12 1 0 0
gene 2 1 4 -1.37153 0 1 -1.37153 1
gene 3 2 4 -4.13631 0 2 -4.13631 1
gene 1 3 4 -1.44664 0 3 -1.44664 1
gene 3 2 5 7.59266 0 4 7.59266 1
gene 3 5 4 3.95832 0 5 3.95832 1
gene 3 3 5 4.12684 0 8 4.12684 1
gene 1 3 12 0.451925 0 24 0.451925 1
gene 1 12 4 -1.79085 0 25 -1.79085 1
gene 2 1 12 1.88589 0 37 1.88589 1
genomeend 89

/* Organism #90 Fitness: 4.08111 Error: 1.97982 */
genomestart 90
trait 1 0.1 0 0 0 0 0 0 0 
trait 2 0.2 0 0 0 0 0 0 0 
trait 3 0.3 0 0 0 0 0 0 0 
node 1 2 1 3
node 2 2 1 1
node 3 1 1 1
node 4 2 0 2
node 5 1 0 0
node 12 1 0 0
gene 2 1 4 -3.75383 0 1 -3.75383 1
gene 3 2 4 -1.57957 0 2 -1.57957 1
gene 1 3 4 -1.89898 0 3 -1.89898 1
gene 3 2 5 6.21193 0 4 6.21193 1
gene 3 5 4 4.51405 0 5 4.51405 1
gene 3 3 5 1.44357 0 8 1.44357 1
gene 1 3 12 -6.85081 0 24 -6.85081 1
gene 1 12 4 -1.43742 0 25 -1.43742 1
gene 2 1 12 -1.32744 0 37 -1.32744 1
genomeend 90

/* Organism #91 Fitness: 1.04916 Error: 2.97571 */
genomestart 91
trait 1 0.1 0 0 0 0 0 0 0 
trait 2 0.2 0 0 0 0 0 0 0 
trait 3 0.3 0 0 0 0 0 0 0 
node 1 2 1 3
node 2 2 1 1
node 3 1 1 1
node 4 2 0 2
node 5 1 0 0
node 12 1 0 0
gene 2 1 4 0.928803 0 1 0.928803 1
gene 3 2 4 -3.27866 0 2 -3.27866 1
gene 1 3 4 -3.46914 0 3 -3.46914 1
gene 3 2 5 6.25574 0 4 6.25574 1
gene 3 5 4 1.7201 0 5 1.7201 1
gene 2 3 5 4.61713 0 8 4.61713 1
gene 1 3 12 -3.46328 0 24 -3.46328 1
gene 1 12 4 -0.826145 0 25 -0.826145 1
gene 2 1 12 0.000639781 0 37 0.000639781 1
genomeend 91

/* Species #12 : (Size 9) (AF 4.31406) (Age 8)  */


/* Organism #92 Fitness: 8.99171 Error: 1.00138 */
genomestart 92
trait 1 0.1 0 0 0 0 0 0 0 
trait 2 0.2 0 0 0 0 0 0 0 
trait 3 1 0.12826 0 0 0 0.651302 0.386513 0 
node 1 3 1 3
node 2 1 1 1
node 3 1 1 1
node 4 3 0 2
node 7 1 0 0
node 19 1 0 0
gene 2 1 4 -4.56774 0 1 -4.56774 1
gene 3 2 4 -3.41154 0 2 -3.41154 1
gene 3 3 4 4.3442 0 3 4.3442 0
gene 3 3 7 3.3557 0 9 3.3557 1
gene 3 7 4 -1.27924 0 10 -1.27924 0
gene 3 3 19 0.887978 0 50 0.887978 1
gene 3 19 4 6.11037 0 51 6.11037 1
genomeend 92

/* Organism #93 Fitness: 4.00013 Error: 1.99997 */
genomestart 93
trait 1 0.1 0 0 0 0 0 0 0 
trait 2 0.2 0 0 0 0 0 0 0 
trait 3 1 0.12826 0 0 0 0.651302 0.386513 0 
node 1 3 1 3
node 2 1 1 1
node 3 3 1 1
node 4 3 0 2
node 7 1 0 0
node 19 1 0 0
gene 2 1 4 -6.74619 0 1 -6.74619 1
gene 3 2 4 -3.40517 0 2 -3.40517 1
gene 3 3 4 5.73459 0 3 5.73459 0
gene 3 3 7 3.6137 0 9 3.6137 1
gene 3 7 4 -2.16372 0 10 -2.16372 0
gene 3 3 19 3.03893 0 50 3.03893 1
gene 3 19 4 4.6465 0 51 4.6465 1
genomeend 93

/* Organism #94 Fitness: 1.00801 Error: 2.996 */
genomestart 94
trait 1 0.1 0 0 0 0 0 0 0 
trait 2 0.2 0 0 0 0 0 0 0 
trait 3 1 0.12826 0 0 0 0.651302 0.386513 0 
node 1 3 1 3
node 2 1 1 1
node 3 1 1 1
node 4 3 0 2
node 7 1 0 0
node 19 1 0 0
gene 2 1 4 -2.87208 0 1 -2.87208 1
gene 3 2 4 -3.41154 0 2 -3.41154 1
gene 3 3 4 6.20062 0 3 6.20062 0
gene 3 3 7 3.38894 0 9 3.38894 1
gene 3 7 4 -0.716714 0 10 -0.716714 0
gene 3 3 19 -0.38308 0 50 -0.38308 1
gene 3 19 4 8 0 51 8 1
genomeend 94

/* Organism #95 Fitness: 1.63019 Error: 2.72321 */
genomestart 95
trait 1 0.1 0 0 0 0 0 0 0 
trait 2 0.2 0 0 0 0 0 0 0 
trait 3 1 0.12826 0 0 0 0.651302 0.386513 0 
node 1 3 1 3
node 2 1 1 1
node 3 3 1 1
node 4 3 0 2
node 7 1 0 0
node 19 1 0 0
gene 2 1 4 0.697631 0 1 0.697631 1
gene 3 2 4 -3.04032 0 2 -3.04032 1
gene 3 3 4 6.39723 0 3 6.39723 0
gene 3 3 7 0.574255 0 9 0.574255 1
gene 3 7 4 -2.24062 0 10 -2.24062 1
gene 3 3 19 3.04764 0 50 3.04764 1
gene 3 19 4 6.53583 0 51 6.53583 1
genomeend 95

/* Organism #96 Fitness: 8.69782 Error: 1.05079 */
genomestart 96
trait 1 0.1 0 0.251366 0 0 0.0692013 0 0 
trait 2 0.2 0 0 0 0 0 0 0 
trait 3 1 0.12826 0 0 0 0.651302 0.386513 0 
node 1 2 1 3
node 2 1 1 1
node 3 3 1 1
node 4 3 0 2
node 7 1 0 0
node 19 1 0 0
gene 2 1 4 -4.4671 0 1 -4.4671 1
gene 3 2 4 -3.04032 0 2 -3.04032 1
gene 3 3 4 4.17363 0 3 4.17363 0
gene 3 3 7 3.98297 0 9 3.98297 1
gene 3 7 4 0.0533043 0 10 0.0533043 1
gene 3 3 19 0.943989 0 50 0.443989 1
gene 3 19 4 5.05671 0 51 3.05518 1
genomeend 96

/* Organism #97 Fitness: 3.99862 Error: 2.00035 */
genomestart 97
trait 1 0.1 0 0 0 0 0 0 0.341252 
trait 2 0.2 0 0 0 0 0 0 0 
trait 3 1 0.12826 0 0 0 0.651302 0.386513 0 
node 1 3 1 3
node 2 1 1 1
node 3 1 1 1
node 4 3 0 2
node 7 1 0 0
node 19 1 0 0
gene 2 1 4 2.1055 0 1 2.1055 1
gene 3 2 4 -2.33434 0 2 -2.33434 1
gene 3 3 4 2.29404 0 3 2.29404 0
gene 3 3 7 4.30649 0 9 4.30649 1
gene 3 7 4 -2.41184 0 10 -2.41184 0
gene 3 3 19 0.943989 0 50 0.943989 1
gene 3 19 4 3.69385 0 51 3.69385 1
genomeend 97

/* Organism #98 Fitness: 1.68878 Error: 2.70047 */
genomestart 98
trait 1 0.1 0 0 0 0 0 0 0 
trait 2 0.2 0 0 0 0 0 0 0 
trait 3 1 0.12826 0 0 0 0.651302 0.386513 0 
node 1 3 1 3
node 2 1 1 1
node 3 3 1 1
node 4 3 0 2
node 7 1 0 0
node 19 1 0 0
gene 2 1 4 -3.18832 0 1 -3.18832 1
gene 3 2 4 -0.732818 0 2 -0.732818 1
gene 3 3 4 6.04208 0 3 6.04208 0
gene 3 3 7 4.50493 0 9 4.50493 1
gene 3 7 4 1.7617 0 10 1.7617 1
gene 3 3 19 3.13363 0 50 3.13363 1
gene 3 19 4 5.52725 0 51 5.52725 1
genomeend 98

/* Organism #99 Fitness: 4.00717 Error: 1.99821 */
genomestart 99
trait 1 0.1 0 0 0 0 0 0 0 
trait 2 0.2 0 0 0 0 0 0 0 
trait 3 1 0.12826 0 0 0 0.651302 0.386513 0 
node 1 3 1 3
node 2 1 1 1
node 3 1 1 1
node 4 3 0 2
node 7 1 0 0
node 19 1 0 0
gene 2 1 4 -6.62367 0 1 -6.62367 1
gene 3 2 4 -2.61823 0 2 -2.61823 1
gene 3 3 4 2.8474 0 3 2.8474 0
gene 3 3 7 0.97354 0 9 0.97354 1
gene 3 7 4 0.784977 0 10 0.784977 0
gene 3 3 19 3.33298 0 50 3.33298 1
gene 3 19 4 5.33967 0 51 5.33967 1
genomeend 99

/* Organism #100 Fitness: 4.80412 Error: 1.80817 */
genomestart 100
trait 1 0.1 0 0 0 0 0 0 0 
trait 2 0.2 0 0 0 0 0 0 0 
trait 3 1 0.12826 0 0 0 0.651302 0.386513 0 
node 1 3 1 3
node 2 1 1 1
node 3 1 1 1
node 4 3 0 2
node 7 1 0 0
node 19 1 0 0
gene 2 1 4 -2.37077 0 1 -2.37077 1
gene 3 2 4 -5.78841 0 2 -5.78841 1
gene 3 3 4 3.38077 0 3 3.38077 0
gene 3 3 7 2.2632 0 9 2.2632 1
gene 3 7 4 -1.08653 0 10 -1.08653 0
gene 3 3 19 3.25259 0 50 3.25259 1
gene 3 19 4 5.32565 0 51 5.32565 1
genomeend 100

/* Species #13 : (Size 9) (AF 4.98469) (Age 8)  */


/* Organism #101 Fitness: 7.87018 Error: 1.19462 */
genomestart 101
trait 1 0.1 0 0 0 0 0 0 0 
trait 2 0.2 0 0 0.197642 0 0 0 0.236828 
trait 3 0.3 0 0 0 0 0 0 0 
node 1 3 1 3
node 2 1 1 1
node 3 1 1 1
node 4 3 0 2
node 12 1 0 0
node 22 1 0 0
gene 3 1 4 0.484537 0 1 0.484537 1
gene 1 2 4 0.324031 0 2 0.324031 1
gene 1 3 4 2.00601 0 3 2.00601 1
gene 1 3 12 -0.325156 0 24 -0.325156 1
gene 1 12 4 0.844589 0 25 0.844589 1
gene 1 1 12 -1.76244 0 35 -1.76244 1
gene 2 2 12 2.64028 0 52 2.64028 1
gene 1 2 22 -2.00582 0 61 -2.00582 1
gene 1 22 4 -1.54756 0 62 -1.54756 1
genomeend 101

/* Organism #102 Fitness: 8.83435 Error: 1.02774 */
genomestart 102
trait 1 0.1 0 0 0 0 0 0 0 
trait 2 0.2 0 0 0.197642 0 0 0 0.236828 
trait 3 0.3 0 0 0 0 0 0 0 
node 1 3 1 3
node 2 2 1 1
node 3 1 1 1
node 4 3 0 2
node 12 1 0 0
node 22 1 0 0
gene 3 1 4 1.91685 0 1 1.91685 1
gene 1 2 4 -1.1653 0 2 -1.1653 1
gene 1 3 4 -1.90296 0 3 -1.90296 1
gene 1 3 12 2.8546 0 24 2.8546 1
gene 1 12 4 -0.182941 0 25 -0.182941 1
gene 1 1 12 -2.5184 0 35 -2.5184 1
gene 2 2 12 -0.00937574 0 52 -0.00937574 1
gene 1 2 22 -3.34468 0 61 -3.34468 1
gene 1 22 4 2.80196 0 62 2.80196 1
genomeend 102

/* Organism #103 Fitness: 4.05885 Error: 1.98534 */
genomestart 103
trait 1 0.1 0 0 0 0 0 0 0 
trait 2 0.2 0 0 0.197642 0 0 0 0.236828 
trait 3 0.3 0 0 0 0 0 0 0 
node 1 3 1 3
node 2 2 1 1
node 3 1 1 1
node 4 3 0 2
node 12 1 0 0
node 22 1 0 0
gene 3 1 4 0.601767 0 1 0.601767 1
gene 1 2 4 -0.0300452 0 2 -0.0300452 1
gene 1 3 4 -1.02016 0 3 -1.02016 1
gene 1 3 12 2.03962 0 24 2.03962 1
gene 1 12 4 1.4072 0 25 1.4072 1
gene 1 1 12 -1.00986 0 35 -1.00986 1
gene 2 2 12 2.15927 0 52 2.15927 1
gene 1 2 22 -2.09511 0 61 -2.09511 1
gene 1 22 4 0.786729 0 62 0.786729 1
genomeend 103

/* Organism #104 Fitness: 4.04807 Error: 1.98802 */
genomestart 104
trait 1 0.1 0 0 0 0 0 0 0 
trait 2 0.2 0 0 0.197642 0 0 0 0.236828 
trait 3 0.3 0 0 0 0 0 0 0 
node 1 3 1 3
node 2 2 1 1
node 3 1 1 1
node 4 3 0 2
node 12 1 0 0
node 22 1 0 0
gene 3 1 4 0.718996 0 1 0.718996 1
gene 1 2 4 -0.384121 0 2 -0.384121 1
gene 1 3 4 -4.04634 0 3 -4.04634 1
gene 1 3 12 4.4044 0 24 4.4044 1
gene 1 12 4 1.9698 0 25 1.9698 1
gene 1 1 12 -0.257279 0 35 -0.257279 1
gene 2 2 12 1.67826 0 52 1.67826 1
gene 1 2 22 -2.1844 0 61 -2.1844 1
gene 1 22 4 3.12102 0 62 3.12102 1
gene 2 12 22 -0.353963 0 127 -0.353963 1
genomeend 104

/* Organism #105 Fitness: 4.00293 Error: 1.99927 */
genomestart 105
trait 1 0.1 0 0 0 0 0 0 0 
trait 2 0.2 0 0 0.197642 0 0 0 0.236828 
trait 3 0.3 0 0 0 0 0 0 0 
node 1 3 1 3
node 2 2 1 1
node 3 1 1 1
node 4 3 0 2
node 12 1 0 0
node 22 1 0 0
gene 3 1 4 1.6951 0 1 1.6951 1
gene 1 2 4 -0.641977 0 2 -0.641977 1
gene 1 3 4 -4.04634 0 3 -4.04634 1
gene 1 3 12 -0.511598 0 24 -0.511598 1
gene 1 12 4 0.703048 0 25 0.703048 1
gene 1 1 12 -2.49105 0 35 -2.49105 1
gene 2 2 12 3.59404 0 52 3.59404 1
gene 1 2 22 -4.44992 0 61 -4.44992 1
gene 1 22 4 1.86248 0 62 1.86248 1
genomeend 105

/* Organism #106 Fitness: 6.19382 Error: 1.51126 */
genomestart 106
trait 1 0.1 0 0 0 0 0 0 0 
trait 2 0.2 0 0 0.197642 0 0 0 0.236828 
trait 3 0.3 0 0 0 0 0 0 0 
node 1 3 1 3
node 2 1 1 1
node 3 1 1 1
node 4 3 0 2
node 12 1 0 0
node 22 1 0 0
gene 3 1 4 -0.0749857 0 1 -0.0749857 1
gene 1 2 4 0.0688129 0 2 0.0688129 1
gene 1 3 4 4.01778 0 3 4.01778 1
gene 1 3 12 -2.48449 0 24 -2.48449 1
gene 1 12 4 0.035883 0 25 0.035883 1
gene 1 1 12 -3.16435 0 35 -3.16435 1
gene 2 2 12 0.185997 0 52 0.185997 1
gene 1 2 22 -3.41995 0 61 -3.41995 1
gene 1 22 4 -2.12689 0 62 -2.12689 1
genomeend 106

/* Organism #107 Fitness: 2.51311 Error: 2.41472 */
genomestart 107
trait 1 0.1 0 0 0 0 0 0 0 
trait 2 0.2 0 0 0.197642 0 0 0 0.236828 
trait 3 0.3 0 0 0 0 0 0 0 
node 1 2 1 3
node 2 2 1 1
node 3 1 1 1
node 4 3 0 2
node 12 1 0 0
node 22 1 0 0
gene 3 1 4 0.376331 0 1 0.376331 1
gene 1 2 4 -2.14929 0 2 -2.14929 1
gene 1 3 4 3.24251 0 3 3.24251 1
gene 1 3 12 3.65918 0 24 3.65918 1
gene 1 12 4 2.90577 0 25 2.90577 1
gene 1 1 12 0.666725 0 35 0.666725 1
gene 2 2 12 -0.554988 0 52 -0.554988 1
gene 1 2 22 -2.7893 0 61 -2.7893 1
gene 1 22 4 -2.75786 0 62 -2.75786 1
genomeend 107

/* Organism #108 Fitness: 3.30662 Error: 2.18159 */
genomestart 108
trait 1 0.1 0 0 0 0 0 0 0 
trait 2 0.2 0 0 0.197642 0 0 0 0.236828 
trait 3 0.3 0 0 0 0 0 0 0 
node 1 3 1 3
node 2 2 1 1
node 3 1 1 1
node 4 3 0 2
node 12 1 0 0
node 22 1 0 0
gene 3 1 4 0.922226 0 1 0.922226 1
gene 1 2 4 -0.248616 0 2 -0.248616 1
gene 1 3 4 1.19392 0 3 1.19392 1
gene 1 3 12 5.28378 0 24 5.28378 1
gene 1 12 4 -0.449386 0 25 -0.449386 1
gene 1 1 12 0.212667 0 35 0.212667 1
gene 2 2 12 0.776881 0 52 0.776881 1
gene 1 2 22 -0.280949 0 61 -0.280949 1
gene 1 22 4 -0.565444 0 62 -0.565444 1
genomeend 108

/* Organism #109 Fitness: 4.03424 Error: 1.99146 */
genomestart 109
trait 1 0.1 0 0 0 0 0 0 0 
trait 2 0.2 0 0 0.197642 0 0 0 0.236828 
trait 3 0.3 0 0 0 0 0 0 0 
node 1 3 1 3
node 2 2 1 1
node 3 1 1 1
node 4 3 0 2
node 12 1 0 0
node 22 1 0 0
gene 3 1 4 0.718996 0 1 0.718996 1
gene 1 2 4 -0.384121 0 2 -0.384121 1
gene 1 3 4 -4.04634 0 3 -4.04634 1
gene 1 3 12 4.4044 0 24 4.4044 1
gene 1 12 4 1.9698 0 25 1.9698 1
gene 1 1 12 -0.257279 0 35 -0.257279 1
gene 2 2 12 1.67826 0 52 1.67826 1
gene 1 2 22 -2.1844 0 61 -2.1844 1
gene 1 22 4 3.12102 0 62 3.12102 1
gene 3 1 22 -0.398653 0 128 -0.398653 1
genomeend 109

/* Species #14 : (Size 6) (AF 4.79897) (Age 6)  */


/* Organism #110 Fitness: 4.21331 Error: 1.94737 */
genomestart 110
trait 1 0.1 0 0 0 0 0 0 0 
trait 2 0.2 0 0 0.197642 0 0 0 0 
trait 3 0.15 0 0.315921 0.165077 0 0.327088 0 0.351628 
node 1 3 1 3
node 2 1 1 1
node 3 1 1 1
node 4 3 0 2
node 12 1 0 0
node 16 1 0 0
node 28 1 0 0
gene 3 1 4 -1.63735 0 1 -1.63735 1
gene 1 2 4 -3.77655 0 2 -3.77655 1
gene 1 3 4 -0.253748 0 3 -0.253748 0
gene 1 3 12 -0.467002 0 24 -0.467002 0
gene 1 12 4 -5.75789 0 25 -5.75789 1
gene 1 3 16 1.37199 0 39 1.37199 1
gene 1 16 4 1.338 0 40 1.338 1
gene 2 12 16 -0.0608889 0 49 -0.0608889 1
gene 3 1 12 -0.156699 0 67 0 1
gene 1 3 28 1 0 80 0 1
gene 1 28 12 -0.467002 0 81 0 1
gene 2 2 16 0.305011 0 101 0.305011 1
gene 1 1 28 -0.411054 0 110 -0.411054 1
gene 1 2 28 -0.818331 0 117 -0.818331 1
genomeend 110

/* Organism #111 Fitness: 4.21331 Error: 1.94737 */
genomestart 111
trait 1 0.1 0 0 0 0 0 0 0 
trait 2 0.2 0 0 0.197642 0 0 0 0 
trait 3 0.15 0 0.315921 0.165077 0 0.327088 0 0.351628 
node 1 3 1 3
node 2 1 1 1
node 3 1 1 1
node 4 3 0 2
node 12 1 0 0
node 16 1 0 0
node 28 1 0 0
gene 3 1 4 -1.63735 0 1 -1.63735 1
gene 1 2 4 -3.77655 0 2 -3.77655 1
gene 1 3 4 -0.253748 0 3 -0.253748 0
gene 1 3 12 -0.467002 0 24 -0.467002 0
gene 1 12 4 -5.75789 0 25 -5.75789 1
gene 1 3 16 1.37199 0 39 1.37199 1
gene 1 16 4 1.338 0 40 1.338 1
gene 2 12 16 -0.0608889 0 49 -0.0608889 1
gene 3 1 12 -0.156699 0 67 0 1
gene 1 3 28 1 0 80 0 1
gene 1 28 12 -0.467002 0 81 0 1
gene 2 2 16 0.305011 0 101 0.305011 1
gene 1 1 28 -0.411054 0 110 -0.411054 1
gene 1 2 28 -0.818331 0 117 -0.818331 1
genomeend 111

/* Organism #112 Fitness: 8.15391 Error: 1.14449 */
genomestart 112
trait 1 0.1 0 0 0 0 0 0 0 
trait 2 0.2 0 0 0.197642 0 0 0 0 
trait 3 0.934197 0.675734 0.189134 0.165077 0 0.539944 0.800019 0.351628 
node 1 3 1 3
node 2 1 1 1
node 3 1 1 1
node 4 3 0 2
node 12 1 0 0
node 16 1 0 0
node 28 3 0 0
gene 3 1 4 -2.88844 0 1 -2.88844 1
gene 1 2 4 -4.90295 0 2 -4.90295 1
gene 1 3 4 2.24168 0 3 2.24168 0
gene 1 3 12 -2.44261 0 24 -2.44261 0
gene 1 12 4 -5.89952 0 25 -5.89952 1
gene 1 3 16 0.96712 0 39 0.96712 1
gene 1 16 4 3.28164 0 40 3.28164 1
gene 2 12 16 1.78458 0 49 1.78458 1
gene 3 1 12 -1.82726 0 67 -1.82726 1
gene 1 3 28 -1.31763 0 80 -1.31763 1
gene 1 28 12 -0.00352758 0 81 -0.00352758 1
gene 2 2 16 1.84279 0 101 1.84279 1
gene 1 1 28 1.67941 0 110 1.67941 1
gene 1 2 28 -1.52752 0 117 -1.52752 1
genomeend 112

/* Organism #113 Fitness: 4.21331 Error: 1.94737 */
genomestart 113
trait 1 0.1 0 0 0 0 0 0 0 
trait 2 0.2 0 0 0.197642 0 0 0 0 
trait 3 0.15 0 0.315921 0.165077 0 0.327088 0 0.351628 
node 1 3 1 3
node 2 1 1 1
node 3 1 1 1
node 4 3 0 2
node 12 1 0 0
node 16 1 0 0
node 28 1 0 0
gene 3 1 4 -1.63735 0 1 -1.63735 1
gene 1 2 4 -3.77655 0 2 -3.77655 1
gene 1 3 4 -0.253748 0 3 -0.253748 0
gene 1 3 12 -0.467002 0 24 -0.467002 0
gene 1 12 4 -5.75789 0 25 -5.75789 1
gene 1 3 16 1.37199 0 39 1.37199 1
gene 1 16 4 1.338 0 40 1.338 1
gene 2 12 16 -0.0608889 0 49 -0.0608889 1
gene 3 1 12 -0.156699 0 67 0 1
gene 1 3 28 1 0 80 0 1
gene 1 28 12 -0.467002 0 81 0 1
gene 2 2 16 0.305011 0 101 0.305011 1
gene 1 1 28 -0.411054 0 110 -0.411054 1
gene 1 2 28 -0.818331 0 117 -0.818331 1
genomeend 113

/* Organism #114 Fitness: 4 Error: 2 */
genomestart 114
trait 1 0.1 0 0 0 0 0 0 0 
trait 2 0.2 0 0 0.197642 0 0 0 0 
trait 3 0.15 0 1 0.165077 0.410454 0 0 0 
node 1 3 1 3
node 2 1 1 1
node 3 1 1 1
node 4 3 0 2
node 12 1 0 0
node 16 1 0 0
node 28 1 0 0
gene 3 1 4 -2.03798 0 1 -2.03798 1
gene 1 2 4 -2.0799 0 2 -2.0799 1
gene 1 3 4 1.15498 0 3 1.15498 0
gene 1 3 12 0.250944 0 24 0.250944 1
gene 1 12 4 -6.40214 0 25 -6.40214 1
gene 1 3 16 1.37903 0 39 1.37903 1
gene 1 16 4 -1.06716 0 40 -1.06716 1
gene 2 12 16 2.38497 0 49 2.38497 1
gene 3 1 12 0.689937 0 67 0.689937 1
gene 1 3 28 3.20246 0 80 3.20246 1
gene 1 28 12 -1.83672 0 81 -1.83672 1
gene 2 2 16 -1.54913 0 101 -1.54913 1
gene 1 1 28 0.193882 0 110 0.193882 1
gene 1 2 28 -3.04973 0 117 -3.04973 1
genomeend 114

/* Organism #115 Fitness: 4 Error: 2 */
genomestart 115
trait 1 0.1 0 0 0 0 0 0 0 
trait 2 0.2 0 0 0.197642 0 0 0 0 
trait 3 0.15 0 0.315921 0.165077 0 0.327088 0 0.351628 
node 1 3 1 3
node 2 1 1 1
node 3 1 1 1
node 4 3 0 2
node 12 1 0 0
node 16 1 0 0
node 28 1 0 0
gene 3 1 4 -0.110764 0 1 -0.110764 1
gene 1 2 4 -5.95099 0 2 -5.95099 1
gene 1 3 4 0.931539 0 3 0.931539 0
gene 1 3 12 1.88858 0 24 1.88858 0
gene 1 12 4 -6.18751 0 25 -6.18751 1
gene 1 3 16 2.98512 0 39 2.98512 1
gene 1 16 4 0.998106 0 40 0.998106 1
gene 2 12 16 -2.45689 0 49 -2.45689 1
gene 3 1 12 2.09942 0 67 2.09942 1
gene 1 3 28 0.756055 0 80 0.756055 1
gene 1 28 12 -2.79139 0 81 -2.79139 1
gene 2 2 16 -1.87496 0 101 -1.87496 1
gene 1 1 28 -2.68081 0 110 -2.68081 1
genomeend 115

/* Species #15 : (Size 9) (AF 6.45659) (Age 5)  */


/* Organism #116 Fitness: 8.99936 Error: 1.00011 */
genomestart 116
trait 1 0.1 0 0 0 0 0 0 0 
trait 2 0.2 0 0 0.0216171 0 0 0.0166522 0 
trait 3 0.135937 0 0 0 0 0.432713 0 0 
node 1 3 1 3
node 2 2 1 1
node 3 3 1 1
node 4 2 0 2
node 30 1 0 0
gene 3 1 4 -5.97567 0 1 -5.97567 1
gene 2 2 4 7.02019 0 2 7.02019 0
gene 1 3 4 -5.1565 0 3 -5.1565 1
gene 2 2 30 1.73309 0 85 1.73309 1
gene 2 30 4 8 0 86 8 1
genomeend 116

/* Organism #117 Fitness: 4.03432 Error: 1.99144 */
genomestart 117
trait 1 0.1 0 0 0 0 0 0 0 
trait 2 0.2 0 0 0.0216171 0 0 0.0166522 0 
trait 3 0.135937 0 0 0 0 0.432713 0 0 
node 1 3 1 3
node 2 2 1 1
node 3 3 1 1
node 4 2 0 2
node 30 1 0 0
gene 3 1 4 -6.03795 0 1 -6.03795 1
gene 2 2 4 0.0497438 0 2 0.0497438 0
gene 1 3 4 -5.76026 0 3 -5.76026 1
gene 2 2 30 0.162259 0 85 0.162259 1
gene 2 30 4 7.35498 0 86 7.35498 1
genomeend 117

/* Organism #118 Fitness: 8.96126 Error: 1.00646 */
genomestart 118
trait 1 0.1 0 0 0 0 0 0 0 
trait 2 0.2 0 0 0.0216171 0 0 0.0166522 0 
trait 3 0.135937 0 0 0 0 0.432713 0 0 
node 1 3 1 3
node 2 2 1 1
node 3 3 1 1
node 4 2 0 2
node 30 1 0 0
gene 3 1 4 -6.97748 0 1 -6.97748 1
gene 2 2 4 6.98824 0 2 6.98824 0
gene 1 3 4 -6.09006 0 3 -6.09006 1
gene 2 2 30 2.86339 0 85 2.86339 1
gene 2 30 4 8 0 86 8 1
genomeend 118

/* Organism #119 Fitness: 2.7343 Error: 2.34643 */
genomestart 119
trait 1 0.1 0 0 0 0 0 0 0 
trait 2 0.2 0 0 0.0216171 0 0 0.0166522 0 
trait 3 0.135937 0 0 0 0 0.432713 0 0 
node 1 3 1 3
node 2 2 1 1
node 3 3 1 1
node 4 2 0 2
node 30 1 0 0
gene 3 1 4 -4.08516 0 1 -4.08516 1
gene 2 2 4 8 0 2 8 0
gene 1 3 4 -3.31789 0 3 -3.31789 1
gene 2 2 30 2.47458 0 85 2.47458 1
gene 2 30 4 8 0 86 8 1
genomeend 119

/* Organism #120 Fitness: 8.98647 Error: 1.00226 */
genomestart 120
trait 1 0.1 0 0 0 0 0 0 0 
trait 2 0.2 0 0 0.0216171 0 0 0.0166522 0 
trait 3 0.135937 0 0 0 0 0.432713 0 0 
node 1 3 1 3
node 2 2 1 1
node 3 3 1 1
node 4 2 0 2
node 30 1 0 0
gene 3 1 4 -4.8855 0 1 -4.8855 1
gene 2 2 4 1.32981 0 2 1.32981 0
gene 1 3 4 -6.65584 0 3 -6.65584 1
gene 2 2 30 3.63596 0 85 3.63596 1
gene 2 30 4 7.2955 0 86 7.2955 1
genomeend 120

/* Organism #121 Fitness: 7.37709 Error: 1.28392 */
genomestart 121
trait 1 0.1 0 0 0 0 0 0 0 
trait 2 0.2 0 0 0.0216171 0 0 0.0166522 0 
trait 3 0.135937 0 0 0 0 0.432713 0 0 
node 1 3 1 3
node 2 2 1 1
node 3 3 1 1
node 4 2 0 2
node 30 1 0 0
gene 3 1 4 -4.18814 0 1 -4.18814 1
gene 2 2 4 8 0 2 8 0
gene 1 3 4 -3.87063 0 3 -3.87063 1
gene 2 2 30 0.205968 0 85 0.205968 1
gene 2 30 4 8 0 86 8 1
genomeend 121

/* Organism #122 Fitness: 3.99998 Error: 2.00001 */
genomestart 122
trait 1 0.1 0 0 0 0 0 0 0 
trait 2 0.2 0 0 0.0216171 0 0 0.0166522 0 
trait 3 0 0 0 0 0 0 0 0.445356 
node 1 3 1 3
node 2 2 1 1
node 3 3 1 1
node 4 2 0 2
node 30 1 0 0
gene 3 1 4 -6.45088 0 1 -6.45088 1
gene 2 2 4 6.96777 0 2 6.96777 0
gene 1 3 4 -2.95805 0 3 -2.95805 1
gene 2 2 30 -0.542421 0 85 -0.542421 1
gene 2 30 4 8 0 86 8 1
genomeend 122

/* Organism #123 Fitness: 8.99936 Error: 1.00011 */
genomestart 123
trait 1 0.1 0 0 0 0 0 0 0 
trait 2 0.2 0 0 0.0216171 0 0 0.0166522 0 
trait 3 0.885172 0 0 0 0 0 0 0.995356 
node 1 3 1 3
node 2 2 1 1
node 3 3 1 1
node 4 2 0 2
node 30 1 0 0
gene 3 1 4 -5.97567 0 1 -5.97567 1
gene 2 2 4 7.02019 0 2 7.02019 0
gene 1 3 4 -5.1565 0 3 -5.1565 1
gene 2 2 30 1.73309 0 85 1.73309 1
gene 2 30 4 8 0 86 8 1
genomeend 123

/* Organism #124 Fitness: 4.01717 Error: 1.99571 */
genomestart 124
trait 1 0.1 0 0 0 0 0 0 0 
trait 2 0.2 0 0 0.0216171 0 0 0.0166522 0 
trait 3 0.135937 0 0 0 0 0.432713 0 0 
node 1 3 1 3
node 2 2 1 1
node 3 3 1 1
node 4 2 0 2
node 30 1 0 0
gene 3 1 4 -6.91026 0 1 -6.91026 1
gene 2 2 4 0.571522 0 2 0.571522 0
gene 1 3 4 2.19955 0 3 2.19955 1
gene 2 2 30 -1.25544 0 85 -1.25544 1
gene 2 30 4 7.20879 0 86 7.20879 1
genomeend 124

/* Species #16 : (Size 11) (AF 7.22899) (Age 5)  */


/* Organism #125 Fitness: 9 Error: 1 */
genomestart 125
trait 1 0.1 0 0 0 0 0 0 0 
trait 2 0.2 0 0 0 0 0 0 0 
trait 3 0.3 0 0 0 0 0 0 0 
node 1 3 1 3
node 2 2 1 1
node 3 1 1 1
node 4 2 0 2
node 5 1 0 0
gene 2 1 4 -3.93792 0 1 -3.93792 1
gene 3 2 4 0.965682 0 2 0.965682 1
gene 1 3 4 -3.50448 0 3 -3.50448 1
gene 3 2 5 2.29132 0 4 2.29132 1
gene 3 5 4 6.31804 0 5 6.31804 1
gene 3 3 5 -6.31573 0 8 -6.31573 1
gene 3 1 5 -0.71858 0 19 -0.71858 1
genomeend 125

/* Organism #126 Fitness: 8.8271 Error: 1.02896 */
genomestart 126
trait 1 0.1 0 0 0 0 0 0 0 
trait 2 0.2 0 0 0 0 0 0 0 
trait 3 0.3 0 0 0 0 0 0 0 
node 1 3 1 3
node 2 2 1 1
node 3 1 1 1
node 4 2 0 2
node 5 1 0 0
gene 2 1 4 -5.63079 0 1 -5.63079 1
gene 3 2 4 2.63027 0 2 2.63027 1
gene 1 3 4 -4.44947 0 3 -4.44947 1
gene 3 2 5 2.42351 0 4 2.42351 1
gene 3 5 4 3.71412 0 5 3.71412 1
gene 3 3 5 -6.94081 0 8 -6.94081 1
gene 3 1 5 -0.492633 0 19 -0.492633 1
genomeend 126

/* Organism #127 Fitness: 4.03648 Error: 1.9909 */
genomestart 127
trait 1 0.1 0 0 0 0 0 0 0 
trait 2 0.2 0 0 0 0 0 0 0 
trait 3 0.3 0 0 0 0 0 0 0 
node 1 3 1 3
node 2 2 1 1
node 3 1 1 1
node 4 2 0 2
node 5 1 0 0
gene 2 1 4 -1.50161 0 1 -1.50161 1
gene 3 2 4 3.65293 0 2 3.65293 1
gene 1 3 4 0.562451 0 3 0.562451 1
gene 3 2 5 4.17294 0 4 4.17294 1
gene 3 5 4 2.81996 0 5 2.81996 1
gene 3 3 5 -5.26618 0 8 -5.26618 1
gene 3 1 5 -3.45145 0 19 -3.45145 1
genomeend 127

/* Organism #128 Fitness: 9 Error: 1 */
genomestart 128
trait 1 0.1 0 0 0 0 0 0 0 
trait 2 0.2 0 0 0 0 0 0 0 
trait 3 0.3 0 0 0 0 0 0 0 
node 1 3 1 3
node 2 2 1 1
node 3 1 1 1
node 4 2 0 2
node 5 1 0 0
gene 2 1 4 -3.93792 0 1 -3.93792 1
gene 3 2 4 0.965682 0 2 0.965682 1
gene 1 3 4 -3.50448 0 3 -3.50448 1
gene 3 2 5 2.29132 0 4 2.29132 1
gene 3 5 4 6.31804 0 5 6.31804 1
gene 3 3 5 -6.31573 0 8 -6.31573 1
gene 3 1 5 -0.71858 0 19 -0.71858 1
genomeend 128

/* Organism #129 Fitness: 5.15084 Error: 1.73045 */
genomestart 129
trait 1 0.1 0 0 0 0 0 0 0 
trait 2 0.2 0 0 0 0 0 0 0 
trait 3 0.3 0 0 0 0 0 0 0 
node 1 3 1 3
node 2 2 1 1
node 3 1 1 1
node 4 2 0 2
node 5 1 0 0
gene 2 1 4 -1.26052 0 1 -1.26052 1
gene 3 2 4 -2.16844 0 2 -2.16844 1
gene 1 3 4 -2.25295 0 3 -2.25295 1
gene 3 2 5 5.02159 0 4 5.02159 1
gene 3 5 4 3.22858 0 5 3.22858 1
gene 3 3 5 -2.68058 0 8 -2.68058 1
gene 3 1 5 -2.05057 0 19 -2.05057 1
genomeend 129

/* Organism #130 Fitness: 8.81172 Error: 1.03155 */
genomestart 130
trait 1 0.1 0 0 0 0 0 0 0 
trait 2 0.2 0 0 0 0 0 0 0 
trait 3 0.3 0 0 0 0 0 0 0 
node 1 3 1 3
node 2 2 1 1
node 3 1 1 1
node 4 2 0 2
node 5 1 0 0
gene 2 1 4 -2.06331 0 1 -2.06331 1
gene 3 2 4 -0.913467 0 2 -0.913467 1
gene 1 3 4 -4.51783 0 3 -4.51783 1
gene 3 2 5 4.90636 0 4 4.90636 1
gene 3 5 4 3.89895 0 5 3.89895 1
gene 3 3 5 -6.60685 0 8 -6.60685 1
gene 3 1 5 -0.144664 0 19 -0.144664 1
genomeend 130

/* Organism #131 Fitness: 4 Error: 2 */
genomestart 131
trait 1 0.1 0 0 0 0 0 0 0 
trait 2 0.2 0 0 0 0 0 0 0 
trait 3 0.3 0 0 0 0 0 0 0 
node 1 3 1 3
node 2 2 1 1
node 3 1 1 1
node 4 2 0 2
node 5 1 0 0
gene 2 1 4 -5.04247 0 1 -5.04247 1
gene 3 2 4 0.702766 0 2 0.702766 1
gene 1 3 4 -1.75436 0 3 -1.75436 1
gene 3 2 5 1.37048 0 4 1.37048 1
gene 3 5 4 5.19506 0 5 5.19506 1
gene 3 3 5 -7.72744 0 8 -7.72744 1
gene 3 1 5 -2.7286 0 19 -2.7286 1
genomeend 131

/* Organism #132 Fitness: 8.98453 Error: 1.00258 */
genomestart 132
trait 1 0.1 0 0 0 0 0 0 0 
trait 2 0.2 0 0 0 0 0 0 0 
trait 3 0.3 0 0 0 0 0 0 0 
node 1 3 1 3
node 2 2 1 1
node 3 1 1 1
node 4 2 0 2
node 5 1 0 0
gene 2 1 4 -1.63188 0 1 -1.63188 1
gene 3 2 4 2.81905 0 2 2.81905 1
gene 1 3 4 -2.42431 0 3 -2.42431 1
gene 3 2 5 3.60871 0 4 3.60871 1
gene 3 5 4 3.04631 0 5 3.04631 1
gene 3 3 5 -4.22985 0 8 -4.22985 1
gene 3 1 5 -2.69777 0 19 -2.69777 1
genomeend 132

/* Organism #133 Fitness: 7.96588 Error: 1.17761 */
genomestart 133
trait 1 0.1 0 0 0 0 0 0 0 
trait 2 0.2 0 0 0 0 0 0 0 
trait 3 0.3 0 0 0 0 0 0 0 
node 1 3 1 3
node 2 2 1 1
node 3 1 1 1
node 4 2 0 2
node 5 1 0 0
gene 2 1 4 -2.82614 0 1 -2.82614 1
gene 3 2 4 0.114121 0 2 0.114121 1
gene 1 3 4 -0.164724 0 3 -0.164724 1
gene 3 2 5 4.15111 0 4 4.15111 1
gene 3 5 4 3.02326 0 5 3.02326 1
gene 3 3 5 -3.99434 0 8 -3.99434 1
gene 3 1 5 -1.13415 0 19 -1.13415 1
genomeend 133

/* Organism #134 Fitness: 5.10132 Error: 1.74139 */
genomestart 134
trait 1 0.1 0 0 0 0 0 0 0 
trait 2 0.2 0 0 0 0 0 0 0 
trait 3 0.3 0 0 0 0 0 0 0 
node 1 3 1 3
node 2 2 1 1
node 3 1 1 1
node 4 2 0 2
node 5 1 0 0
gene 2 1 4 -2.06841 0 1 -2.06841 1
gene 3 2 4 3.81564 0 2 3.81564 1
gene 1 3 4 -1.53339 0 3 -1.53339 1
gene 3 2 5 3.60871 0 4 3.60871 1
gene 3 5 4 0.800336 0 5 0.800336 1
gene 3 3 5 -4.41607 0 8 -4.41607 1
gene 3 1 5 -2.26487 0 19 -2.26487 1
genomeend 134

/* Organism #135 Fitness: 8.641 Error: 1.06044 */
genomestart 135
trait 1 0.1 0 0 0 0 0 0 0 
trait 2 0.2 0 0 0 0 0 0 0 
trait 3 0.3 0 0 0 0 0 0 0 
node 1 3 1 3
node 2 2 1 1
node 3 1 1 1
node 4 2 0 2
node 5 1 0 0
gene 2 1 4 -5.41898 0 1 -5.41898 1
gene 3 2 4 2.48015 0 2 2.48015 1
gene 1 3 4 -2.17035 0 3 -2.17035 1
gene 3 2 5 4.60168 0 4 4.60168 1
gene 3 5 4 3.49601 0 5 3.49601 1
gene 3 3 5 -5.67652 0 8 -5.67652 1
gene 3 1 5 0.0786438 0 19 0.0786438 1
genomeend 135

/* Species #18 : (Size 9) (AF 5.27076) (Age 5)  */


/* Organism #136 Fitness: 8.91596 Error: 1.01404 */
genomestart 136
trait 1 0.1 0 0 0 0 0 0 0 
trait 2 0.2 0 0 0 0 0 0 0 
trait 3 0.3 0 0 0 0 0 0 0 
node 1 3 1 3
node 2 2 1 1
node 3 1 1 1
node 4 2 0 2
node 5 1 0 0
node 12 1 0 0
node 17 1 0 0
node 33 1 0 0
gene 2 1 4 1.48932 0 1 1.48932 1
gene 3 2 4 1.72057 0 2 1.72057 0
gene 1 3 4 -1.18978 0 3 -1.18978 0
gene 3 2 5 -0.664897 0 4 -0.664897 0
gene 3 5 4 -2.36777 0 5 -2.36777 1
gene 3 3 5 1.89799 0 8 1.89799 1
gene 1 3 12 -1.39217 0 24 -1.39217 1
gene 1 12 4 -3.75929 0 25 -3.75929 1
gene 3 2 17 3.25964 0 41 3.25964 1
gene 3 17 5 -0.185258 0 42 -0.185258 1
gene 1 2 12 -3.08038 0 47 -3.08038 1
gene 1 3 33 -1.27929 0 92 -1.27929 1
gene 1 33 4 0.198197 0 93 0.198197 1
genomeend 136

/* Organism #137 Fitness: 8.37642 Error: 1.1058 */
genomestart 137
trait 1 0.1 0 0 0 0 0 0 0 
trait 2 0.2 0 0 0 0 0 0 0 
trait 3 0.3 0 0 0 0 0 0 0 
node 1 3 1 3
node 2 2 1 1
node 3 1 1 1
node 4 2 0 2
node 5 1 0 0
node 12 1 0 0
node 17 1 0 0
node 33 1 0 0
gene 2 1 4 1.48932 0 1 1.48932 1
gene 3 2 4 1.72057 0 2 1.72057 0
gene 1 3 4 -0.972154 0 3 -0.972154 0
gene 3 2 5 -0.664897 0 4 -0.664897 1
gene 3 5 4 -1.46074 0 5 -1.46074 1
gene 3 3 5 0.276847 0 8 0.276847 1
gene 1 3 12 -1.39217 0 24 -1.39217 1
gene 1 12 4 -4.14402 0 25 -4.14402 1
gene 3 2 17 2.48433 0 41 2.48433 1
gene 3 17 5 -0.185258 0 42 -0.185258 1
gene 1 2 12 -2.67758 0 47 -2.67758 1
gene 1 3 33 -1.27929 0 92 -1.27929 1
gene 1 33 4 0.198197 0 93 0.198197 1
genomeend 137

/* Organism #138 Fitness: 1.40426 Error: 2.81499 */
genomestart 138
trait 1 0.1 0 0 0 0 0 0 0 
trait 2 0.2 0 0 0 0 0 0 0 
trait 3 0.3 0 0 0 0 0 0 0 
node 1 3 1 3
node 2 2 1 1
node 3 1 1 1
node 4 2 0 2
node 5 1 0 0
node 12 1 0 0
node 17 1 0 0
node 33 1 0 0
gene 2 1 4 -0.409921 0 1 -0.409921 1
gene 3 2 4 2.58904 0 2 2.58904 0
gene 1 3 4 0.827104 0 3 0.827104 1
gene 3 2 5 -0.664897 0 4 -0.664897 0
gene 3 5 4 -0.553704 0 5 -0.553704 1
gene 3 3 5 -0.0202994 0 8 -0.0202994 0
gene 1 3 12 -0.166455 0 24 -0.166455 1
gene 1 12 4 -3.15985 0 25 -3.15985 1
gene 3 2 17 3.3643 0 41 3.3643 1
gene 3 17 5 -0.479465 0 42 -0.479465 1
gene 1 2 12 -2.27479 0 47 -2.27479 1
gene 1 3 33 -1.9647 0 92 -1.9647 1
gene 1 33 4 -0.896863 0 93 -0.896863 1
genomeend 138

/* Organism #139 Fitness: 7.89651 Error: 1.18993 */
genomestart 139
trait 1 0.1 0 0 0 0 0 0 0 
trait 2 0.2 0 0 0 0 0 0 0 
trait 3 0.3 0 0 0 0 0 0 0 
node 1 3 1 3
node 2 2 1 1
node 3 1 1 1
node 4 2 0 2
node 5 1 0 0
node 12 1 0 0
node 17 1 0 0
node 33 1 0 0
gene 2 1 4 3.40139 0 1 3.40139 1
gene 3 2 4 2.41676 0 2 2.41676 0
gene 1 3 4 -0.94139 0 3 -0.94139 0
gene 3 2 5 -1.52388 0 4 -1.52388 0
gene 3 5 4 -1.49895 0 5 -1.49895 1
gene 3 3 5 1.89799 0 8 1.89799 1
gene 1 3 12 -3.09923 0 24 -3.09923 1
gene 1 12 4 -5.92429 0 25 -5.92429 1
gene 3 2 17 0.878992 0 41 0.878992 1
gene 3 17 5 -1.60556 0 42 -1.60556 1
gene 1 2 12 -4.76605 0 47 -4.76605 1
gene 1 3 33 -2.09924 0 92 -2.09924 1
gene 1 33 4 -1.4113 0 93 -1.4113 1
genomeend 139

/* Organism #140 Fitness: 4.26326 Error: 1.93523 */
genomestart 140
trait 1 0.1 0 0 0 0 0 0 0 
trait 2 0.2 0 0 0 0 0 0 0 
trait 3 0.3 0 0 0 0 0 0 0 
node 1 3 1 3
node 2 2 1 1
node 3 1 1 1
node 4 2 0 2
node 5 1 0 0
node 12 1 0 0
node 17 1 0 0
node 33 1 0 0
gene 2 1 4 1.34664 0 1 1.34664 1
gene 3 2 4 -0.0707677 0 2 -0.0707677 0
gene 1 3 4 1.22626 0 3 1.22626 1
gene 3 2 5 1.23092 0 4 1.23092 0
gene 3 5 4 1.77306 0 5 1.77306 1
gene 3 3 5 -3.74597 0 8 -3.74597 0
gene 1 3 12 -1.6224 0 24 -1.6224 1
gene 1 12 4 -2.44007 0 25 -2.44007 1
gene 3 2 17 0.820817 0 41 0.820817 1
gene 3 17 5 -0.786127 0 42 -0.786127 1
gene 1 2 12 -2.43174 0 47 -2.43174 1
gene 1 3 33 -3.33206 0 92 -3.33206 1
gene 1 33 4 0.38109 0 93 0.38109 1
genomeend 140

/* Organism #141 Fitness: 3.33282 Error: 2.1744 */
genomestart 141
trait 1 0.1 0 0 0 0 0 0 0 
trait 2 0.2 0 0 0 0 0 0 0 
trait 3 0.3 0 0 0 0 0 0 0 
node 1 3 1 3
node 2 2 1 1
node 3 1 1 1
node 4 2 0 2
node 5 1 0 0
node 12 1 0 0
node 17 1 0 0
node 33 1 0 0
gene 2 1 4 0.348973 0 1 0.348973 1
gene 3 2 4 0.920078 0 2 0.920078 0
gene 1 3 4 -1.68457 0 3 -1.68457 1
gene 3 2 5 -2.97392 0 4 -2.97392 0
gene 3 5 4 2.1898 0 5 2.1898 1
gene 3 3 5 -3.74202 0 8 -3.74202 0
gene 1 3 12 -0.685646 0 24 -0.685646 1
gene 1 12 4 1.59698 0 25 1.59698 1
gene 3 2 17 -0.669014 0 41 -0.669014 1
gene 3 17 5 -0.523154 0 42 -0.523154 1
gene 1 2 12 -2.35738 0 47 -2.35738 1
gene 1 3 33 -3.58407 0 92 -3.58407 1
gene 1 33 4 0.895838 0 93 0.895838 1
genomeend 141

/* Organism #142 Fitness: 4.01773 Error: 1.99557 */
genomestart 142
trait 1 0.1 0 0 0 0 0 0 0 
trait 2 0.2 0 0 0 0 0 0 0 
trait 3 0.3 0 0 0 0 0 0 0 
node 1 3 1 3
node 2 2 1 1
node 3 1 1 1
node 4 2 0 2
node 5 1 0 0
node 12 1 0 0
node 17 1 0 0
node 33 1 0 0
gene 2 1 4 1.8087 0 1 1.8087 1
gene 3 2 4 0.954776 0 2 0.954776 0
gene 1 3 4 0.928204 0 3 0.928204 0
gene 3 2 5 -0.167981 0 4 -0.167981 0
gene 3 5 4 1.62357 0 5 1.62357 1
gene 3 3 5 2.44802 0 8 2.44802 0
gene 1 3 12 -3.66005 0 24 -3.66005 1
gene 1 12 4 -2.69832 0 25 -2.69832 1
gene 3 2 17 3.18536 0 41 3.18536 1
gene 3 17 5 1.90077 0 42 1.90077 1
gene 1 2 12 -4.17962 0 47 -4.17962 1
gene 1 3 33 -1.27929 0 92 -1.27929 1
gene 1 33 4 -1.9374 0 93 -1.9374 1
genomeend 142

/* Organism #143 Fitness: 7.6073 Error: 1.24187 */
genomestart 143
trait 1 0.1 0 0 0 0 0 0 0 
trait 2 0.2 0 0 0 0 0 0 0 
trait 3 0.3 0 0 0 0 0 0 0 
node 1 3 1 3
node 2 2 1 1
node 3 1 1 1
node 4 2 0 2
node 5 1 0 0
node 12 1 0 0
node 17 1 0 0
node 33 1 0 0
gene 2 1 4 1.65432 0 1 1.65432 1
gene 3 2 4 2.61583 0 2 2.61583 0
gene 1 3 4 2.18841 0 3 2.18841 0
gene 3 2 5 0.465602 0 4 0.465602 0
gene 3 5 4 -3.85806 0 5 -3.85806 1
gene 3 3 5 -0.22176 0 8 -0.22176 1
gene 1 3 12 -0.368635 0 24 -0.368635 1
gene 1 12 4 -6.02564 0 25 -6.02564 1
gene 3 2 17 3.72259 0 41 3.72259 1
gene 3 17 5 -0.258079 0 42 -0.258079 1
gene 1 2 12 -3.08038 0 47 -3.08038 1
gene 1 3 33 -1.32095 0 92 -1.32095 1
gene 1 33 4 1.61541 0 93 1.61541 1
genomeend 143

/* Organism #144 Fitness: 1.62256 Error: 2.7262 */
genomestart 144
trait 1 0.1 0 0 0 0 0 0 0 
trait 2 0.2 0 0 0 0 0 0 0 
trait 3 0.3 0 0 0 0 0 0 0 
node 1 3 1 3
node 2 2 1 1
node 3 1 1 1
node 4 3 0 2
node 5 1 0 0
node 12 1 0 0
node 17 1 0 0
node 33 1 0 0
node 39 1 0 0
gene 2 1 4 0.182873 0 1 0.182873 1
gene 3 2 4 1.47463 0 2 1.47463 0
gene 1 3 4 0.727121 0 3 0.727121 0
gene 3 2 5 -1.29286 0 4 -1.29286 0
gene 3 5 4 0.739897 0 5 0.739897 1
gene 3 3 5 1.28125 0 8 1.28125 0
gene 1 3 12 -1.89077 0 24 -1.89077 1
gene 1 12 4 -1.49171 0 25 -1.49171 1
gene 3 2 17 -1.15624 0 41 -1.15624 1
gene 3 17 5 1.40701 0 42 1.40701 1
gene 1 2 12 0.922943 0 47 0.922943 1
gene 1 3 33 -2.00595 0 92 -2.00595 1
gene 1 33 4 0.506731 0 93 0.506731 1
gene 3 3 39 2.96802 0 107 2.96802 1
gene 3 39 5 1.29155 0 108 1.29155 1
genomeend 144

/* Species #19 : (Size 4) (AF 3.49909) (Age 3)  */


/* Organism #145 Fitness: 1.74136 Error: 2.68039 */
genomestart 145
trait 1 0.1 0 0 0 0 0 0 0 
trait 2 0.2 0 0 0 0 0 0 0 
trait 3 0.3 0 0 0 0 0 0 0 
node 1 3 1 3
node 2 2 1 1
node 3 1 1 1
node 4 2 0 2
node 5 1 0 0
node 12 1 0 0
node 17 1 0 0
node 33 1 0 0
node 39 1 0 0
gene 2 1 4 0.0223563 0 1 0.0223563 1
gene 3 2 4 -1.43105 0 2 -1.43105 0
gene 1 3 4 -2.07344 0 3 -2.07344 0
gene 3 2 5 -2.39604 0 4 -2.39604 0
gene 3 5 4 5.15319 0 5 5.15319 1
gene 3 3 5 0.94089 0 8 0.94089 0
gene 1 3 12 -2.0672 0 24 -2.0672 1
gene 1 12 4 1.82327 0 25 1.82327 1
gene 3 2 17 -1.35612 0 41 -1.35612 1
gene 3 17 5 0.867323 0 42 0.867323 1
gene 1 2 12 -0.612527 0 47 -0.612527 1
gene 1 3 33 3.83631 0 92 3.83631 1
gene 1 33 4 -0.601829 0 93 -0.601829 1
gene 3 3 39 0.805166 0 107 0.805166 1
gene 3 39 5 -3.21024 0 108 -3.21024 1
genomeend 145

/* Organism #146 Fitness: 3.3959 Error: 2.1572 */
genomestart 146
trait 1 0.1 0 0 0 0 0 0 0 
trait 2 0.2 0 0 0 0 0 0 0 
trait 3 0.3 0 0 0 0 0 0 0 
node 1 3 1 3
node 2 2 1 1
node 3 1 1 1
node 4 2 0 2
node 5 1 0 0
node 12 1 0 0
node 17 1 0 0
node 33 1 0 0
node 39 1 0 0
gene 2 1 4 1.14974 0 1 1.14974 1
gene 3 2 4 -2.82089 0 2 -2.82089 0
gene 1 3 4 -2.80153 0 3 -2.80153 0
gene 3 2 5 1.19463 0 4 1.19463 0
gene 3 5 4 4.88174 0 5 4.88174 1
gene 3 3 5 0.439447 0 8 0.439447 0
gene 1 3 12 2.14735 0 24 2.14735 1
gene 1 12 4 -3.58804 0 25 -3.58804 1
gene 3 2 17 -3.69738 0 41 -3.69738 1
gene 3 17 5 -2.84963 0 42 -2.84963 1
gene 1 2 12 2.65238 0 47 2.65238 1
gene 1 3 33 6.30062 0 92 6.30062 1
gene 1 33 4 -0.294684 0 93 -0.294684 1
gene 3 3 39 -1.05455 0 107 -1.05455 1
gene 3 39 5 -2.44243 0 108 -2.44243 1
genomeend 146

/* Organism #147 Fitness: 4.85902 Error: 1.79568 */
genomestart 147
trait 1 0.1 0 0 0 0 0 0 0 
trait 2 0.2 0 0 0 0 0 0 0 
trait 3 0.3 0 0 0 0 0 0 0 
node 1 3 1 3
node 2 2 1 1
node 3 1 1 1
node 4 2 0 2
node 5 1 0 0
node 12 1 0 0
node 17 1 0 0
node 33 1 0 0
node 39 1 0 0
gene 2 1 4 -1.59445 0 1 -1.59445 1
gene 3 2 4 -0.720771 0 2 -0.720771 0
gene 1 3 4 -1.71628 0 3 -1.71628 0
gene 3 2 5 2.24283 0 4 2.24283 0
gene 3 5 4 5.16324 0 5 5.16324 1
gene 3 3 5 -1.06327 0 8 -1.06327 0
gene 1 3 12 -0.644574 0 24 -0.644574 1
gene 1 12 4 -3.49308 0 25 -3.49308 1
gene 3 2 17 -1.13289 0 41 -1.13289 1
gene 3 17 5 -0.821831 0 42 -0.821831 1
gene 1 2 12 1.38704 0 47 1.38704 1
gene 1 3 33 4.72831 0 92 4.72831 1
gene 1 33 4 -0.601829 0 93 -0.601829 1
gene 3 3 39 1.17586 0 107 1.17586 1
gene 3 39 5 1.29155 0 108 1.29155 1
genomeend 147

/* Organism #148 Fitness: 4.00007 Error: 1.99998 */
genomestart 148
trait 1 0.1 0 0 0 0 0 0 0 
trait 2 0.2 0 0 0 0 0 0 0 
trait 3 0.3 0 0 0 0 0 0 0 
node 1 3 1 3
node 2 2 1 1
node 3 1 1 1
node 4 2 0 2
node 5 1 0 0
node 12 1 0 0
node 17 1 0 0
node 33 1 0 0
node 39 1 0 0
gene 2 1 4 0.401658 0 1 0.401658 1
gene 3 2 4 -0.224022 0 2 -0.224022 0
gene 1 3 4 -0.829267 0 3 -0.829267 0
gene 3 2 5 2.24283 0 4 2.24283 0
gene 3 5 4 6.63982 0 5 6.63982 1
gene 3 3 5 -2.97996 0 8 -2.97996 0
gene 1 3 12 -2.49084 0 24 -2.49084 1
gene 1 12 4 -5.76989 0 25 -5.76989 1
gene 3 2 17 0.0194669 0 41 0.0194669 1
gene 3 17 5 -1.64753 0 42 -1.64753 1
gene 1 2 12 -0.238791 0 47 -0.238791 1
gene 1 3 33 4.83268 0 92 4.83268 1
gene 1 33 4 -2.6122 0 93 -2.6122 1
gene 3 3 39 -0.671678 0 107 -0.671678 1
gene 3 39 5 -0.911537 0 108 -0.911537 1
genomeend 148

/* Species #20 : (Size 1) (AF 8.99997) (Age 1)  */


/* Organism #149 Fitness: 8.99997 Error: 1.00001 */
genomestart 149
trait 1 0.1 0 0 0 0 0 0 0 
trait 2 0.11854 0 0 0 0 0 0 0 
trait 3 0.3 0 0 0.0112762 0 0.015418 0.0191286 0.0194004 
node 1 3 1 3
node 2 2 1 1
node 3 1 1 1
node 4 2 0 2
node 5 1 0 0
node 24 1 0 0
node 27 1 0 0
node 43 1 0 0
gene 2 1 4 -2.74573 0 1 -2.74573 1
gene 3 2 4 3.42424 0 2 3.42424 1
gene 1 3 4 -0.592917 0 3 -0.592917 0
gene 3 2 5 5.31699 0 4 5.31699 1
gene 3 5 4 5.87101 0 5 5.87101 1
gene 2 3 5 2.77367 0 8 2.77367 1
gene 3 1 5 -1.20379 0 19 -1.20379 1
gene 3 5 24 -0.243831 0 65 -0.243831 0
gene 3 24 4 2.82072 0 66 2.82072 1
gene 1 3 27 -0.671096 0 74 -0.671096 1
gene 1 27 4 -1.49061 0 75 -1.49061 1
gene 3 5 43 1 0 121 0 1
gene 3 43 24 -0.243831 0 122 0 1
genomeend 149
