
/* Species #1 : (Size 9) (AF 6.71616) (Age 36)  */


/* Organism #0 Fitness: 9 Error: 1 */
genomestart 0
trait 1 0.1 0 0 0 0 0.181798 0 0 
trait 2 0.1875 0 0.022922 0 0 0 0 0.00312423 
trait 3 0.24375 0 0.00350484 0 0 0 0.142463 0 
node 1 3 1 3
node 2 3 1 1
node 3 3 1 1
node 4 2 0 2
gene 2 1 4 -4.08842 0 1 -4.08842 1
gene 1 2 4 8 0 2 8 1
gene 1 3 4 -8 0 3 -8 1
genomeend 0

/* Organism #1 Fitness: 4 Error: 2 */
genomestart 1
trait 1 0.1 0 0 0 0 0.181798 0 0 
trait 2 0.1875 0 0.022922 0 0 0 0 0.00312423 
trait 3 0.24375 0 0.00350484 0 0 0 0.142463 0 
node 1 3 1 3
node 2 3 1 1
node 3 3 1 1
node 4 2 0 2
gene 2 1 4 -4.80638 0 1 -4.80638 1
gene 1 2 4 0.473695 0 2 0.473695 1
gene 1 3 4 -7.04551 0 3 -7.04551 1
genomeend 1

/* Organism #2 Fitness: 3.787 Error: 2.05398 */
genomestart 2
trait 1 0.0992188 0 0 0 0.00747754 0.180378 0 0.00760362 
trait 2 0.1875 0 0.022922 0 0 0 0 0.00312423 
trait 3 0.24375 0 0.00350484 0 0 0 0.142463 0 
node 1 3 1 3
node 2 3 1 1
node 3 3 1 1
node 4 2 0 2
gene 2 1 4 -0.580361 0 1 -0.580361 1
gene 1 2 4 8 0 2 8 1
gene 1 3 4 -5.77053 0 3 -5.77053 1
genomeend 2

/* Organism #3 Fitness: 4.00001 Error: 2 */
genomestart 3
trait 1 0.0984375 0 0 0 0.0149551 0.178958 0 0.0152072 
trait 2 0.1875 0 0.022922 0 0 0 0 0.00312423 
trait 3 0.24375 0 0.00350484 0 0 0 0.142463 0 
node 1 3 1 3
node 2 3 1 1
node 3 3 1 1
node 4 2 0 2
gene 2 1 4 -4.50138 0 1 -4.50138 1
gene 1 2 4 1.87322 0 2 1.87322 1
gene 1 3 4 -8 0 3 -8 1
genomeend 3

/* Organism #4 Fitness: 9 Error: 1 */
genomestart 4
trait 1 0.0984375 0 0 0 0.0149551 0.178958 0 0.0152072 
trait 2 0.1875 0 0.022922 0 0 0 0 0.00312423 
trait 3 0.24375 0 0.00350484 0 0 0 0.142463 0 
node 1 3 1 3
node 2 3 1 1
node 3 3 1 1
node 4 2 0 2
gene 2 1 4 -4.46452 0 1 -4.46452 1
gene 1 2 4 8 0 2 8 1
gene 1 3 4 -8 0 3 -8 1
genomeend 4

/* Organism #5 Fitness: 9 Error: 1 */
genomestart 5
trait 1 0 0.139016 0 0 0.0149551 0.755678 0 0.684246 
trait 2 0.1875 0 0.022922 0 0 0 0 0.00312423 
trait 3 0.24375 0 0.00350484 0 0 0 0.142463 0 
node 1 3 1 3
node 2 3 1 1
node 3 3 1 1
node 4 2 0 2
gene 2 1 4 -4.08842 0 1 -4.08842 1
gene 1 2 4 8 0 2 8 1
gene 1 3 4 -8 0 3 -8 1
genomeend 5

/* Organism #6 Fitness: 8.72669 Error: 1.0459 */
genomestart 6
trait 1 0.0992188 0 0 0 0.00747754 0.180378 0 0.00760362 
trait 2 0.1875 0 0.022922 0 0 0 0 0.00312423 
trait 3 0.24375 0 0.00350484 0 0 0 0.142463 0 
node 1 3 1 3
node 2 3 1 1
node 3 3 1 1
node 4 2 0 2
gene 2 1 4 -5.02694 0 1 -5.02694 1
gene 1 2 4 5.82829 0 2 5.82829 1
gene 1 3 4 -1.52976 0 3 -1.52976 1
genomeend 6

/* Organism #7 Fitness: 3.99984 Error: 2.00004 */
genomestart 7
trait 1 0.0992188 0 0 0 0.00747754 0.180378 0 0.00760362 
trait 2 0.231504 0 0.022922 0 0 0 0 0 
trait 3 0.24375 0 0.00350484 0 0 0 0.142463 0 
node 1 3 1 3
node 2 3 1 1
node 3 3 1 1
node 4 2 0 2
gene 2 1 4 -2.05229 0 1 -2.05229 1
gene 1 2 4 8 0 2 8 1
gene 1 3 4 -0.962191 0 3 -0.962191 1
genomeend 7

/* Organism #8 Fitness: 8.93189 Error: 1.01137 */
genomestart 8
trait 1 0.1 0 0 0 0 0.181798 0 0 
trait 2 0.1875 0 0.022922 0 0 0 0 0.00312423 
trait 3 0.24375 0 0.00350484 0 0 0 0.142463 0 
node 1 3 1 3
node 2 3 1 1
node 3 3 1 1
node 4 2 0 2
gene 2 1 4 -5.80617 0 1 -5.80617 1
gene 1 2 4 6.7129 0 2 6.7129 1
gene 1 3 4 -8 0 3 -8 1
genomeend 8

/* Species #2 : (Size 10) (AF 7.93508) (Age 34)  */


/* Organism #9 Fitness: 8.99999 Error: 1 */
genomestart 9
trait 1 0.1 0 0 0 0 0 0 0 
trait 2 0.2 0 0 0.0276087 0.204776 0 0 0 
trait 3 0.3 0 0 0 0 0 0 0 
node 1 1 1 3
node 2 2 1 1
node 3 1 1 1
node 4 1 0 2
node 8 1 0 0
gene 2 1 4 0.489653 0 1 0.489653 1
gene 2 2 4 4.37012 0 2 4.37012 1
gene 1 3 4 -8 0 3 -8 1
gene 2 2 8 -1.73415 0 10 -1.73415 1
gene 2 8 4 -6.653 0 11 -6.653 1
genomeend 9

/* Organism #10 Fitness: 8.99981 Error: 1.00003 */
genomestart 10
trait 1 0.1 0 0 0 0 0 0 0 
trait 2 0.2 0 0 0.0276087 0.204776 0 0 0 
trait 3 0.3 0 0 0 0 0 0 0 
node 1 1 1 3
node 2 2 1 1
node 3 1 1 1
node 4 1 0 2
node 8 1 0 0
gene 2 1 4 -0.569431 0 1 -0.569431 1
gene 2 2 4 3.93913 0 2 3.93913 1
gene 1 3 4 -6.24561 0 3 -6.24561 1
gene 2 2 8 -0.292976 0 10 -0.292976 1
gene 2 8 4 -6.63448 0 11 -6.63448 1
genomeend 10

/* Organism #11 Fitness: 8.99702 Error: 1.0005 */
genomestart 11
trait 1 0.1 0 0 0 0 0 0 0 
trait 2 0.2 0 0 0.0276087 0.204776 0 0 0 
trait 3 0.3 0 0 0 0 0 0 0 
node 1 1 1 3
node 2 2 1 1
node 3 1 1 1
node 4 3 0 2
node 8 1 0 0
gene 2 1 4 0.983666 0 1 0.983666 1
gene 2 2 4 5.47149 0 2 5.47149 1
gene 1 3 4 -8 0 3 -8 1
gene 2 2 8 -4.17463 0 10 -4.17463 1
gene 2 8 4 -8 0 11 -8 1
genomeend 11

/* Organism #12 Fitness: 8.33811 Error: 1.11242 */
genomestart 12
trait 1 0.1 0 0 0 0 0 0 0 
trait 2 0.2 0 0 0.0276087 0.204776 0 0 0 
trait 3 0.3 0 0 0 0 0 0 0 
node 1 1 1 3
node 2 2 1 1
node 3 1 1 1
node 4 1 0 2
node 8 1 0 0
gene 2 1 4 1.31863 0 1 1.31863 1
gene 2 2 4 4.37012 0 2 4.37012 1
gene 1 3 4 -6.08096 0 3 -6.08096 1
gene 2 2 8 -0.92441 0 10 -0.92441 1
gene 2 8 4 -4.52909 0 11 -4.52909 1
genomeend 12

/* Organism #13 Fitness: 8.99999 Error: 1 */
genomestart 13
trait 1 0.1 0 0 0 0 0 0 0 
trait 2 0.2 0 0 0.0276087 0.204776 0 0 0 
trait 3 0.3 0 0 0 0 0 0 0 
node 1 1 1 3
node 2 2 1 1
node 3 2 1 1
node 4 1 0 2
node 8 1 0 0
gene 2 1 4 0.190073 0 1 0.190073 1
gene 2 2 4 4.6015 0 2 4.6015 1
gene 1 3 4 -7.62568 0 3 -7.62568 1
gene 2 2 8 -1.70818 0 10 -1.70818 1
gene 2 8 4 -6.77439 0 11 -6.77439 1
genomeend 13

/* Organism #14 Fitness: 8.9935 Error: 1.00108 */
genomestart 14
trait 1 0.1 0 0 0 0 0 0 0 
trait 2 0.2 0 0 0.0276087 0.204776 0 0 0 
trait 3 0.3 0 0 0 0 0 0 0 
node 1 1 1 3
node 2 2 1 1
node 3 1 1 1
node 4 1 0 2
node 8 1 0 0
gene 2 1 4 1.25655 0 1 1.25655 1
gene 2 2 4 3.36509 0 2 3.36509 1
gene 1 3 4 -7.21919 0 3 -7.21919 1
gene 2 2 8 -1.16721 0 10 -1.16721 1
gene 2 8 4 -5.28694 0 11 -5.28694 1
genomeend 14

/* Organism #15 Fitness: 4.00004 Error: 1.99999 */
genomestart 15
trait 1 0.1 0 0 0 0 0 0 0 
trait 2 0.2 0 0 0.0276087 0.204776 0 0 0 
trait 3 0.3 0 0 0 0 0 0 0 
node 1 1 1 3
node 2 2 1 1
node 3 1 1 1
node 4 1 0 2
node 8 1 0 0
gene 2 1 4 1.59715 0 1 1.59715 1
gene 2 2 4 1.25458 0 2 1.25458 1
gene 1 3 4 -6.95758 0 3 -6.95758 1
gene 2 2 8 -1.04648 0 10 -1.04648 1
gene 2 8 4 1.47074 0 11 1.47074 1
genomeend 15

/* Organism #16 Fitness: 8.99737 Error: 1.00044 */
genomestart 16
trait 1 0.1 0 0 0 0 0 0 0 
trait 2 0.2 0 0 0.0276087 0.204776 0 0 0 
trait 3 0.3 0 0 0 0 0 0 0 
node 1 1 1 3
node 2 2 1 1
node 3 1 1 1
node 4 1 0 2
node 8 1 0 0
gene 2 1 4 -1.54959 0 1 -1.54959 1
gene 2 2 4 3.11999 0 2 3.11999 1
gene 1 3 4 -7.45902 0 3 -7.45902 1
gene 2 2 8 -3.60504 0 10 -3.60504 1
gene 2 8 4 -4.9013 0 11 -4.9013 1
genomeend 16

/* Organism #17 Fitness: 4.02497 Error: 1.99377 */
genomestart 17
trait 1 0.1 0 0 0 0 0 0 0 
trait 2 0.2 0 0 0.0276087 0.204776 0 0 0 
trait 3 0.3 0 0 0 0 0 0 0 
node 1 1 1 3
node 2 2 1 1
node 3 1 1 1
node 4 1 0 2
node 8 1 0 0
gene 2 1 4 -0.441995 0 1 -0.441995 1
gene 2 2 4 -0.573398 0 2 -0.573398 1
gene 1 3 4 -8 0 3 -8 1
gene 2 2 8 -1.24923 0 10 -1.24923 1
gene 2 8 4 -6.82295 0 11 -6.82295 1
genomeend 17

/* Organism #18 Fitness: 8.99997 Error: 1 */
genomestart 18
trait 1 0.1 0 0 0 0 0 0 0 
trait 2 0.2 0 0 0.0276087 0.204776 0 0 0 
trait 3 0.3 0 0 0 0 0 0 0 
node 1 1 1 3
node 2 2 1 1
node 3 1 1 1
node 4 1 0 2
node 8 1 0 0
gene 2 1 4 0.805873 0 1 0.805873 1
gene 2 2 4 2.4755 0 2 2.4755 1
gene 1 3 4 -8 0 3 -8 1
gene 2 2 8 -3.14528 0 10 -3.14528 1
gene 2 8 4 -6.65129 0 11 -6.65129 1
genomeend 18

/* Species #3 : (Size 8) (AF 7.46367) (Age 33)  */


/* Organism #19 Fitness: 9 Error: 1 */
genomestart 19
trait 1 0.1 0 0 0.0201375 0 0.0352928 0 0.0463031 
trait 2 0.2 0 0 0 0 0 0 0 
trait 3 0.3 0 0 0 0 0 0 0 
node 1 3 1 3
node 2 3 1 1
node 3 1 1 1
node 4 2 0 2
node 9 1 0 0
gene 2 1 4 4.63416 0 1 4.63416 1
gene 1 2 4 4.6454 0 2 4.6454 0
gene 1 3 4 -8 0 3 -8 1
gene 1 2 9 -8 0 12 -8 1
gene 1 9 4 8 0 13 8 1
gene 1 1 9 3.32486 0 220 3.32486 1
genomeend 19

/* Organism #20 Fitness: 9 Error: 1 */
genomestart 20
trait 1 0.1 0 0 0.0201375 0 0.0352928 0 0.0463031 
trait 2 0.2 0 0 0 0 0 0 0 
trait 3 0.3 0 0 0 0 0 0 0 
node 1 3 1 3
node 2 3 1 1
node 3 1 1 1
node 4 2 0 2
node 9 1 0 0
gene 2 1 4 4.13141 0 1 4.13141 1
gene 1 2 4 6.65862 0 2 6.65862 0
gene 1 3 4 -8 0 3 -8 1
gene 1 2 9 -7.31186 0 12 -7.31186 1
gene 1 9 4 8 0 13 8 1
gene 1 1 9 1.84673 0 220 1.84673 1
genomeend 20

/* Organism #21 Fitness: 3.98612 Error: 2.00347 */
genomestart 21
trait 1 0.1 0 0 0.0201375 0 0.0352928 0 0.0463031 
trait 2 0.2 0 0 0 0 0 0 0 
trait 3 0.3 0 0 0 0 0 0 0 
node 1 3 1 3
node 2 3 1 1
node 3 1 1 1
node 4 2 0 2
node 9 2 0 0
gene 2 1 4 3.20356 0 1 3.20356 1
gene 1 2 4 6.75509 0 2 6.75509 1
gene 1 3 4 -7.62294 0 3 -7.62294 1
gene 1 2 9 -8 0 12 -8 1
gene 1 9 4 5.56804 0 13 5.56804 1
gene 1 1 9 4.07331 0 220 4.07331 1
genomeend 21

/* Organism #22 Fitness: 8.98834 Error: 1.00194 */
genomestart 22
trait 1 0.1 0 0 0.0201375 0 0.0352928 0 0.0463031 
trait 2 0.2 0 0 0 0 0 0 0 
trait 3 0.3 0 0 0 0 0 0 0 
node 1 3 1 3
node 2 3 1 1
node 3 1 1 1
node 4 2 0 2
node 9 1 0 0
gene 2 1 4 4.75734 0 1 4.75734 1
gene 1 2 4 6.40216 0 2 6.40216 0
gene 1 3 4 -8 0 3 -8 1
gene 1 2 9 -8 0 12 -8 1
gene 1 9 4 8 0 13 8 1
gene 1 1 9 0.0520749 0 220 0.0520749 1
genomeend 22

/* Organism #23 Fitness: 8.97252 Error: 1.00458 */
genomestart 23
trait 1 0.1 0 0 0.0201375 0 0.0352928 0 0.0463031 
trait 2 0.2 0 0 0 0 0 0 0 
trait 3 0.3 0 0 0 0 0 0 0 
node 1 3 1 3
node 2 3 1 1
node 3 1 1 1
node 4 2 0 2
node 9 1 0 0
gene 2 1 4 5.91715 0 1 5.91715 1
gene 1 2 4 7.07516 0 2 7.07516 0
gene 1 3 4 -7.00988 0 3 -7.00988 1
gene 1 2 9 -6.54069 0 12 -6.54069 1
gene 1 9 4 4.90428 0 13 4.90428 1
gene 1 1 9 2.15801 0 220 2.15801 1
genomeend 23

/* Organism #24 Fitness: 4 Error: 2 */
genomestart 24
trait 1 0.1 0 0 0.0201375 0 0.0352928 0 0.0463031 
trait 2 0.2 0 0 0 0 0 0 0 
trait 3 0.3 0 0 0 0 0 0 0 
node 1 3 1 3
node 2 3 1 1
node 3 1 1 1
node 4 2 0 2
node 9 1 0 0
gene 2 1 4 3.64495 0 1 3.64495 1
gene 1 2 4 6.5518 0 2 6.5518 0
gene 1 3 4 -8 0 3 -8 1
gene 1 2 9 -5.18023 0 12 -5.18023 1
gene 1 9 4 7.35658 0 13 7.35658 1
gene 1 1 9 -1.89518 0 220 -1.89518 1
genomeend 24

/* Organism #25 Fitness: 9 Error: 1 */
genomestart 25
trait 1 0.1 0 0 0.0201375 0 0.0352928 0 0.0463031 
trait 2 0.2 0 0 0 0 0 0 0 
trait 3 0.3 0 0 0 0 0 0 0 
node 1 3 1 3
node 2 3 1 1
node 3 1 1 1
node 4 2 0 2
node 9 1 0 0
gene 2 1 4 4.63416 0 1 4.63416 1
gene 1 2 4 4.6454 0 2 4.6454 0
gene 1 3 4 -8 0 3 -8 1
gene 1 2 9 -5.18023 0 12 -5.18023 1
gene 1 9 4 7.35658 0 13 7.35658 1
gene 1 1 9 3.32486 0 220 3.32486 1
genomeend 25

/* Organism #26 Fitness: 6.76234 Error: 1.39955 */
genomestart 26
trait 1 0.1 0 0 0.0201375 0 0.0352928 0 0.0463031 
trait 2 0.2 0 0 0 0 0 0 0 
trait 3 0.3 0 0 0 0 0 0 0 
node 1 2 1 3
node 2 3 1 1
node 3 1 1 1
node 4 2 0 2
node 9 1 0 0
gene 2 1 4 6.78457 0 1 6.78457 1
gene 1 2 4 6.93474 0 2 6.93474 0
gene 1 3 4 -6.86729 0 3 -6.86729 1
gene 1 2 9 -7.08235 0 12 -7.08235 1
gene 1 9 4 8 0 13 8 1
gene 1 1 9 0.927143 0 220 0.927143 1
genomeend 26

/* Species #4 : (Size 10) (AF 7.11659) (Age 32)  */


/* Organism #27 Fitness: 9 Error: 1 */
genomestart 27
trait 1 0.1 0.0161338 0 0 0 0 0 0 
trait 2 0.2 0 0 0 0 0 0 0 
trait 3 0.2872 0 0 0 0 0 0.071963 0 
node 1 3 1 3
node 2 1 1 1
node 3 3 1 1
node 4 3 0 2
node 11 1 0 0
gene 2 1 4 6.87247 0 1 6.87247 1
gene 3 2 4 -2.92568 0 2 -2.92568 1
gene 2 3 4 -8 0 3 -8 1
gene 3 2 11 -4.46168 0 18 -4.46168 1
gene 3 11 4 8 0 19 8 1
gene 1 1 11 2.60714 0 106 2.60714 1
gene 2 3 11 -0.661553 0 310 -0.661553 1
genomeend 27

/* Organism #28 Fitness: 4 Error: 2 */
genomestart 28
trait 1 0.1 0.0161338 0 0 0 0 0 0 
trait 2 0.2 0 0 0 0 0 0 0 
trait 3 0.2872 0 0 0 0 0 0.071963 0 
node 1 3 1 3
node 2 1 1 1
node 3 3 1 1
node 4 1 0 2
node 11 1 0 0
gene 2 1 4 0.642042 0 1 0.642042 1
gene 3 2 4 0.813676 0 2 0.813676 1
gene 2 3 4 -5.74525 0 3 -5.74525 1
gene 3 2 11 -1.82544 0 18 -1.82544 1
gene 3 11 4 8 0 19 8 1
gene 1 1 11 4.50934 0 106 4.50934 1
gene 2 3 11 -0.563827 0 310 -0.563827 1
genomeend 28

/* Organism #29 Fitness: 8.99912 Error: 1.00015 */
genomestart 29
trait 1 0.1 0.0161338 0 0 0 0 0 0 
trait 2 0.2 0 0 0 0 0 0 0 
trait 3 0.2872 0 0 0 0 0 0.071963 0 
node 1 3 1 3
node 2 1 1 1
node 3 3 1 1
node 4 3 0 2
node 11 1 0 0
gene 2 1 4 7.05116 0 1 7.05116 1
gene 3 2 4 -1.87673 0 2 -1.87673 1
gene 2 3 4 -6.96671 0 3 -6.96671 1
gene 3 2 11 -6.37605 0 18 -6.37605 1
gene 3 11 4 6.53674 0 19 6.53674 1
gene 1 1 11 1.97653 0 106 1.97653 1
gene 2 3 11 -1.07599 0 310 -1.07599 1
genomeend 29

/* Organism #30 Fitness: 8.99995 Error: 1.00001 */
genomestart 30
trait 1 0.1 0.0161338 0 0 0 0 0 0 
trait 2 0.2 0 0 0 0 0 0 0 
trait 3 0.2872 0 0 0 0 0 0.071963 0 
node 1 3 1 3
node 2 1 1 1
node 3 3 1 1
node 4 3 0 2
node 11 1 0 0
gene 2 1 4 5.96934 0 1 5.96934 1
gene 3 2 4 -1.84371 0 2 -1.84371 1
gene 2 3 4 -6.50359 0 3 -6.50359 1
gene 3 2 11 -2.88045 0 18 -2.88045 1
gene 3 11 4 6.80534 0 19 6.80534 1
gene 1 1 11 1.71497 0 106 1.71497 1
gene 2 3 11 -0.992621 0 310 -0.992621 1
genomeend 30

/* Organism #31 Fitness: 8.95423 Error: 1.00764 */
genomestart 31
trait 1 0.1 0.0161338 0 0 0 0 0 0 
trait 2 0.2 0 0 0 0 0 0 0 
trait 3 0.2872 0 0 0 0 0 0.071963 0 
node 1 3 1 3
node 2 1 1 1
node 3 3 1 1
node 4 3 0 2
node 11 1 0 0
gene 2 1 4 2.35035 0 1 2.35035 1
gene 3 2 4 -1.36036 0 2 -1.36036 1
gene 2 3 4 -6.10361 0 3 -6.10361 1
gene 3 2 11 -2.58484 0 18 -2.58484 1
gene 3 11 4 5.98146 0 19 5.98146 1
gene 1 1 11 1.13459 0 106 1.13459 1
gene 2 3 11 -0.661553 0 310 -0.661553 1
genomeend 31

/* Organism #32 Fitness: 1.00033 Error: 2.99984 */
genomestart 32
trait 1 0.1 0.0161338 0 0 0 0 0 0 
trait 2 0.2 0 0 0 0 0 0 0 
trait 3 0.2872 0 0 0 0 0 0.071963 0 
node 1 3 1 3
node 2 1 1 1
node 3 3 1 1
node 4 3 0 2
node 11 1 0 0
gene 2 1 4 -1.87069 0 1 -1.87069 1
gene 3 2 4 -2.63458 0 2 -2.63458 1
gene 2 3 4 -7.89992 0 3 -7.89992 1
gene 3 2 11 -5.73488 0 18 -5.73488 1
gene 3 11 4 8 0 19 8 1
gene 1 1 11 2.43457 0 106 2.43457 1
gene 2 3 11 0.575223 0 310 0.575223 1
genomeend 32

/* Organism #33 Fitness: 9 Error: 1 */
genomestart 33
trait 1 0.1 0.0161338 0 0 0 0 0 0 
trait 2 0.2 0 0 0 0 0 0 0 
trait 3 0.2872 0 0 0 0 0 0.071963 0 
node 1 3 1 3
node 2 1 1 1
node 3 3 1 1
node 4 3 0 2
node 11 1 0 0
gene 2 1 4 4.54379 0 1 4.54379 1
gene 3 2 4 -1.15433 0 2 -1.15433 1
gene 2 3 4 -7.75865 0 3 -7.75865 1
gene 3 2 11 -3.60873 0 18 -3.60873 1
gene 3 11 4 7.54852 0 19 7.54852 1
gene 1 1 11 4.91029 0 106 4.91029 1
gene 2 3 11 -2.17888 0 310 -2.17888 1
genomeend 33

/* Organism #34 Fitness: 9 Error: 1 */
genomestart 34
trait 1 0.1 0.0161338 0 0 0 0 0 0 
trait 2 0.2 0 0 0 0 0 0 0 
trait 3 0.2872 0 0 0 0 0 0.071963 0 
node 1 3 1 3
node 2 1 1 1
node 3 3 1 1
node 4 3 0 2
node 11 1 0 0
gene 2 1 4 7.40943 0 1 7.40943 1
gene 3 2 4 -3.32607 0 2 -3.32607 1
gene 2 3 4 -7.43995 0 3 -7.43995 1
gene 3 2 11 -3.19573 0 18 -3.19573 1
gene 3 11 4 6.6227 0 19 6.6227 1
gene 1 1 11 2.64135 0 106 2.64135 1
gene 2 3 11 -0.546709 0 310 -0.546709 1
genomeend 34

/* Organism #35 Fitness: 3.9633 Error: 2.0092 */
genomestart 35
trait 1 0.1 0.0161338 0 0 0 0 0 0 
trait 2 0.2 0 0 0 0 0 0 0 
trait 3 0.2872 0 0 0 0 0 0.071963 0 
node 1 3 1 3
node 2 1 1 1
node 3 3 1 1
node 4 3 0 2
node 11 1 0 0
gene 2 1 4 6.87247 0 1 6.87247 1
gene 3 2 4 -3.56788 0 2 -3.56788 1
gene 2 3 4 -8 0 3 -8 1
gene 3 2 11 -0.550364 0 18 -0.550364 1
gene 3 11 4 -2.35609 0 19 -2.35609 1
gene 1 1 11 2.00116 0 106 2.00116 1
gene 2 3 11 -1.4185 0 310 -1.4185 1
genomeend 35

/* Organism #36 Fitness: 8.24902 Error: 1.12789 */
genomestart 36
trait 1 0.1 0.0161338 0 0 0 0 0 0 
trait 2 0.2 0 0 0 0 0 0 0 
trait 3 0.0188126 0 0 0 0 0 0.071963 0 
node 1 3 1 3
node 2 1 1 1
node 3 3 1 1
node 4 3 0 2
node 11 1 0 0
gene 2 1 4 6.49323 0 1 6.49323 1
gene 3 2 4 -0.592039 0 2 -0.592039 1
gene 2 3 4 -6.29106 0 3 -6.29106 1
gene 3 2 11 -3.66916 0 18 -3.66916 1
gene 3 11 4 5.93254 0 19 5.93254 1
gene 1 1 11 0.188735 0 106 0.188735 1
gene 2 3 11 0.894373 0 310 0.894373 1
genomeend 36

/* Species #5 : (Size 10) (AF 7.4983) (Age 31)  */


/* Organism #37 Fitness: 9 Error: 1 */
genomestart 37
trait 1 0.1 0 0 0 0 0 0 0 
trait 2 0.1 0 0.430762 0.427371 0.437207 0 0.248181 0.258082 
trait 3 0.3 0 0 0.291449 0 0.33009 0 0 
node 1 2 1 3
node 2 3 1 1
node 3 2 1 1
node 4 1 0 2
node 14 2 0 0
gene 2 1 4 -0.963956 0 1 -0.963956 1
gene 1 2 4 4.9057 0 2 4.9057 1
gene 1 3 4 -7.98056 0 3 -7.98056 1
gene 1 2 14 -7.76892 0 27 -7.76892 1
gene 1 14 4 -7.22687 0 28 -7.22687 1
gene 1 1 14 0.420267 0 231 0.420267 1
genomeend 37

/* Organism #38 Fitness: 8.99999 Error: 1 */
genomestart 38
trait 1 0.1 0 0 0 0 0 0 0 
trait 2 0.1 0 0.430762 0.427371 0.437207 0 0.248181 0.258082 
trait 3 0.311499 0 0.0239344 0.295711 0 0.362439 0.0485439 0 
node 1 2 1 3
node 2 3 1 1
node 3 2 1 1
node 4 1 0 2
node 14 2 0 0
gene 2 1 4 -2.36606 0 1 -2.36606 1
gene 1 2 4 5.0709 0 2 5.0709 1
gene 1 3 4 -8 0 3 -8 1
gene 1 2 14 -6.08856 0 27 -6.08856 1
gene 1 14 4 -7.97714 0 28 -7.97714 1
gene 1 1 14 0.00587289 0 231 0.00587289 1
genomeend 38

/* Organism #39 Fitness: 8.98698 Error: 1.00217 */
genomestart 39
trait 1 0.1 0 0 0 0 0 0 0 
trait 2 0.1 0 0.430762 0.427371 0.437207 0 0.248181 0.258082 
trait 3 0.3 0 0 0.291449 0 0.33009 0 0 
node 1 2 1 3
node 2 3 1 1
node 3 2 1 1
node 4 1 0 2
node 14 2 0 0
gene 2 1 4 -1.23451 0 1 -1.23451 1
gene 1 2 4 3.81305 0 2 3.81305 1
gene 1 3 4 -8 0 3 -8 1
gene 1 2 14 -8 0 27 -8 1
gene 1 14 4 -6.47797 0 28 -6.47797 1
gene 2 1 14 -1.29859 0 231 -1.29859 1
genomeend 39

/* Organism #40 Fitness: 3.99697 Error: 2.00076 */
genomestart 40
trait 1 0.1 0 0 0 0 0 0 0 
trait 2 0.1 0 0.430762 0.427371 0.437207 0 0.248181 0.258082 
trait 3 0.311499 0 0.0239344 0.295711 0 0.362439 0.0485439 0 
node 1 2 1 3
node 2 3 1 1
node 3 2 1 1
node 4 1 0 2
node 14 2 0 0
gene 2 1 4 -1.44388 0 1 -1.44388 1
gene 1 2 4 -2.02268 0 2 -2.02268 1
gene 1 3 4 -8 0 3 -8 1
gene 3 2 14 -8 0 27 -8 1
gene 1 14 4 -8 0 28 -8 1
gene 1 1 14 -1.27034 0 231 -1.27034 1
genomeend 40

/* Organism #41 Fitness: 9 Error: 1 */
genomestart 41
trait 1 0.1 0 0 0 0 0 0 0 
trait 2 0.1 0 0.430762 0.427371 0.437207 0 0.248181 0.258082 
trait 3 0.3 0 0 0.291449 0 0.33009 0 0 
node 1 2 1 3
node 2 3 1 1
node 3 2 1 1
node 4 1 0 2
node 14 2 0 0
gene 2 1 4 -0.963956 0 1 -0.963956 1
gene 1 2 4 4.9057 0 2 4.9057 1
gene 1 3 4 -7.98056 0 3 -7.98056 1
gene 1 2 14 -7.76892 0 27 -7.76892 1
gene 1 14 4 -7.22687 0 28 -7.22687 1
gene 1 1 14 0.420267 0 231 0.420267 1
genomeend 41

/* Organism #42 Fitness: 9 Error: 1 */
genomestart 42
trait 1 0.1 0 0 0 0 0 0 0 
trait 2 0.1 0 0.430762 0.427371 0.437207 0 0.248181 0.258082 
trait 3 0.3 0 0 0.291449 0 0.33009 0 0 
node 1 2 1 3
node 2 3 1 1
node 3 2 1 1
node 4 1 0 2
node 14 2 0 0
gene 2 1 4 -3.06169 0 1 -3.06169 1
gene 1 2 4 6.21919 0 2 6.21919 1
gene 1 3 4 -8 0 3 -8 1
gene 1 2 14 -6.57269 0 27 -6.57269 1
gene 1 14 4 -6.95518 0 28 -6.95518 1
gene 1 1 14 1.21017 0 231 1.21017 1
genomeend 42

/* Organism #43 Fitness: 4 Error: 2 */
genomestart 43
trait 1 0.1 0 0 0 0 0 0 0 
trait 2 0.1 0 0.430762 0.427371 0.437207 0 0.248181 0.258082 
trait 3 0.322998 0 0.0478688 0.299974 0 0.394788 0.0970878 0 
node 1 2 1 3
node 2 1 1 1
node 3 2 1 1
node 4 1 0 2
node 14 2 0 0
gene 2 1 4 0.633492 0 1 0.633492 1
gene 1 2 4 3.61486 0 2 3.61486 1
gene 1 3 4 -6.00192 0 3 -6.00192 1
gene 1 2 14 -0.14213 0 27 -0.14213 1
gene 1 14 4 -8 0 28 -8 1
gene 1 1 14 2.29966 0 231 2.29966 1
genomeend 43

/* Organism #44 Fitness: 8.99936 Error: 1.00011 */
genomestart 44
trait 1 0.1 0 0 0 0 0 0 0 
trait 2 0.1 0 0.430762 0.427371 0.437207 0 0.248181 0.258082 
trait 3 0.322998 0 0.0478688 0.299974 0 0.394788 0.0970878 0 
node 1 2 1 3
node 2 3 1 1
node 3 2 1 1
node 4 1 0 2
node 14 2 0 0
gene 2 1 4 -2.61541 0 1 -2.61541 1
gene 1 2 4 4.47133 0 2 4.47133 1
gene 1 3 4 -7.37576 0 3 -7.37576 1
gene 1 2 14 -6.17044 0 27 -6.17044 1
gene 1 14 4 -2.39636 0 28 -2.39636 1
gene 1 1 14 2.23554 0 231 2.23554 1
genomeend 44

/* Organism #45 Fitness: 8.99965 Error: 1.00006 */
genomestart 45
trait 1 0.1 0 0 0 0 0 0 0 
trait 2 0.1 0 0.430762 0.427371 0.437207 0 0.248181 0.258082 
trait 3 0.3 0 0 0.291449 0 0.33009 0 0 
node 1 2 1 3
node 2 3 1 1
node 3 2 1 1
node 4 1 0 2
node 14 2 0 0
node 104 1 0 0
gene 2 1 4 1.41035 0 1 1.41035 1
gene 1 2 4 2.87585 0 2 2.87585 0
gene 1 3 4 -8 0 3 -8 1
gene 1 2 14 -5.29043 0 27 -5.29043 1
gene 1 14 4 -6.72741 0 28 -6.72741 1
gene 1 1 14 2.5015 0 231 2.5015 1
gene 1 2 104 0.585419 0 345 0.585419 1
gene 1 104 4 4.86651 0 346 4.86651 1
genomeend 45

/* Organism #46 Fitness: 4 Error: 2 */
genomestart 46
trait 1 0.1 0 0 0 0 0 0 0 
trait 2 0.1 0 0.430762 0.427371 0.437207 0 0.248181 0.258082 
trait 3 0.3 0 0 0.291449 0 0.33009 0 0 
node 1 2 1 3
node 2 3 1 1
node 3 2 1 1
node 4 1 0 2
node 14 2 0 0
gene 2 1 4 -3.09423 0 1 -3.09423 1
gene 1 2 4 4.60431 0 2 4.60431 1
gene 1 3 4 -8 0 3 -8 1
gene 1 2 14 1.68345 0 27 1.68345 1
gene 1 14 4 -7.02164 0 28 -7.02164 1
gene 1 1 14 1.91907 0 231 1.91907 1
genomeend 46

/* Species #6 : (Size 8) (AF 6.30178) (Age 31)  */


/* Organism #47 Fitness: 8.99998 Error: 1 */
genomestart 47
trait 1 0.156581 0.166018 0 0.109577 0.200957 0.000873526 0 0.00114604 
trait 2 0.2 0 0 0 0 0 0 0 
trait 3 0.3 0 0 0 0 0 0 0 
node 1 1 1 3
node 2 2 1 1
node 3 3 1 1
node 4 1 0 2
node 8 1 0 0
node 15 1 0 0
gene 2 1 4 2.55858 0 1 2.55858 1
gene 2 2 4 -1.46105 0 2 -1.46105 0
gene 1 3 4 -0.368684 0 3 -0.368684 0
gene 2 2 8 5.69734 0 10 5.69734 1
gene 2 8 4 -5.44425 0 11 -5.44425 1
gene 1 3 8 -3.15687 0 23 -3.15687 1
gene 1 3 15 2.26231 0 29 2.26231 1
gene 1 15 4 0.0678787 0 30 0.0678787 1
gene 2 1 8 1.68012 0 75 1.68012 1
gene 3 2 15 0.496592 0 185 0.496592 1
genomeend 47

/* Organism #48 Fitness: 5.56439 Error: 1.6411 */
genomestart 48
trait 1 0.156581 0.166018 0 0.109577 0.200957 0.000873526 0 0.00114604 
trait 2 0.2 0 0 0 0 0 0 0 
trait 3 0.3 0 0 0 0 0 0 0 
node 1 1 1 3
node 2 2 1 1
node 3 3 1 1
node 4 1 0 2
node 8 1 0 0
node 15 1 0 0
gene 2 1 4 0.599506 0 1 0.599506 1
gene 2 2 4 -1.33621 0 2 -1.33621 0
gene 1 3 4 0.0795174 0 3 0.0795174 0
gene 2 2 8 3.74384 0 10 3.74384 1
gene 2 8 4 -3.75687 0 11 -3.75687 1
gene 1 3 8 -3.87188 0 23 -3.87188 1
gene 1 3 15 2.47794 0 29 2.47794 1
gene 1 15 4 -0.694692 0 30 -0.694692 1
gene 2 1 8 2.835 0 75 2.835 1
gene 3 2 15 1.27972 0 185 1.27972 1
genomeend 48

/* Organism #49 Fitness: 8.95873 Error: 1.00689 */
genomestart 49
trait 1 0.156581 0.166018 0 0.109577 0.200957 0.000873526 0 0.00114604 
trait 2 0.2 0 0 0 0 0 0 0 
trait 3 0.3 0 0 0 0 0 0 0 
node 1 1 1 3
node 2 2 1 1
node 3 3 1 1
node 4 1 0 2
node 8 1 0 0
node 15 1 0 0
gene 2 1 4 0.600801 0 1 0.600801 1
gene 2 2 4 -1.70691 0 2 -1.70691 0
gene 1 3 4 -0.413005 0 3 -0.413005 0
gene 2 2 8 3.4991 0 10 3.4991 1
gene 2 8 4 -6.36254 0 11 -6.36254 1
gene 1 3 8 -4.42113 0 23 -4.42113 1
gene 1 3 15 2.78308 0 29 2.78308 1
gene 1 15 4 0.408753 0 30 0.408753 1
gene 2 1 8 1.07007 0 75 1.07007 1
gene 3 2 15 -0.902072 0 185 -0.902072 1
genomeend 49

/* Organism #50 Fitness: 4.00695 Error: 1.99826 */
genomestart 50
trait 1 0.156581 0.166018 0 0.109577 0.200957 0.000873526 0 0.00114604 
trait 2 0.2 0 0 0 0 0 0 0 
trait 3 0.3 0 0 0 0 0 0 0 
node 1 1 1 3
node 2 2 1 1
node 3 1 1 1
node 4 1 0 2
node 8 1 0 0
node 15 1 0 0
gene 2 1 4 1.13407 0 1 1.13407 1
gene 2 2 4 -2.32135 0 2 -2.32135 0
gene 1 3 4 2.32467 0 3 2.32467 0
gene 2 2 8 7.16482 0 10 7.16482 1
gene 2 8 4 -5.74196 0 11 -5.74196 1
gene 1 3 8 -3.6115 0 23 -3.6115 1
gene 1 3 15 2.06326 0 29 2.06326 1
gene 1 15 4 -2.42404 0 30 -2.42404 1
gene 2 1 8 1.68738 0 75 1.68738 1
gene 3 2 15 1.00226 0 185 1.00226 1
genomeend 50

/* Organism #51 Fitness: 8.99972 Error: 1.00005 */
genomestart 51
trait 1 0.156581 0.166018 0 0.109577 0.200957 0.000873526 0 0.00114604 
trait 2 0.2 0 0 0 0 0 0 0 
trait 3 0.3 0 0 0 0 0 0 0 
node 1 1 1 3
node 2 2 1 1
node 3 3 1 1
node 4 1 0 2
node 8 1 0 0
node 15 1 0 0
gene 2 1 4 2.65577 0 1 2.65577 1
gene 2 2 4 -0.180749 0 2 -0.180749 0
gene 1 3 4 -1.92502 0 3 -1.92502 0
gene 2 2 8 5.56924 0 10 5.56924 1
gene 2 8 4 -7.84409 0 11 -7.84409 1
gene 1 3 8 -1.85946 0 23 -1.85946 1
gene 1 3 15 4.31243 0 29 4.31243 1
gene 1 15 4 -0.623775 0 30 -0.623775 1
gene 2 1 8 0.120514 0 75 0.120514 1
gene 3 2 15 0.496592 0 185 0.496592 1
genomeend 51

/* Organism #52 Fitness: 8.88431 Error: 1.01934 */
genomestart 52
trait 1 0.156581 0.166018 0 0.109577 0.200957 0.000873526 0 0.00114604 
trait 2 0.2 0 0 0 0 0 0 0 
trait 3 0.3 0 0 0 0 0 0 0 
node 1 1 1 3
node 2 2 1 1
node 3 3 1 1
node 4 1 0 2
node 8 1 0 0
node 15 1 0 0
node 106 1 0 0
gene 2 1 4 2.55858 0 1 2.55858 1
gene 2 2 4 -1.46105 0 2 -1.46105 0
gene 1 3 4 -0.368684 0 3 -0.368684 0
gene 2 2 8 5.69734 0 10 5.69734 1
gene 2 8 4 -5.44425 0 11 -5.44425 1
gene 1 3 8 -3.15687 0 23 -3.15687 0
gene 1 3 15 2.26231 0 29 2.26231 1
gene 1 15 4 0.0678787 0 30 0.0678787 1
gene 2 1 8 1.68012 0 75 1.68012 1
gene 3 2 15 0.496592 0 185 0.496592 1
gene 1 3 106 1 0 350 0 1
gene 1 106 8 -3.15687 0 351 0 1
genomeend 52

/* Organism #53 Fitness: 1.00014 Error: 2.99993 */
genomestart 53
trait 1 0.156581 0.166018 0 0.109577 0.200957 0.000873526 0 0.00114604 
trait 2 0.2 0 0 0 0 0 0 0 
trait 3 0.3 0 0 0 0 0 0 0 
node 1 1 1 3
node 2 2 1 1
node 3 1 1 1
node 4 1 0 2
node 8 1 0 0
node 15 1 0 0
gene 2 1 4 2.70202 0 1 2.70202 1
gene 2 2 4 0.138348 0 2 0.138348 1
gene 1 3 4 0.501132 0 3 0.501132 0
gene 2 2 8 7.93108 0 10 7.93108 1
gene 2 8 4 -5.83073 0 11 -5.83073 1
gene 1 3 8 0.885098 0 23 0.885098 1
gene 1 3 15 1.3218 0 29 1.3218 1
gene 1 15 4 -1.08113 0 30 -1.08113 1
gene 2 1 8 -0.75888 0 75 -0.75888 1
gene 3 2 15 -0.902072 0 185 -0.902072 1
genomeend 53

/* Organism #54 Fitness: 4 Error: 2 */
genomestart 54
trait 1 0.156581 0.166018 0 0.109577 0.200957 0.000873526 0 0.00114604 
trait 2 0.2 0 0 0 0 0 0 0 
trait 3 0.3 0 0 0 0 0 0 0 
node 1 1 1 3
node 2 2 1 1
node 3 1 1 1
node 4 1 0 2
node 8 1 0 0
node 15 1 0 0
gene 2 1 4 0.0590606 0 1 0.0590606 1
gene 1 2 4 -0.42461 0 2 -0.42461 0
gene 1 3 4 -0.0885118 0 3 -0.0885118 0
gene 2 2 8 4.90544 0 10 4.90544 1
gene 2 8 4 -6.17783 0 11 -6.17783 1
gene 1 3 8 -0.086523 0 23 -0.086523 1
gene 1 3 15 0.104521 0 29 0.104521 1
gene 1 15 4 -2.93916 0 30 -2.93916 1
gene 2 1 8 1.49361 0 75 1.49361 1
gene 3 2 15 -2.24859 0 185 -2.24859 1
genomeend 54

/* Species #9 : (Size 9) (AF 6.77287) (Age 20)  */


/* Organism #55 Fitness: 9 Error: 1 */
genomestart 55
trait 1 0.1 0 0 0 0 0 0 0 
trait 2 0.1 0.011379 0.430762 0.320528 0.577905 0 0.248181 0.193561 
trait 3 0.3 0 0 0.291449 0 0.33009 0 0 
node 1 2 1 3
node 2 2 1 1
node 3 2 1 1
node 4 1 0 2
node 14 1 0 0
node 52 1 0 0
gene 2 1 4 -0.529108 0 1 -0.529108 1
gene 1 2 4 -0.207898 0 2 -0.207898 1
gene 3 3 4 2.79539 0 3 2.79539 1
gene 1 2 14 -8 0 27 -8 1
gene 1 14 4 -8 0 28 -8 1
gene 3 3 14 -1.98958 0 113 -1.98958 1
gene 1 2 52 2.47802 0 143 2.47802 1
gene 1 52 4 4.21911 0 144 4.21911 1
gene 2 1 14 0.413407 0 329 0.413407 1
genomeend 55

/* Organism #56 Fitness: 4 Error: 2 */
genomestart 56
trait 1 0.1 0 0 0 0 0 0 0 
trait 2 0.1 0.0170685 0.430762 0.267107 0.648254 0 0.248181 0.161301 
trait 3 0.3 0 0 0.291449 0 0.33009 0 0 
node 1 2 1 3
node 2 2 1 1
node 3 2 1 1
node 4 1 0 2
node 14 3 0 0
node 52 1 0 0
gene 2 1 4 1.22665 0 1 1.22665 1
gene 1 2 4 -2.05212 0 2 -2.05212 0
gene 3 3 4 3.52243 0 3 3.52243 1
gene 1 2 14 0.757842 0 27 0.757842 1
gene 1 14 4 -8 0 28 -8 1
gene 3 3 14 -0.460874 0 113 -0.460874 1
gene 1 2 52 3.67695 0 143 3.67695 1
gene 1 52 4 5.92556 0 144 5.92556 1
gene 2 1 14 -1.01362 0 329 -1.01362 1
genomeend 56

/* Organism #57 Fitness: 4.54072 Error: 1.8691 */
genomestart 57
trait 1 0.1 0 0 0 0 0 0 0 
trait 2 0.1 0.011379 0.430762 0.320528 0.577905 0 0.248181 0.193561 
trait 3 0.3 0 0 0.291449 0 0.33009 0 0 
node 1 2 1 3
node 2 2 1 1
node 3 2 1 1
node 4 1 0 2
node 14 1 0 0
node 52 1 0 0
gene 2 1 4 -2.23006 0 1 -2.23006 1
gene 1 2 4 0.0514802 0 2 0.0514802 0
gene 1 3 4 -1.57732 0 3 -1.57732 1
gene 1 2 14 -4.15312 0 27 -4.15312 1
gene 1 14 4 -6.28515 0 28 -6.28515 1
gene 3 3 14 -4.9575 0 113 -4.9575 1
gene 1 2 52 3.04484 0 143 3.04484 1
gene 1 52 4 4.19162 0 144 4.19162 1
gene 2 1 14 -0.228092 0 329 -0.228092 1
genomeend 57

/* Organism #58 Fitness: 6.13941 Error: 1.52222 */
genomestart 58
trait 1 0.1 0 0 0 0 0 0 0 
trait 2 0.1 0.011379 0.430762 0.320528 0.577905 0 0.248181 0.193561 
trait 3 0.3 0 0 0.291449 0 0.33009 0 0 
node 1 2 1 3
node 2 2 1 1
node 3 2 1 1
node 4 1 0 2
node 14 1 0 0
node 52 1 0 0
gene 2 1 4 -3.37994 0 1 -3.37994 1
gene 1 2 4 0.278921 0 2 0.278921 0
gene 1 3 4 0.780837 0 3 0.780837 1
gene 1 2 14 -4.77515 0 27 -4.77515 1
gene 1 14 4 -1.37237 0 28 -1.37237 1
gene 3 3 14 -1.37069 0 113 -1.37069 1
gene 1 2 52 2.20391 0 143 2.20391 1
gene 1 52 4 5.16798 0 144 5.16798 1
gene 2 1 14 0.0963596 0 329 0.0963596 1
genomeend 58

/* Organism #59 Fitness: 8.73314 Error: 1.04481 */
genomestart 59
trait 1 0.1 0 0 0 0 0 0 0 
trait 2 0.1 0.011379 0.430762 0.320528 0.577905 0 0.248181 0.193561 
trait 3 0.3 0 0 0.291449 0 0.33009 0 0 
node 1 2 1 3
node 2 2 1 1
node 3 2 1 1
node 4 1 0 2
node 14 1 0 0
node 52 1 0 0
gene 2 1 4 -3.84177 0 1 -3.84177 1
gene 1 2 4 1.50129 0 2 1.50129 0
gene 1 3 4 3.30679 0 3 3.30679 1
gene 1 2 14 -5.52719 0 27 -5.52719 1
gene 1 14 4 -7.93576 0 28 -7.93576 1
gene 3 3 14 -3.10589 0 113 -3.10589 1
gene 1 2 52 5.63088 0 143 5.63088 1
gene 1 52 4 6.44345 0 144 6.44345 1
gene 2 1 14 -1.77299 0 329 -1.77299 1
genomeend 59

/* Organism #60 Fitness: 3.9995 Error: 2.00013 */
genomestart 60
trait 1 0.1 0 0 0 0 0 0 0 
trait 2 0.1 0.011379 0.430762 0.320528 0.577905 0 0.248181 0.193561 
trait 3 0.3 0 0 0.291449 0 0.33009 0 0 
node 1 2 1 3
node 2 2 1 1
node 3 2 1 1
node 4 1 0 2
node 14 1 0 0
node 52 1 0 0
gene 2 1 4 -2.69171 0 1 -2.69171 1
gene 1 2 4 3.47485 0 2 3.47485 0
gene 1 3 4 0.93666 0 3 0.93666 1
gene 1 2 14 -4.18095 0 27 -4.18095 1
gene 1 14 4 -8 0 28 -8 1
gene 3 3 14 -3.91007 0 113 -3.91007 1
gene 1 2 52 3.21033 0 143 3.21033 1
gene 1 52 4 0.162614 0 144 0.162614 1
gene 2 1 14 0.442939 0 329 0.442939 1
genomeend 60

/* Organism #61 Fitness: 8.97694 Error: 1.00385 */
genomestart 61
trait 1 0.1 0 0 0 0 0 0 0 
trait 2 0.1 0.022758 0.430762 0.213685 0.718603 0 0.248181 0.129041 
trait 3 0.3 0 0 0.291449 0 0.33009 0 0 
node 1 2 1 3
node 2 2 1 1
node 3 2 1 1
node 4 1 0 2
node 14 1 0 0
node 52 1 0 0
gene 2 1 4 0.785748 0 1 0.785748 1
gene 1 2 4 -3.07162 0 2 -3.07162 0
gene 3 3 4 0.56315 0 3 0.56315 1
gene 1 2 14 -4.18611 0 27 -4.18611 1
gene 1 14 4 -7.97332 0 28 -7.97332 1
gene 3 3 14 -2.36672 0 113 -2.36672 1
gene 1 2 52 -0.280269 0 143 -0.280269 1
gene 1 52 4 1.66512 0 144 1.66512 1
gene 2 1 14 1.70839 0 329 1.70839 1
genomeend 61

/* Organism #62 Fitness: 6.5661 Error: 1.43756 */
genomestart 62
trait 1 0.1 0 0 0 0 0 0 0 
trait 2 0.1 0.0170685 0.430762 0.267107 0.648254 0 0.248181 0.161301 
trait 3 0.3 0 0 0.291449 0 0.33009 0 0 
node 1 2 1 3
node 2 2 1 1
node 3 2 1 1
node 4 1 0 2
node 14 1 0 0
node 52 1 0 0
gene 2 1 4 -1.17831 0 1 -1.17831 1
gene 1 2 4 -3.50375 0 2 -3.50375 0
gene 3 3 4 -0.546722 0 3 -0.546722 1
gene 1 2 14 -8 0 27 -8 1
gene 1 14 4 -8 0 28 -8 1
gene 3 3 14 -3.54554 0 113 -3.54554 1
gene 1 2 52 3.54299 0 143 3.54299 1
gene 1 52 4 3.5677 0 144 3.5677 1
gene 2 1 14 2.14092 0 329 2.14092 1
genomeend 62

/* Organism #63 Fitness: 9 Error: 1 */
genomestart 63
trait 1 0.1 0 0 0 0 0 0 0 
trait 2 0.1 0.022758 0.430762 0.213685 0.718603 0 0.248181 0.129041 
trait 3 0.3 0 0 0.291449 0 0.33009 0 0 
node 1 2 1 3
node 2 2 1 1
node 3 2 1 1
node 4 1 0 2
node 14 1 0 0
node 52 1 0 0
gene 2 1 4 -1.11483 0 1 -1.11483 1
gene 1 2 4 -3.69266 0 2 -3.69266 0
gene 3 3 4 4.51106 0 3 4.51106 1
gene 1 2 14 -7.24514 0 27 -7.24514 1
gene 1 14 4 -8 0 28 -8 1
gene 3 3 14 -5.53854 0 113 -5.53854 1
gene 1 2 52 1.14696 0 143 1.14696 1
gene 1 52 4 5.43351 0 144 5.43351 1
gene 2 1 14 1.1297 0 329 1.1297 1
genomeend 63

/* Species #10 : (Size 9) (AF 6.90422) (Age 17)  */


/* Organism #64 Fitness: 9 Error: 1 */
genomestart 64
trait 1 0.1 0 0 0 0 0 0 0 
trait 2 0.2 0 0 0.576057 0 0 0 0 
trait 3 0.424313 0 0.0145631 0 0 0 0.071963 0 
node 1 3 1 3
node 2 1 1 1
node 3 3 1 1
node 4 3 0 2
node 11 1 0 0
node 31 1 0 0
node 61 1 0 0
gene 2 1 4 -4.31857 0 1 -4.31857 1
gene 3 2 4 5.45081 0 2 5.45081 1
gene 2 3 4 -7.52219 0 3 -7.52219 1
gene 3 2 11 4.08666 0 18 4.08666 1
gene 3 11 4 3.34798 0 19 3.34798 1
gene 3 11 31 -0.245216 0 79 -0.245216 1
gene 3 31 4 -2.70365 0 80 -2.70365 1
gene 2 3 11 0.661532 0 90 0.661532 1
gene 2 3 61 -0.137772 0 174 -0.137772 1
gene 2 61 4 -0.663394 0 175 -0.663394 1
gene 1 31 61 -3.30397 0 189 -3.30397 1
genomeend 64

/* Organism #65 Fitness: 9 Error: 1 */
genomestart 65
trait 1 0.1 0 0 0 0 0 0 0 
trait 2 0.2 0 0 0.576057 0 0 0 0 
trait 3 0.424313 0 0.0145631 0 0 0 0.071963 0 
node 1 3 1 3
node 2 1 1 1
node 3 3 1 1
node 4 3 0 2
node 11 1 0 0
node 31 1 0 0
node 61 1 0 0
gene 2 1 4 -4.70887 0 1 -4.70887 1
gene 3 2 4 5.69224 0 2 5.69224 1
gene 2 3 4 -8 0 3 -8 1
gene 3 2 11 2.94778 0 18 2.94778 1
gene 3 11 4 3.55064 0 19 3.55064 1
gene 3 11 31 -0.336029 0 79 -0.336029 1
gene 3 31 4 -1.08773 0 80 -1.08773 1
gene 2 3 11 2.19119 0 90 2.19119 1
gene 2 3 61 -0.445376 0 174 -0.445376 1
gene 2 61 4 -0.11436 0 175 -0.11436 1
gene 1 31 61 -3.73716 0 189 -3.73716 1
genomeend 65

/* Organism #66 Fitness: 4.43899 Error: 1.89311 */
genomestart 66
trait 1 0.1 0 0 0 0 0 0 0 
trait 2 0.2 0 0 0.576057 0 0 0 0 
trait 3 0.424313 0 0.0145631 0 0 0 0.071963 0 
node 1 3 1 3
node 2 1 1 1
node 3 3 1 1
node 4 3 0 2
node 11 1 0 0
node 31 1 0 0
node 61 1 0 0
gene 2 1 4 -2.22299 0 1 -2.22299 1
gene 3 2 4 1.41114 0 2 1.41114 1
gene 2 3 4 -8 0 3 -8 1
gene 3 2 11 6.43042 0 18 6.43042 1
gene 3 11 4 1.02791 0 19 1.02791 1
gene 3 11 31 -0.965361 0 79 -0.965361 1
gene 3 31 4 -5.00681 0 80 -5.00681 1
gene 2 3 11 0.876421 0 90 0.876421 1
gene 2 3 61 0.191385 0 174 0.191385 1
gene 2 61 4 -1.30239 0 175 -1.30239 1
gene 1 31 61 -3.42395 0 189 -3.42395 1
genomeend 66

/* Organism #67 Fitness: 6.39946 Error: 1.47028 */
genomestart 67
trait 1 0.1 0 0 0 0 0 0 0 
trait 2 0.2 0 0 0.576057 0 0 0 0 
trait 3 0.424313 0 0.0145631 0 0 0 0.071963 0 
node 1 3 1 3
node 2 1 1 1
node 3 3 1 1
node 4 3 0 2
node 11 1 0 0
node 31 1 0 0
node 61 1 0 0
gene 2 1 4 -3.10781 0 1 -3.10781 1
gene 3 2 4 6.38675 0 2 6.38675 1
gene 2 3 4 -7.32705 0 3 -7.32705 1
gene 2 2 11 6.15734 0 18 6.15734 1
gene 3 11 4 4.03311 0 19 4.03311 1
gene 3 11 31 -2.20559 0 79 -2.20559 1
gene 3 31 4 -3.08829 0 80 -3.08829 1
gene 2 3 11 -0.0847866 0 90 -0.0847866 1
gene 2 3 61 -0.851997 0 174 -0.851997 1
gene 2 61 4 -0.663394 0 175 -0.663394 1
gene 1 31 61 -3.30397 0 189 -3.30397 1
genomeend 67

/* Organism #68 Fitness: 8.72318 Error: 1.0465 */
genomestart 68
trait 1 0.1 0 0 0 0 0 0 0 
trait 2 0.2 0 0 0.576057 0 0 0 0 
trait 3 0.424313 0 0.0145631 0 0 0 0.071963 0 
node 1 3 1 3
node 2 1 1 1
node 3 3 1 1
node 4 3 0 2
node 11 1 0 0
node 31 1 0 0
node 61 1 0 0
gene 2 1 4 -2.22299 0 1 -2.22299 1
gene 3 2 4 5.76064 0 2 5.76064 1
gene 2 3 4 -7.97791 0 3 -7.97791 1
gene 3 2 11 5.80663 0 18 5.80663 1
gene 3 11 4 0.952648 0 19 0.952648 1
gene 3 11 31 -0.245216 0 79 -0.245216 1
gene 3 31 4 -4.22886 0 80 -4.22886 1
gene 2 3 11 1.11764 0 90 1.11764 1
gene 2 3 61 0.191385 0 174 0.191385 1
gene 2 61 4 -1.30239 0 175 -1.30239 1
gene 1 31 61 -3.30397 0 189 -3.30397 1
gene 2 1 31 0.732425 0 352 0.732425 1
genomeend 68

/* Organism #69 Fitness: 4.02579 Error: 1.99356 */
genomestart 69
trait 1 0.1 0 0 0 0 0 0 0 
trait 2 0.2 0 0 0.576057 0 0 0 0 
trait 3 0.424313 0 0.0145631 0 0 0 0.071963 0 
node 1 3 1 3
node 2 1 1 1
node 3 3 1 1
node 4 3 0 2
node 11 1 0 0
node 31 1 0 0
node 61 1 0 0
gene 2 1 4 -2.58451 0 1 -2.58451 1
gene 3 2 4 3.83435 0 2 3.83435 1
gene 2 3 4 -7.80508 0 3 -7.80508 1
gene 3 2 11 4.50266 0 18 4.50266 1
gene 3 11 4 2.398 0 19 2.398 1
gene 3 11 31 0.854009 0 79 0.854009 1
gene 3 31 4 -4.71695 0 80 -4.71695 1
gene 2 3 11 1.60511 0 90 1.60511 1
gene 2 3 61 -0.634323 0 174 -0.634323 1
gene 2 61 4 -1.55439 0 175 -1.55439 1
gene 1 31 61 -0.860589 0 189 -0.860589 1
genomeend 69

/* Organism #70 Fitness: 2.55069 Error: 2.40291 */
genomestart 70
trait 1 0.1 0 0 0 0 0 0 0 
trait 2 0.2 0 0 0.576057 0 0 0 0 
trait 3 0.424313 0 0.0145631 0 0 0 0.071963 0 
node 1 3 1 3
node 2 1 1 1
node 3 3 1 1
node 4 3 0 2
node 11 1 0 0
node 31 1 0 0
node 61 1 0 0
gene 2 1 4 -0.16851 0 1 -0.16851 1
gene 3 2 4 7.09526 0 2 7.09526 1
gene 2 3 4 -5.56814 0 3 -5.56814 1
gene 3 2 11 -1.51884 0 18 -1.51884 1
gene 3 11 4 -0.195596 0 19 -0.195596 1
gene 3 11 31 -1.47703 0 79 -1.47703 1
gene 3 31 4 -5.13792 0 80 -5.13792 1
gene 2 3 11 1.62419 0 90 1.62419 1
gene 2 3 61 0.191385 0 174 0.191385 1
gene 3 61 4 0.700026 0 175 0.700026 1
gene 1 31 61 -1.42815 0 189 -1.42815 1
genomeend 70

/* Organism #71 Fitness: 9 Error: 1 */
genomestart 71
trait 1 0.1 0 0 0 0 0 0 0 
trait 2 0.2 0 0 0.576057 0 0 0 0 
trait 3 0.424313 0 0.0145631 0 0 0 0.071963 0 
node 1 3 1 3
node 2 1 1 1
node 3 3 1 1
node 4 3 0 2
node 11 1 0 0
node 31 1 0 0
node 61 1 0 0
gene 2 1 4 -4.31857 0 1 -4.31857 1
gene 3 2 4 5.45081 0 2 5.45081 1
gene 2 3 4 -7.52219 0 3 -7.52219 1
gene 3 2 11 4.08666 0 18 4.08666 1
gene 3 11 4 3.34798 0 19 3.34798 1
gene 3 11 31 -0.245216 0 79 -0.245216 1
gene 3 31 4 -2.70365 0 80 -2.70365 1
gene 2 3 11 0.661532 0 90 0.661532 1
gene 2 3 61 -0.137772 0 174 -0.137772 1
gene 2 61 4 -0.663394 0 175 -0.663394 1
gene 1 31 61 -3.30397 0 189 -3.30397 1
genomeend 71

/* Organism #72 Fitness: 8.99992 Error: 1.00001 */
genomestart 72
trait 1 0.1 0 0 0 0 0 0 0 
trait 2 0.2 0 0 0.576057 0 0 0 0 
trait 3 0.424313 0 0.0145631 0 0 0 0.071963 0 
node 1 3 1 3
node 2 1 1 1
node 3 3 1 1
node 4 3 0 2
node 11 1 0 0
node 31 1 0 0
node 61 1 0 0
gene 2 1 4 -4.45565 0 1 -4.45565 1
gene 3 2 4 5.76064 0 2 5.76064 1
gene 2 3 4 -6.61491 0 3 -6.61491 1
gene 3 2 11 1.15084 0 18 1.15084 1
gene 3 11 4 3.04011 0 19 3.04011 1
gene 3 11 31 -1.90415 0 79 -1.90415 1
gene 3 31 4 -5.81485 0 80 -5.81485 1
gene 2 3 11 1.11764 0 90 1.11764 1
gene 2 3 61 -1.448 0 174 -1.448 1
gene 2 61 4 -0.563345 0 175 -0.563345 1
gene 1 31 61 -3.82495 0 189 -3.82495 1
genomeend 72

/* Species #11 : (Size 9) (AF 7.93152) (Age 16)  */


/* Organism #73 Fitness: 8.99999 Error: 1 */
genomestart 73
trait 1 0.1 0 0 0 0 0 0 0 
trait 2 0.2 0 0 0 0 0 0 0 
trait 3 0.2872 0 0 0 0 0 0.071963 0 
node 1 3 1 3
node 2 1 1 1
node 3 3 1 1
node 4 3 0 2
node 11 1 0 0
node 64 2 0 0
gene 2 1 4 3.97082 0 1 3.97082 1
gene 3 2 4 -0.386948 0 2 -0.386948 0
gene 3 3 4 -6.75035 0 3 -6.75035 1
gene 3 2 11 -5.63116 0 18 -5.63116 1
gene 3 11 4 6.95865 0 19 6.95865 1
gene 1 1 11 0.651629 0 106 0.651629 1
gene 3 3 11 1.65873 0 158 1.65873 0
gene 3 3 64 0.116593 0 180 0.116593 1
gene 3 64 11 1.4257 0 181 1.4257 1
genomeend 73

/* Organism #74 Fitness: 8.9957 Error: 1.00072 */
genomestart 74
trait 1 0.1 0 0 0 0 0 0 0 
trait 2 0.2 0 0 0 0 0 0 0 
trait 3 0.2872 0 0 0 0 0 0.071963 0 
node 1 3 1 3
node 2 1 1 1
node 3 3 1 1
node 4 3 0 2
node 11 1 0 0
node 64 2 0 0
gene 2 1 4 2.55722 0 1 2.55722 1
gene 3 2 4 -0.325052 0 2 -0.325052 0
gene 3 3 4 -6.83367 0 3 -6.83367 1
gene 3 2 11 -1.20459 0 18 -1.20459 1
gene 3 11 4 5.98196 0 19 5.98196 1
gene 1 1 11 0.651629 0 106 0.651629 1
gene 3 3 11 1.65873 0 158 1.65873 0
gene 3 3 64 -1.34267 0 180 -1.34267 1
gene 3 64 11 -1.25238 0 181 -1.25238 1
genomeend 74

/* Organism #75 Fitness: 8.84666 Error: 1.02567 */
genomestart 75
trait 1 0.1 0 0 0 0 0 0 0 
trait 2 0.2 0 0 0 0 0 0 0 
trait 3 0.2872 0 0 0 0 0 0.071963 0 
node 1 3 1 3
node 2 1 1 1
node 3 3 1 1
node 4 3 0 2
node 11 1 0 0
node 64 2 0 0
gene 2 1 4 3.38658 0 1 3.38658 1
gene 3 2 4 1.17398 0 2 1.17398 0
gene 3 3 4 -4.85317 0 3 -4.85317 1
gene 3 2 11 -4.87921 0 18 -4.87921 1
gene 3 11 4 2.21121 0 19 2.21121 1
gene 1 1 11 1.61522 0 106 1.61522 1
gene 2 3 11 2.8072 0 158 2.8072 0
gene 3 3 64 1.12147 0 180 1.12147 1
gene 3 64 11 0.371886 0 181 0.371886 1
genomeend 75

/* Organism #76 Fitness: 4.00385 Error: 1.99904 */
genomestart 76
trait 1 0.1 0 0 0 0 0 0 0 
trait 2 0.2 0 0 0 0 0 0 0 
trait 3 0.2872 0 0 0 0 0 0.071963 0 
node 1 3 1 3
node 2 1 1 1
node 3 3 1 1
node 4 3 0 2
node 11 1 0 0
node 64 3 0 0
gene 2 1 4 4.84786 0 1 4.84786 1
gene 3 2 4 -1.91885 0 2 -1.91885 1
gene 3 3 4 -7.98436 0 3 -7.98436 1
gene 3 2 11 -3.65448 0 18 -3.65448 1
gene 3 11 4 6.46569 0 19 6.46569 1
gene 1 1 11 3.03259 0 106 3.03259 1
gene 3 3 11 3.16798 0 158 3.16798 1
gene 3 3 64 0.0244061 0 180 0.0244061 1
gene 3 64 11 1.98134 0 181 1.98134 1
genomeend 76

/* Organism #77 Fitness: 4.54537 Error: 1.86801 */
genomestart 77
trait 1 0.1 0 0 0 0 0 0 0 
trait 2 0.2 0 0 0 0 0 0 0 
trait 3 0.2872 0 0 0 0 0 0.071963 0 
node 1 3 1 3
node 2 1 1 1
node 3 3 1 1
node 4 3 0 2
node 11 1 0 0
node 64 2 0 0
gene 2 1 4 5.83249 0 1 5.83249 1
gene 3 2 4 -1.28062 0 2 -1.28062 0
gene 3 3 4 -5.45 0 3 -5.45 1
gene 3 2 11 -6.24298 0 18 -6.24298 1
gene 3 11 4 8 0 19 8 1
gene 1 1 11 0.756417 0 106 0.756417 1
gene 3 3 11 -0.30785 0 158 -0.30785 0
gene 3 3 64 0.32616 0 180 0.32616 1
gene 3 64 11 1.57775 0 181 1.57775 1
genomeend 77

/* Organism #78 Fitness: 9 Error: 1 */
genomestart 78
trait 1 0.1 0 0 0 0 0 0 0 
trait 2 0.2 0 0 0 0 0 0 0 
trait 3 0.2872 0 0 0 0 0 0.071963 0 
node 1 3 1 3
node 2 1 1 1
node 3 3 1 1
node 4 3 0 2
node 11 1 0 0
node 64 2 0 0
gene 2 1 4 3.97082 0 1 3.97082 1
gene 3 2 4 -0.386948 0 2 -0.386948 1
gene 3 3 4 -6.75035 0 3 -6.75035 1
gene 3 2 11 -5.63116 0 18 -5.63116 1
gene 3 11 4 6.95865 0 19 6.95865 1
gene 1 1 11 0.651629 0 106 0.651629 1
gene 3 3 11 1.65873 0 158 1.65873 0
gene 3 3 64 0.116593 0 180 0.116593 1
gene 3 64 11 1.4257 0 181 1.4257 1
genomeend 78

/* Organism #79 Fitness: 8.99999 Error: 1 */
genomestart 79
trait 1 0.1 0 0 0 0 0 0 0 
trait 2 0.2 0 0 0 0 0 0 0 
trait 3 0.2872 0 0 0 0 0 0.071963 0 
node 1 3 1 3
node 2 1 1 1
node 3 3 1 1
node 4 3 0 2
node 11 1 0 0
node 64 2 0 0
node 107 1 0 0
gene 2 1 4 3.97082 0 1 3.97082 1
gene 3 2 4 -0.386948 0 2 -0.386948 0
gene 3 3 4 -6.75035 0 3 -6.75035 1
gene 3 2 11 -5.63116 0 18 -5.63116 1
gene 3 11 4 6.95865 0 19 6.95865 1
gene 1 1 11 0.651629 0 106 0.651629 1
gene 3 3 11 1.65873 0 158 1.65873 0
gene 3 3 64 0.116593 0 180 0.116593 0
gene 3 64 11 1.4257 0 181 1.4257 1
gene 3 3 107 1 0 353 0 1
gene 3 107 64 0.116593 0 354 0 1
genomeend 79

/* Organism #80 Fitness: 8.9921 Error: 1.00132 */
genomestart 80
trait 1 0.1 0 0 0 0 0 0 0 
trait 2 0.2 0 0 0 0 0 0 0 
trait 3 0.2872 0 0 0 0 0 0.071963 0 
node 1 3 1 3
node 2 1 1 1
node 3 3 1 1
node 4 3 0 2
node 11 1 0 0
node 64 2 0 0
gene 2 1 4 4.0734 0 1 4.0734 1
gene 3 2 4 -2.12082 0 2 -2.12082 0
gene 3 3 4 -5.41993 0 3 -5.41993 1
gene 3 2 11 -6.18181 0 18 -6.18181 1
gene 3 11 4 6.45482 0 19 6.45482 1
gene 1 1 11 -1.72739 0 106 -1.72739 1
gene 3 3 11 -0.346083 0 158 -0.346083 0
gene 3 3 64 1.31112 0 180 1.31112 1
gene 3 64 11 3.55006 0 181 3.55006 1
genomeend 80

/* Organism #81 Fitness: 8.99999 Error: 1 */
genomestart 81
trait 1 0.1 0 0 0 0 0 0 0 
trait 2 0.2 0 0 0 0 0 0 0 
trait 3 0.2872 0 0 0 0 0 0.071963 0 
node 1 3 1 3
node 2 1 1 1
node 3 3 1 1
node 4 3 0 2
node 11 1 0 0
node 64 2 0 0
gene 2 1 4 5.33482 0 1 5.33482 1
gene 3 2 4 -1.99222 0 2 -1.99222 0
gene 3 3 4 -8 0 3 -8 1
gene 3 2 11 -7.17977 0 18 -7.17977 1
gene 3 11 4 7.51101 0 19 7.51101 1
gene 1 1 11 1.09447 0 106 1.09447 1
gene 3 3 11 1.82258 0 158 1.82258 0
gene 3 3 64 -2.04397 0 180 -2.04397 1
gene 3 64 11 1.4257 0 181 1.4257 1
genomeend 81

/* Species #12 : (Size 7) (AF 6.43349) (Age 16)  */


/* Organism #82 Fitness: 9 Error: 1 */
genomestart 82
trait 1 0.480303 0 0.437266 0 0 0 0 0 
trait 2 0.2 0 0 0.553901 0 0 0 0 
trait 3 0.2872 0 0 0 0 0 0.071963 0 
node 1 3 1 3
node 2 1 1 1
node 3 3 1 1
node 4 2 0 2
node 11 3 0 0
node 31 1 0 0
node 63 1 0 0
gene 1 1 4 -1.62775 0 1 -1.62775 1
gene 3 2 4 4.20496 0 2 4.20496 1
gene 2 3 4 -6.19934 0 3 -6.19934 1
gene 3 2 11 2.49149 0 18 2.49149 1
gene 3 11 4 1.59575 0 19 1.59575 1
gene 3 11 31 -3.28385 0 79 -3.28385 1
gene 3 31 4 -5.23627 0 80 -5.23627 1
gene 2 3 11 -3.62044 0 90 -3.62044 1
gene 1 1 31 1.98306 0 164 1.98306 1
gene 3 11 63 3.7081 0 178 3.7081 1
gene 3 63 4 0.413038 0 179 0.413038 1
gene 3 2 63 0.380087 0 214 0.380087 1
genomeend 82

/* Organism #83 Fitness: 9 Error: 1 */
genomestart 83
trait 1 0.480303 0 0.437266 0 0 0 0 0 
trait 2 0.2 0 0 0.553901 0 0 0 0 
trait 3 0.2872 0 0 0 0 0 0.071963 0 
node 1 3 1 3
node 2 1 1 1
node 3 3 1 1
node 4 2 0 2
node 11 3 0 0
node 31 1 0 0
node 63 1 0 0
gene 1 1 4 -1.62775 0 1 -1.62775 1
gene 3 2 4 4.20496 0 2 4.20496 1
gene 2 3 4 -6.19934 0 3 -6.19934 1
gene 3 2 11 2.49149 0 18 2.49149 1
gene 3 11 4 1.59575 0 19 1.59575 1
gene 3 11 31 -3.28385 0 79 -3.28385 1
gene 3 31 4 -5.23627 0 80 -5.23627 1
gene 2 3 11 -3.62044 0 90 -3.62044 1
gene 1 1 31 1.98306 0 164 1.98306 1
gene 3 11 63 3.7081 0 178 3.7081 1
gene 3 63 4 0.413038 0 179 0.413038 1
gene 3 2 63 0.380087 0 214 0.380087 1
genomeend 83

/* Organism #84 Fitness: 4.00522 Error: 1.99869 */
genomestart 84
trait 1 0.480303 0 0.437266 0 0 0 0 0 
trait 2 0.2 0 0 0.553901 0 0 0 0 
trait 3 0.2872 0 0 0 0 0 0.071963 0 
node 1 3 1 3
node 2 1 1 1
node 3 3 1 1
node 4 2 0 2
node 11 3 0 0
node 31 1 0 0
node 63 1 0 0
gene 1 1 4 -1.62775 0 1 -1.62775 1
gene 3 2 4 1.78501 0 2 1.78501 1
gene 2 3 4 -5.33232 0 3 -5.33232 1
gene 3 2 11 2.15425 0 18 2.15425 1
gene 3 11 4 -2.08322 0 19 -2.08322 1
gene 3 11 31 -4.68663 0 79 -4.68663 1
gene 3 31 4 -3.32866 0 80 -3.32866 1
gene 2 3 11 -3.62044 0 90 -3.62044 1
gene 1 1 31 1.86549 0 164 1.86549 1
gene 3 11 63 2.17884 0 178 2.17884 1
gene 3 63 4 0.578838 0 179 0.578838 1
gene 3 2 63 -0.401051 0 214 -0.401051 1
genomeend 84

/* Organism #85 Fitness: 4.00106 Error: 1.99973 */
genomestart 85
trait 1 0.480303 0 0.437266 0 0 0 0 0 
trait 2 0.2 0 0 0.553901 0 0 0 0 
trait 3 0.2872 0 0 0 0 0 0.071963 0 
node 1 3 1 3
node 2 1 1 1
node 3 3 1 1
node 4 2 0 2
node 11 3 0 0
node 31 1 0 0
node 63 1 0 0
gene 1 1 4 -4.35564 0 1 -4.35564 1
gene 3 2 4 4.01879 0 2 4.01879 1
gene 2 3 4 -4.38969 0 3 -4.38969 1
gene 3 2 11 2.58003 0 18 2.58003 1
gene 3 11 4 0.531274 0 19 0.531274 1
gene 3 11 31 -2.76721 0 79 -2.76721 1
gene 3 31 4 -3.73699 0 80 -3.73699 1
gene 2 3 11 -3.93055 0 90 -3.93055 1
gene 1 1 31 2.7668 0 164 2.7668 1
gene 3 11 63 -2.04364 0 178 -2.04364 1
gene 3 63 4 -0.0731438 0 179 -0.0731438 1
gene 3 2 63 -0.367323 0 214 -0.367323 1
genomeend 85

/* Organism #86 Fitness: 9 Error: 1 */
genomestart 86
trait 1 0.480303 0 0.437266 0 0 0 0 0 
trait 2 0.2 0 0 0.553901 0 0 0 0 
trait 3 0.2872 0 0 0 0 0 0.071963 0 
node 1 3 1 3
node 2 1 1 1
node 3 3 1 1
node 4 2 0 2
node 11 3 0 0
node 31 1 0 0
node 63 1 0 0
gene 1 1 4 -2.22696 0 1 -2.22696 1
gene 3 2 4 2.5584 0 2 2.5584 1
gene 2 3 4 -7.59723 0 3 -7.59723 1
gene 3 2 11 3.04492 0 18 3.04492 1
gene 3 11 4 3.76038 0 19 3.76038 1
gene 3 11 31 -3.97186 0 79 -3.97186 1
gene 3 31 4 -6.18429 0 80 -6.18429 1
gene 2 3 11 -3.83335 0 90 -3.83335 1
gene 1 1 31 3.71524 0 164 3.71524 1
gene 3 11 63 3.4282 0 178 3.4282 1
gene 3 63 4 1.51538 0 179 1.51538 1
gene 3 2 63 2.46881 0 214 2.46881 1
genomeend 86

/* Organism #87 Fitness: 8.99933 Error: 1.00011 */
genomestart 87
trait 1 0.480303 0 0.437266 0 0 0 0 0 
trait 2 0.2 0 0 0.553901 0 0 0 0 
trait 3 0.2872 0 0 0 0 0 0.071963 0 
node 1 3 1 3
node 2 1 1 1
node 3 3 1 1
node 4 2 0 2
node 11 3 0 0
node 31 1 0 0
node 63 1 0 0
gene 2 1 4 -1.62775 0 1 -1.62775 1
gene 3 2 4 4.20496 0 2 4.20496 1
gene 2 3 4 -4.30632 0 3 -4.30632 1
gene 3 2 11 1.03649 0 18 1.03649 1
gene 3 11 4 1.18162 0 19 1.18162 1
gene 3 11 31 -1.85453 0 79 -1.85453 1
gene 3 31 4 -1.009 0 80 -1.009 1
gene 2 3 11 -5.51336 0 90 -5.51336 1
gene 1 1 31 3.95816 0 164 3.95816 1
gene 3 11 63 1.28469 0 178 1.28469 1
gene 3 63 4 0.199184 0 179 0.199184 1
gene 3 2 63 0.525004 0 214 0.525004 1
genomeend 87

/* Organism #88 Fitness: 1.02882 Error: 2.98569 */
genomestart 88
trait 1 0.480303 0 0.437266 0 0 0 0 0 
trait 2 0.2 0 0 0.553901 0 0 0 0 
trait 3 0.2872 0 0 0 0 0 0.071963 0 
node 1 3 1 3
node 2 1 1 1
node 3 3 1 1
node 4 2 0 2
node 11 3 0 0
node 31 1 0 0
node 63 1 0 0
gene 1 1 4 -1.06774 0 1 -1.06774 1
gene 3 2 4 4.33738 0 2 4.33738 1
gene 2 3 4 -6.19934 0 3 -6.19934 1
gene 3 2 11 2.49149 0 18 2.49149 1
gene 3 11 4 1.59575 0 19 1.59575 1
gene 3 11 31 -2.79566 0 79 -2.79566 1
gene 3 31 4 -3.52799 0 80 -3.52799 1
gene 2 3 11 -2.42191 0 90 -2.42191 1
gene 1 1 31 -2.38086 0 164 -2.38086 1
gene 3 11 63 4.35395 0 178 4.35395 1
gene 3 63 4 2.85601 0 179 2.85601 1
gene 3 2 63 0.380087 0 214 0.380087 1
genomeend 88

/* Species #14 : (Size 9) (AF 7.97394) (Age 15)  */


/* Organism #89 Fitness: 11.629 Error: 0.589874 */
genomestart 89
trait 1 0.156353 0.165351 0 0.10927 0.20015 0.0011029 0 0.00144697 
trait 2 0.2 0 0 0 0 0 0 0 
trait 3 0.3 0 0 0 0 0 0 0 
node 1 1 1 3
node 2 2 1 1
node 3 3 1 1
node 4 1 0 2
node 8 1 0 0
node 15 1 0 0
node 69 1 0 0
gene 2 1 4 3.56878 0 1 3.56878 1
gene 2 2 4 1.64265 0 2 1.64265 1
gene 1 3 4 -2.27653 0 3 -2.27653 1
gene 2 2 8 3.2159 0 10 3.2159 1
gene 2 8 4 -5.28359 0 11 -5.28359 1
gene 1 3 8 -2.53117 0 23 -2.53117 1
gene 1 3 15 -2.637 0 29 -2.637 1
gene 1 15 4 -0.456131 0 30 -0.456131 0
gene 1 1 8 2.70386 0 75 2.70386 1
gene 1 3 69 3.40432 0 200 3.40432 1
gene 1 69 8 -1.80558 0 201 -1.80558 1
gene 1 69 15 0.517281 0 297 0.517281 1
genomeend 89

/* Organism #90 Fitness: 13.9705 Error: 0.26229 */
/* ##------$ WINNER 90 SPECIES #14 $------## */
genomestart 90
trait 1 0.156581 0.166018 0 0.109629 0.200957 0.000965039 0 0.0012661 
trait 2 0.2 0 0 0 0 0 0 0 
trait 3 0.3 0 0 0 0 0 0 0 
node 1 1 1 3
node 2 2 1 1
node 3 3 1 1
node 4 1 0 2
node 8 1 0 0
node 15 1 0 0
node 69 1 0 0
gene 2 1 4 3.56878 0 1 3.56878 1
gene 2 2 4 1.92579 0 2 1.92579 1
gene 1 3 4 -1.7197 0 3 -1.7197 1
gene 2 2 8 3.2159 0 10 3.2159 1
gene 2 8 4 -5.28359 0 11 -5.28359 1
gene 1 3 8 -2.63053 0 23 -2.63053 1
gene 1 3 15 -2.637 0 29 -2.637 1
gene 1 15 4 -0.369642 0 30 -0.369642 0
gene 1 1 8 2.70386 0 75 2.70386 1
gene 1 3 69 3.40432 0 200 3.40432 1
gene 1 69 8 -1.33062 0 201 -1.33062 1
gene 1 69 15 0.326448 0 297 0.326448 1
genomeend 90

/* Organism #91 Fitness: 10.0875 Error: 0.823912 */
genomestart 91
trait 1 0.156353 0.165351 0 0.10927 0.20015 0.0011029 0 0.00144697 
trait 2 0.2 0 0 0 0 0 0 0 
trait 3 0 0 0.102647 0 0 0.228644 0 0 
node 1 1 1 3
node 2 2 1 1
node 3 3 1 1
node 4 1 0 2
node 8 1 0 0
node 15 1 0 0
node 69 1 0 0
gene 2 1 4 3.93818 0 1 3.93818 1
gene 2 2 4 0.197583 0 2 0.197583 1
gene 1 3 4 -3.22575 0 3 -3.22575 1
gene 2 2 8 1.61744 0 10 1.61744 1
gene 2 8 4 -4.19526 0 11 -4.19526 1
gene 1 3 8 -1.85509 0 23 -1.85509 1
gene 1 3 15 -4.67251 0 29 -4.67251 1
gene 1 15 4 -0.11076 0 30 -0.11076 0
gene 1 1 8 2.84143 0 75 2.84143 1
gene 1 3 69 5.67119 0 200 5.67119 1
gene 1 69 8 -2.52168 0 201 -2.52168 1
gene 1 69 15 1.45722 0 297 1.45722 1
genomeend 91

/* Organism #92 Fitness: 9.13148 Error: 0.978166 */
genomestart 92
trait 1 0.156353 0.165351 0 0.10927 0.20015 0.0011029 0 0.00144697 
trait 2 0.2 0 0 0 0 0 0 0 
trait 3 0.3 0 0 0 0 0 0 0 
node 1 1 1 3
node 2 2 1 1
node 3 3 1 1
node 4 1 0 2
node 8 1 0 0
node 15 1 0 0
node 69 1 0 0
gene 2 1 4 5.14247 0 1 5.14247 1
gene 2 2 4 0.482138 0 2 0.482138 1
gene 1 3 4 -3.91409 0 3 -3.91409 1
gene 2 2 8 4.39437 0 10 4.39437 1
gene 2 8 4 -4.44807 0 11 -4.44807 1
gene 1 3 8 -3.23499 0 23 -3.23499 1
gene 1 3 15 -0.947132 0 29 -0.947132 1
gene 1 15 4 -2.54275 0 30 -2.54275 0
gene 1 1 8 1.71103 0 75 1.71103 1
gene 1 3 69 4.65439 0 200 4.65439 1
gene 1 69 8 -1.41795 0 201 -1.41795 1
gene 1 69 15 -0.288661 0 297 -0.288661 1
genomeend 92

/* Organism #93 Fitness: 4 Error: 2 */
genomestart 93
trait 1 0.156808 0.166685 0 0.109989 0.201764 0.000827176 0 0.00108523 
trait 2 0.2 0 0 0 0 0 0 0 
trait 3 0.3 0 0 0 0 0 0 0 
node 1 1 1 3
node 2 2 1 1
node 3 3 1 1
node 4 1 0 2
node 8 1 0 0
node 15 1 0 0
node 69 1 0 0
gene 2 1 4 3.1543 0 1 3.1543 1
gene 2 2 4 0.0627958 0 2 0.0627958 1
gene 1 3 4 -1.94876 0 3 -1.94876 1
gene 2 2 8 4.51297 0 10 4.51297 1
gene 2 8 4 -5.81297 0 11 -5.81297 1
gene 1 3 8 -0.174828 0 23 -0.174828 1
gene 1 3 15 -1.64903 0 29 -1.64903 1
gene 1 15 4 -1.39877 0 30 -1.39877 0
gene 1 1 8 4.07435 0 75 4.07435 1
gene 1 3 69 2.74929 0 200 2.74929 1
gene 1 69 8 -1.33062 0 201 -1.33062 1
gene 1 69 15 0.184886 0 297 0.184886 1
genomeend 93

/* Organism #94 Fitness: 4.25251 Error: 1.93784 */
genomestart 94
trait 1 0.156808 0.166685 0 0.109989 0.201764 0.000827176 0 0.00108523 
trait 2 0.2 0 0 0 0 0 0 0 
trait 3 0.3 0 0 0 0 0 0 0 
node 1 2 1 3
node 2 2 1 1
node 3 3 1 1
node 4 1 0 2
node 8 1 0 0
node 15 1 0 0
node 69 1 0 0
gene 2 1 4 5.69786 0 1 5.69786 1
gene 2 2 4 0.642017 0 2 0.642017 1
gene 1 3 4 -0.266694 0 3 -0.266694 1
gene 2 2 8 3.95283 0 10 3.95283 1
gene 2 8 4 -6.80564 0 11 -6.80564 1
gene 1 3 8 -3.1377 0 23 -3.1377 1
gene 1 3 15 -2.94663 0 29 -2.94663 1
gene 1 15 4 0.304754 0 30 0.304754 0
gene 1 1 8 4.29231 0 75 4.29231 1
gene 1 3 69 3.23065 0 200 3.23065 1
gene 1 69 8 0.290464 0 201 0.290464 1
gene 1 69 15 -0.851809 0 297 -0.851809 1
genomeend 94

/* Organism #95 Fitness: 10.6151 Error: 0.741913 */
genomestart 95
trait 1 0.156808 0.166685 0 0.109989 0.201764 0.000827176 0 0.00108523 
trait 2 0.2 0 0 0 0 0 0 0 
trait 3 0.3 0 0 0 0 0 0 0 
node 1 1 1 3
node 2 2 1 1
node 3 3 1 1
node 4 1 0 2
node 8 1 0 0
node 15 1 0 0
node 69 1 0 0
gene 2 1 4 3.56878 0 1 3.56878 1
gene 2 2 4 1.92579 0 2 1.92579 1
gene 1 3 4 -1.7197 0 3 -1.7197 1
gene 2 2 8 3.59882 0 10 3.59882 1
gene 2 8 4 -5.70877 0 11 -5.70877 1
gene 1 3 8 -2.63053 0 23 -2.63053 1
gene 1 3 15 -2.637 0 29 -2.637 1
gene 1 15 4 -0.369642 0 30 -0.369642 0
gene 1 1 8 2.51495 0 75 2.51495 1
gene 1 3 69 3.39872 0 200 3.39872 1
gene 1 69 8 -1.33062 0 201 -1.33062 1
gene 1 69 15 0.326448 0 297 0.326448 1
gene 3 1 69 -0.814292 0 355 -0.814292 1
genomeend 95

/* Organism #96 Fitness: 4.07939 Error: 1.98025 */
genomestart 96
trait 1 0.156581 0.166018 0 0.109629 0.200957 0.000965039 0 0.0012661 
trait 2 0.2 0 0 0 0 0 0 0 
trait 3 0.3 0 0 0 0 0 0 0 
node 1 1 1 3
node 2 2 1 1
node 3 3 1 1
node 4 1 0 2
node 8 1 0 0
node 15 1 0 0
node 69 1 0 0
gene 2 1 4 1.4325 0 1 1.4325 1
gene 2 2 4 2.50456 0 2 2.50456 1
gene 1 3 4 -4.29631 0 3 -4.29631 1
gene 2 2 8 5.0126 0 10 5.0126 1
gene 2 8 4 -4.73 0 11 -4.73 1
gene 1 3 8 -0.438282 0 23 -0.438282 1
gene 1 3 15 -3.54768 0 29 -3.54768 1
gene 1 15 4 -2.43321 0 30 -2.43321 0
gene 1 1 8 4.82328 0 75 4.82328 1
gene 1 3 69 4.87664 0 200 4.87664 1
gene 1 69 8 -0.33293 0 201 -0.33293 1
gene 1 69 15 -1.00362 0 297 -1.00362 1
genomeend 96

/* Organism #97 Fitness: 4 Error: 2 */
genomestart 97
trait 1 0.156581 0.166018 0 0.109629 0.200957 0.000965039 0 0.0012661 
trait 2 0.2 0 0 0 0 0 0 0 
trait 3 0.3 0 0 0 0 0 0 0 
node 1 1 1 3
node 2 2 1 1
node 3 3 1 1
node 4 1 0 2
node 8 1 0 0
node 15 1 0 0
node 69 1 0 0
gene 2 1 4 -2.25986 0 1 -2.25986 1
gene 2 2 4 1.92579 0 2 1.92579 1
gene 1 3 4 -0.425292 0 3 -0.425292 1
gene 2 2 8 2.28988 0 10 2.28988 1
gene 2 8 4 -7.03179 0 11 -7.03179 1
gene 1 3 8 2.2897 0 23 2.2897 1
gene 1 3 15 -3.31766 0 29 -3.31766 1
gene 1 15 4 -1.56067 0 30 -1.56067 0
gene 1 1 8 0.804274 0 75 0.804274 1
gene 1 3 69 -1.3147 0 200 -1.3147 1
gene 1 69 8 -1.80558 0 201 -1.80558 1
gene 1 69 15 -1.96796 0 297 -1.96796 1
genomeend 97

/* Species #15 : (Size 11) (AF 7.41253) (Age 12)  */


/* Organism #98 Fitness: 9 Error: 1 */
genomestart 98
trait 1 0.1 0 0 0 0 0 0.158117 0 
trait 2 0.2 0 0 0.535899 0 0 0 0 
trait 3 0.2872 0 0 0 0 0 0.071963 0 
node 1 3 1 3
node 2 2 1 1
node 3 3 1 1
node 4 3 0 2
node 11 1 0 0
node 31 1 0 0
gene 2 1 4 -8 0 1 -8 1
gene 3 2 4 4.97648 0 2 4.97648 1
gene 2 3 4 -8 0 3 -8 1
gene 3 2 11 7.83879 0 18 7.83879 1
gene 3 11 4 6.98766 0 19 6.98766 1
gene 3 11 31 -5.17295 0 79 -5.17295 1
gene 3 31 4 -4.85899 0 80 -4.85899 1
gene 2 3 11 -0.968144 0 90 -0.968144 1
gene 3 1 31 0.509529 0 234 0.509529 1
gene 2 3 31 -0.0407318 0 258 -0.0407318 1
genomeend 98

/* Organism #99 Fitness: 8.99971 Error: 1.00005 */
genomestart 99
trait 1 0.1 0 0 0 0 0 0.158117 0 
trait 2 0.2 0 0 0.535899 0 0 0 0 
trait 3 0.2872 0 0 0 0 0 0.071963 0 
node 1 3 1 3
node 2 2 1 1
node 3 3 1 1
node 4 3 0 2
node 11 1 0 0
node 31 1 0 0
node 108 1 0 0
gene 2 1 4 -8 0 1 -8 1
gene 3 2 4 4.97648 0 2 4.97648 0
gene 2 3 4 -8 0 3 -8 1
gene 3 2 11 7.83879 0 18 7.83879 1
gene 3 11 4 6.98766 0 19 6.98766 1
gene 3 11 31 -5.17295 0 79 -5.17295 1
gene 3 31 4 -4.85899 0 80 -4.85899 1
gene 2 3 11 -0.968144 0 90 -0.968144 1
gene 3 1 31 0.509529 0 234 0.509529 1
gene 2 3 31 -0.0407318 0 258 -0.0407318 1
gene 3 2 108 1 0 356 0 1
gene 3 108 4 4.97648 0 357 0 1
genomeend 99

/* Organism #100 Fitness: 8.93868 Error: 1.01024 */
genomestart 100
trait 1 0.1 0 0 0 0 0 0.158117 0 
trait 2 0.2 0 0 0.535899 0 0 0 0 
trait 3 0.2872 0 0 0 0 0 0.071963 0 
node 1 3 1 3
node 2 2 1 1
node 3 3 1 1
node 4 3 0 2
node 11 1 0 0
node 31 1 0 0
gene 2 1 4 -8 0 1 -8 1
gene 3 2 4 7.07165 0 2 7.07165 1
gene 2 3 4 -8 0 3 -8 1
gene 3 2 11 7.83879 0 18 7.83879 1
gene 3 11 4 8 0 19 8 1
gene 3 11 31 -5.17295 0 79 -5.17295 1
gene 3 31 4 -0.687388 0 80 -0.687388 1
gene 2 3 11 -0.968144 0 90 -0.968144 1
gene 3 1 31 -0.0435734 0 234 -0.0435734 1
gene 2 3 31 -0.0407318 0 258 -0.0407318 1
genomeend 100

/* Organism #101 Fitness: 4 Error: 2 */
genomestart 101
trait 1 0.1 0 0 0 0 0 0.158117 0 
trait 2 0.2 0 0 0.535899 0 0 0 0 
trait 3 0.2872 0 0 0 0 0 0.071963 0 
node 1 3 1 3
node 2 2 1 1
node 3 3 1 1
node 4 3 0 2
node 11 1 0 0
node 31 1 0 0
gene 2 1 4 -8 0 1 -8 1
gene 3 2 4 3.70383 0 2 3.70383 1
gene 2 3 4 1.80542 0 3 1.80542 1
gene 3 2 11 8 0 18 8 1
gene 3 11 4 -0.503557 0 19 -0.503557 1
gene 3 11 31 -5.49003 0 79 -5.49003 1
gene 3 31 4 -1.44912 0 80 -1.44912 1
gene 2 3 11 -0.968144 0 90 -0.968144 1
gene 3 1 31 -0.136534 0 234 -0.136534 1
gene 2 3 31 2.38247 0 258 2.38247 1
genomeend 101

/* Organism #102 Fitness: 9 Error: 1 */
genomestart 102
trait 1 0.1 0 0 0 0 0 0.158117 0 
trait 2 0.2 0 0 0.535899 0 0 0 0 
trait 3 0.2872 0 0 0 0 0 0.071963 0 
node 1 3 1 3
node 2 2 1 1
node 3 3 1 1
node 4 3 0 2
node 11 1 0 0
node 31 1 0 0
gene 2 1 4 -6.00273 0 1 -6.00273 1
gene 3 2 4 4.97648 0 2 4.97648 1
gene 2 3 4 -8 0 3 -8 1
gene 3 2 11 7.83879 0 18 7.83879 1
gene 3 11 4 4.84409 0 19 4.84409 1
gene 3 11 31 -6.94206 0 79 -6.94206 1
gene 3 31 4 0.172943 0 80 0.172943 1
gene 2 3 11 -1.79001 0 90 -1.79001 1
gene 3 1 31 -0.626531 0 234 -0.626531 1
gene 2 3 31 -2.36416 0 258 -2.36416 1
genomeend 102

/* Organism #103 Fitness: 4.37232 Error: 1.90899 */
genomestart 103
trait 1 0.1 0 0 0 0 0 0.158117 0 
trait 2 0.2 0 0 0.535899 0 0 0 0 
trait 3 0.2872 0 0 0 0 0 0.071963 0 
node 1 3 1 3
node 2 2 1 1
node 3 3 1 1
node 4 3 0 2
node 11 1 0 0
node 31 1 0 0
gene 2 1 4 -5.93516 0 1 -5.93516 1
gene 3 2 4 5.95301 0 2 5.95301 1
gene 2 3 4 -8 0 3 -8 1
gene 3 2 11 8 0 18 8 1
gene 3 11 4 -0.485229 0 19 -0.485229 1
gene 3 11 31 -4.94467 0 79 -4.94467 1
gene 3 31 4 1.15072 0 80 1.15072 1
gene 2 3 11 0.602279 0 90 0.602279 1
gene 3 1 31 2.73802 0 234 2.73802 1
gene 2 3 31 1.76087 0 258 1.76087 1
genomeend 103

/* Organism #104 Fitness: 8.98685 Error: 1.00219 */
genomestart 104
trait 1 0.1 0 0 0 0 0 0.158117 0 
trait 2 0.2 0 0 0.535899 0 0 0 0 
trait 3 0.2872 0 0 0 0 0 0.071963 0 
node 1 3 1 3
node 2 2 1 1
node 3 3 1 1
node 4 3 0 2
node 11 1 0 0
node 31 1 0 0
gene 2 1 4 -8 0 1 -8 1
gene 3 2 4 4.41777 0 2 4.41777 1
gene 2 3 4 -5.6607 0 3 -5.6607 1
gene 3 2 11 7.83879 0 18 7.83879 1
gene 3 11 4 8 0 19 8 1
gene 3 11 31 -5.6059 0 79 -5.6059 1
gene 3 31 4 -6.14503 0 80 -6.14503 1
gene 2 3 11 -1.88009 0 90 -1.88009 1
gene 3 1 31 -1.72317 0 234 -1.72317 1
gene 2 3 31 2.34856 0 258 2.34856 1
genomeend 104

/* Organism #105 Fitness: 6.24022 Error: 1.50196 */
genomestart 105
trait 1 0.1 0 0 0 0 0 0.158117 0 
trait 2 0.2 0 0 0.535899 0 0 0 0 
trait 3 0.2872 0 0 0 0 0 0.071963 0 
node 1 3 1 3
node 2 2 1 1
node 3 3 1 1
node 4 3 0 2
node 11 1 0 0
node 31 1 0 0
gene 2 1 4 -2.40737 0 1 -2.40737 1
gene 3 2 4 4.97648 0 2 4.97648 1
gene 2 3 4 -8 0 3 -8 1
gene 3 2 11 8 0 18 8 1
gene 3 11 4 5.41658 0 19 5.41658 1
gene 3 11 31 -5.45899 0 79 -5.45899 1
gene 3 31 4 -5.11065 0 80 -5.11065 1
gene 2 3 11 0.991388 0 90 0.991388 1
gene 3 1 31 2.46581 0 234 2.46581 1
gene 2 3 31 -0.945094 0 258 -0.945094 1
genomeend 105

/* Organism #106 Fitness: 9 Error: 1 */
genomestart 106
trait 1 0.1 0 0 0 0 0 0.158117 0 
trait 2 0.2 0 0 0.535899 0 0 0 0 
trait 3 0.2872 0 0 0 0 0 0.071963 0 
node 1 3 1 3
node 2 2 1 1
node 3 3 1 1
node 4 3 0 2
node 11 1 0 0
node 31 1 0 0
gene 2 1 4 -8 0 1 -8 1
gene 3 2 4 4.97648 0 2 4.97648 1
gene 2 3 4 -8 0 3 -8 1
gene 3 2 11 7.83879 0 18 7.83879 1
gene 3 11 4 6.98766 0 19 6.98766 1
gene 3 11 31 -5.17295 0 79 -5.17295 1
gene 3 31 4 -4.85899 0 80 -4.85899 1
gene 2 3 11 -0.968144 0 90 -0.968144 1
gene 3 1 31 0.509529 0 234 0.509529 1
gene 2 3 31 -0.0407318 0 258 -0.0407318 1
genomeend 106

/* Organism #107 Fitness: 9 Error: 1 */
genomestart 107
trait 1 0.1 0 0 0 0 0 0.158117 0 
trait 2 0.2 0 0 0.535899 0 0 0 0 
trait 3 0.2872 0 0 0 0 0 0.071963 0 
node 1 3 1 3
node 2 2 1 1
node 3 3 1 1
node 4 3 0 2
node 11 1 0 0
node 31 1 0 0
gene 2 1 4 -8 0 1 -8 1
gene 3 2 4 4.97648 0 2 4.97648 1
gene 2 3 4 -8 0 3 -8 1
gene 3 2 11 7.83879 0 18 7.83879 1
gene 3 11 4 6.98766 0 19 6.98766 1
gene 3 11 31 -5.17295 0 79 -5.17295 1
gene 3 31 4 -4.85899 0 80 -4.85899 1
gene 2 3 11 -0.968144 0 90 -0.968144 1
gene 3 1 31 0.509529 0 234 0.509529 1
gene 2 3 31 -0.0407318 0 258 -0.0407318 1
gene 1 2 31 -0.201733 0 358 -0.201733 1
genomeend 107

/* Organism #108 Fitness: 4 Error: 2 */
genomestart 108
trait 1 0.1 0 0 0 0 0 0.158117 0 
trait 2 0.2 0 0 0.535899 0 0 0 0 
trait 3 0.2872 0 0 0 0 0 0.071963 0 
node 1 3 1 3
node 2 2 1 1
node 3 3 1 1
node 4 3 0 2
node 11 1 0 0
node 31 1 0 0
gene 2 1 4 -7.75417 0 1 -7.75417 1
gene 3 2 4 1.9887 0 2 1.9887 1
gene 2 3 4 -8 0 3 -8 1
gene 3 2 11 -0.765998 0 18 -0.765998 1
gene 3 11 4 4.77425 0 19 4.77425 1
gene 3 11 31 -3.27472 0 79 -3.27472 1
gene 3 31 4 1.5815 0 80 1.5815 1
gene 2 3 11 1.21687 0 90 1.21687 1
gene 3 1 31 0.509529 0 234 0.509529 1
gene 2 3 31 2.1935 0 258 2.1935 1
genomeend 108

/* Species #16 : (Size 7) (AF 7.52012) (Age 8)  */


/* Organism #109 Fitness: 8.68297 Error: 1.05331 */
genomestart 109
trait 1 0.502539 0 0 0 0 0 0.158117 0 
trait 2 0.2 0 0 0.535899 0 0 0 0 
trait 3 0.2872 0 0 0.273739 0.0653224 0 0.071963 0 
node 1 3 1 3
node 2 2 1 1
node 3 3 1 1
node 4 3 0 2
node 11 1 0 0
node 31 1 0 0
gene 2 1 4 -0.814515 0 1 -0.814515 1
gene 3 2 4 1.77727 0 2 1.77727 1
gene 2 3 4 -2.0705 0 3 -2.0705 1
gene 3 2 11 1.8683 0 18 1.8683 1
gene 3 11 4 0.277292 0 19 0.277292 1
gene 3 11 31 -4.40669 0 79 -4.40669 1
gene 3 31 4 3.46583 0 80 3.46583 1
gene 2 3 11 0.936091 0 90 0.936091 1
gene 3 1 31 -1.88703 0 234 -1.88703 1
gene 3 2 31 0.152893 0 257 0.152893 1
genomeend 109

/* Organism #110 Fitness: 8.83802 Error: 1.02712 */
genomestart 110
trait 1 0.502539 0 0 0 0 0 0.158117 0 
trait 2 0.2 0 0 0.535899 0 0 0 0 
trait 3 0.2872 0 0 0.273739 0.0653224 0 0.071963 0 
node 1 3 1 3
node 2 2 1 1
node 3 3 1 1
node 4 3 0 2
node 11 1 0 0
node 31 1 0 0
gene 2 1 4 -0.86818 0 1 -0.86818 1
gene 3 2 4 1.98726 0 2 1.98726 1
gene 2 3 4 -2.61265 0 3 -2.61265 1
gene 3 2 11 2.49345 0 18 2.49345 1
gene 3 11 4 -0.370192 0 19 -0.370192 1
gene 3 11 31 -4.44466 0 79 -4.44466 1
gene 3 31 4 1.85403 0 80 1.85403 1
gene 2 3 11 1.30651 0 90 1.30651 1
gene 3 1 31 -2.90118 0 234 -2.90118 1
gene 3 2 31 0.565351 0 257 0.565351 1
gene 1 1 11 0.493205 0 359 0.493205 1
genomeend 110

/* Organism #111 Fitness: 5.66705 Error: 1.61944 */
genomestart 111
trait 1 0.502539 0 0 0 0 0 0.158117 0 
trait 2 0.2 0 0 0.535899 0 0 0 0 
trait 3 0.2872 0 0 0.273739 0.0653224 0 0.071963 0 
node 1 3 1 3
node 2 2 1 1
node 3 3 1 1
node 4 3 0 2
node 11 1 0 0
node 31 1 0 0
gene 2 1 4 -1.19765 0 1 -1.19765 1
gene 3 2 4 3.45193 0 2 3.45193 1
gene 2 3 4 -2.75158 0 3 -2.75158 1
gene 3 2 11 0.0152813 0 18 0.0152813 1
gene 3 11 4 0.586334 0 19 0.586334 1
gene 3 11 31 -3.80048 0 79 -3.80048 1
gene 3 31 4 1.51781 0 80 1.51781 1
gene 2 3 11 3.14328 0 90 3.14328 1
gene 3 1 31 0.416802 0 234 0.416802 1
gene 3 2 31 -1.47849 0 257 -1.47849 1
genomeend 111

/* Organism #112 Fitness: 8.82042 Error: 1.03008 */
genomestart 112
trait 1 0.502539 0 0 0 0 0 0.158117 0 
trait 2 0.2 0 0 0.535899 0 0 0 0 
trait 3 0.2872 0 0 0.273739 0.0653224 0 0.071963 0 
node 1 3 1 3
node 2 2 1 1
node 3 3 1 1
node 4 3 0 2
node 11 1 0 0
node 31 1 0 0
gene 2 1 4 -0.86818 0 1 -0.86818 1
gene 3 2 4 1.98726 0 2 1.98726 1
gene 2 3 4 -2.61265 0 3 -2.61265 1
gene 3 2 11 2.49345 0 18 2.49345 1
gene 3 11 4 -0.370192 0 19 -0.370192 1
gene 3 11 31 -4.44466 0 79 -4.44466 1
gene 3 31 4 1.85403 0 80 1.85403 1
gene 2 3 11 1.30651 0 90 1.30651 1
gene 3 1 31 -2.90118 0 234 -2.90118 1
gene 3 2 31 0.565351 0 257 0.565351 1
genomeend 112

/* Organism #113 Fitness: 2.9728 Error: 2.27582 */
genomestart 113
trait 1 0.502539 0 0 0 0 0 0.158117 0 
trait 2 0.2 0 0 0.535899 0 0 0 0 
trait 3 0.2872 0 0 0.273739 0.0653224 0 0.071963 0 
node 1 3 1 3
node 2 2 1 1
node 3 3 1 1
node 4 3 0 2
node 11 1 0 0
node 31 1 0 0
gene 2 1 4 0.956196 0 1 0.956196 1
gene 3 2 4 -2.04342 0 2 -2.04342 1
gene 2 3 4 0.601158 0 3 0.601158 1
gene 3 2 11 4.3459 0 18 4.3459 1
gene 3 11 4 0.465563 0 19 0.465563 1
gene 3 11 31 -1.21466 0 79 -1.21466 1
gene 3 31 4 2.68686 0 80 2.68686 1
gene 2 3 11 -0.862196 0 90 -0.862196 1
gene 3 1 31 1.25827 0 234 1.25827 1
gene 3 2 31 -0.219163 0 257 -0.219163 1
genomeend 113

/* Organism #114 Fitness: 8.83917 Error: 1.02693 */
genomestart 114
trait 1 0.502539 0 0 0 0 0 0.158117 0 
trait 2 0.2 0 0 0.535899 0 0 0 0 
trait 3 0.2872 0 0 0.273739 0.0653224 0 0.071963 0 
node 1 3 1 3
node 2 2 1 1
node 3 3 1 1
node 4 3 0 2
node 11 1 0 0
node 31 1 0 0
node 109 1 0 0
gene 2 1 4 -0.86818 0 1 -0.86818 1
gene 3 2 4 1.98726 0 2 1.98726 1
gene 2 3 4 -2.61265 0 3 -2.61265 1
gene 3 2 11 2.49345 0 18 2.49345 1
gene 3 11 4 -0.370192 0 19 -0.370192 1
gene 3 11 31 -4.44466 0 79 -4.44466 1
gene 3 31 4 1.85403 0 80 1.85403 1
gene 2 3 11 1.30651 0 90 1.30651 0
gene 3 1 31 -2.90118 0 234 -2.90118 1
gene 3 2 31 0.565351 0 257 0.565351 1
gene 2 3 109 1 0 360 0 1
gene 2 109 11 1.30651 0 361 0 1
genomeend 114

/* Organism #115 Fitness: 8.82042 Error: 1.03008 */
genomestart 115
trait 1 0.502539 0 0 0 0 0 0.158117 0 
trait 2 0.2 0 0 0.535899 0 0 0 0 
trait 3 0.2872 0 0 0.273739 0.0653224 0 0.071963 0 
node 1 3 1 3
node 2 2 1 1
node 3 3 1 1
node 4 3 0 2
node 11 1 0 0
node 31 1 0 0
gene 2 1 4 -0.86818 0 1 -0.86818 1
gene 3 2 4 1.98726 0 2 1.98726 1
gene 2 3 4 -2.61265 0 3 -2.61265 1
gene 3 2 11 2.49345 0 18 2.49345 1
gene 3 11 4 -0.370192 0 19 -0.370192 1
gene 3 11 31 -4.44466 0 79 -4.44466 1
gene 3 31 4 1.85403 0 80 1.85403 1
gene 2 3 11 1.30651 0 90 1.30651 1
gene 3 1 31 -2.90118 0 234 -2.90118 1
gene 3 2 31 0.565351 0 257 0.565351 1
genomeend 115

/* Species #17 : (Size 9) (AF 7.70025) (Age 7)  */


/* Organism #116 Fitness: 9 Error: 1 */
genomestart 116
trait 1 0.1 0 0 0 0 0 0 0 
trait 2 0.2 0 0 0.553901 0 0 0 0 
trait 3 0.2872 0 0 0 0 0 0.071963 0 
node 1 3 1 3
node 2 1 1 1
node 3 3 1 1
node 4 3 0 2
node 11 1 0 0
node 31 1 0 0
node 86 1 0 0
node 91 1 0 0
gene 2 1 4 -6.53481 0 1 -6.53481 1
gene 3 2 4 6.9342 0 2 6.9342 1
gene 2 3 4 -6.28735 0 3 -6.28735 1
gene 3 2 11 2.43406 0 18 2.43406 1
gene 3 11 4 6.64055 0 19 6.64055 1
gene 3 11 31 -1.4313 0 79 -1.4313 1
gene 3 31 4 -3.04436 0 80 -3.04436 1
gene 2 3 11 -2.68561 0 90 -2.68561 0
gene 1 1 31 1.10361 0 164 1.10361 1
gene 3 2 31 0.339626 0 188 0.339626 0
gene 2 3 86 1 0 272 0 1
gene 2 86 11 -2.68561 0 273 0 1
gene 3 2 91 1 0 293 0 1
gene 3 91 31 0.339626 0 294 0 1
genomeend 116

/* Organism #117 Fitness: 7.79265 Error: 1.20847 */
genomestart 117
trait 1 0.1 0 0 0 0 0 0 0 
trait 2 0.2 0 0 0.553901 0 0 0 0 
trait 3 0.2872 0 0 0 0 0 0.071963 0 
node 1 3 1 3
node 2 1 1 1
node 3 3 1 1
node 4 3 0 2
node 11 1 0 0
node 31 1 0 0
node 86 1 0 0
node 91 1 0 0
gene 2 1 4 -5.08404 0 1 -5.08404 1
gene 3 2 4 7.47507 0 2 7.47507 1
gene 2 3 4 -6.51652 0 3 -6.51652 1
gene 1 2 11 0.0560033 0 18 0.0560033 1
gene 3 11 4 6.64917 0 19 6.64917 1
gene 3 11 31 -1.24292 0 79 -1.24292 1
gene 3 31 4 -3.04436 0 80 -3.04436 1
gene 2 3 11 0.739627 0 90 0.739627 0
gene 1 1 31 1.92476 0 164 1.92476 1
gene 3 2 31 -1.94276 0 188 -1.94276 0
gene 2 3 86 -0.626429 0 272 -0.626429 1
gene 2 86 11 -0.852655 0 273 -0.852655 1
gene 3 2 91 3.12901 0 293 3.12901 1
gene 3 91 31 2.65015 0 294 2.65015 1
genomeend 117

/* Organism #118 Fitness: 8.57665 Error: 1.07141 */
genomestart 118
trait 1 0.1 0 0 0 0 0 0 0 
trait 2 0.2 0 0 0.553901 0 0 0 0 
trait 3 0.2872 0 0 0 0 0 0.071963 0 
node 1 3 1 3
node 2 1 1 1
node 3 3 1 1
node 4 3 0 2
node 11 1 0 0
node 31 1 0 0
node 86 1 0 0
node 91 1 0 0
gene 2 1 4 -4.91097 0 1 -4.91097 1
gene 3 2 4 6.54193 0 2 6.54193 1
gene 2 3 4 -3.87499 0 3 -3.87499 1
gene 3 2 11 0.591291 0 18 0.591291 1
gene 3 11 4 6.71979 0 19 6.71979 1
gene 3 11 31 -3.13536 0 79 -3.13536 1
gene 3 31 4 -1.11112 0 80 -1.11112 1
gene 2 3 11 -3.88219 0 90 -3.88219 1
gene 1 1 31 0.767539 0 164 0.767539 1
gene 3 2 31 1.61762 0 188 1.61762 0
gene 2 3 86 -0.914878 0 272 -0.914878 1
gene 2 86 11 -4.72461 0 273 -4.72461 1
gene 3 2 91 1 0 293 1 1
gene 3 91 31 1.69737 0 294 1.69737 1
genomeend 118

/* Organism #119 Fitness: 8.97909 Error: 1.00349 */
genomestart 119
trait 1 0.1 0 0 0 0 0 0 0 
trait 2 0.2 0 0 0.553901 0 0 0 0 
trait 3 0.2872 0 0 0 0 0 0.071963 0 
node 1 3 1 3
node 2 1 1 1
node 3 3 1 1
node 4 3 0 2
node 11 1 0 0
node 31 1 0 0
node 86 1 0 0
node 91 1 0 0
gene 2 1 4 -8 0 1 -8 1
gene 3 2 4 8 0 2 8 1
gene 2 3 4 -6.23557 0 3 -6.23557 1
gene 3 2 11 4.01425 0 18 4.01425 1
gene 3 11 4 5.08725 0 19 5.08725 1
gene 3 11 31 -3.47179 0 79 -3.47179 1
gene 3 31 4 -1.42862 0 80 -1.42862 1
gene 2 3 11 -2.0467 0 90 -2.0467 0
gene 1 1 31 1.18011 0 164 1.18011 1
gene 3 2 31 -1.99969 0 188 -1.99969 0
gene 2 3 86 1.45062 0 272 1.45062 1
gene 2 86 11 -0.662496 0 273 -0.662496 1
gene 3 2 91 1.07642 0 293 1.07642 1
gene 3 91 31 0.339626 0 294 0.339626 1
genomeend 119

/* Organism #120 Fitness: 4 Error: 2 */
genomestart 120
trait 1 0.1 0 0 0 0 0 0 0 
trait 2 0.2 0 0 0.553901 0 0 0 0 
trait 3 0.2872 0 0 0 0 0 0.071963 0 
node 1 3 1 3
node 2 1 1 1
node 3 3 1 1
node 4 3 0 2
node 11 1 0 0
node 31 1 0 0
node 86 1 0 0
node 91 1 0 0
gene 2 1 4 -1.95507 0 1 -1.95507 1
gene 3 2 4 -1.79439 0 2 -1.79439 1
gene 2 3 4 -4.60186 0 3 -4.60186 1
gene 3 2 11 -1.38086 0 18 -1.38086 1
gene 3 11 4 -1.59678 0 19 -1.59678 1
gene 3 11 31 -2.4644 0 79 -2.4644 1
gene 3 31 4 -0.372519 0 80 -0.372519 1
gene 2 3 11 -1.9118 0 90 -1.9118 0
gene 1 1 31 0.70901 0 164 0.70901 1
gene 3 2 31 0.0546892 0 188 0.0546892 0
gene 2 3 86 0.748224 0 272 0.748224 1
gene 2 86 11 0.283863 0 273 0.283863 1
gene 3 2 91 -0.817647 0 293 -0.817647 1
gene 3 91 31 0.419378 0 294 0.419378 1
genomeend 120

/* Organism #121 Fitness: 9 Error: 1 */
genomestart 121
trait 1 0.1 0 0 0 0 0 0 0 
trait 2 0.2 0 0 0.553901 0 0 0 0 
trait 3 0.2872 0 0 0 0 0 0.071963 0 
node 1 3 1 3
node 2 1 1 1
node 3 3 1 1
node 4 3 0 2
node 11 1 0 0
node 31 1 0 0
node 86 1 0 0
node 91 1 0 0
gene 2 1 4 -6.53481 0 1 -6.53481 1
gene 3 2 4 6.9342 0 2 6.9342 1
gene 2 3 4 -6.28735 0 3 -6.28735 1
gene 3 2 11 2.43406 0 18 2.43406 1
gene 3 11 4 6.64055 0 19 6.64055 1
gene 3 11 31 -1.4313 0 79 -1.4313 1
gene 3 31 4 -3.04436 0 80 -3.04436 1
gene 2 3 11 -2.68561 0 90 -2.68561 0
gene 1 1 31 1.10361 0 164 1.10361 1
gene 3 2 31 0.339626 0 188 0.339626 0
gene 2 3 86 1 0 272 0 1
gene 2 86 11 -2.68561 0 273 0 1
gene 3 2 91 1 0 293 0 1
gene 3 91 31 0.339626 0 294 0 1
gene 2 86 31 0.339819 0 362 0.339819 1
genomeend 121

/* Organism #122 Fitness: 9 Error: 1 */
genomestart 122
trait 1 0.1 0 0 0 0 0 0 0 
trait 2 0.2 0 0 0.553901 0 0 0 0 
trait 3 0.2872 0 0 0 0 0 0.071963 0 
node 1 3 1 3
node 2 1 1 1
node 3 3 1 1
node 4 3 0 2
node 11 1 0 0
node 31 1 0 0
node 86 1 0 0
node 91 1 0 0
gene 2 1 4 -7.35956 0 1 -7.35956 1
gene 3 2 4 5.26278 0 2 5.26278 1
gene 2 3 4 -6.94332 0 3 -6.94332 1
gene 3 2 11 0.438591 0 18 0.438591 1
gene 3 11 4 7.47283 0 19 7.47283 1
gene 3 11 31 -0.816881 0 79 -0.816881 1
gene 3 31 4 -0.862805 0 80 -0.862805 1
gene 2 3 11 -0.219133 0 90 -0.219133 0
gene 1 1 31 0.937801 0 164 0.937801 1
gene 3 2 31 -0.474561 0 188 -0.474561 0
gene 2 3 86 2.70064 0 272 2.70064 1
gene 2 86 11 -0.362171 0 273 -0.362171 1
gene 3 2 91 0.344291 0 293 0.344291 1
gene 3 91 31 0.339626 0 294 0.339626 1
genomeend 122

/* Organism #123 Fitness: 3.95384 Error: 2.01157 */
genomestart 123
trait 1 0.1 0 0 0 0 0 0 0 
trait 2 0.2 0 0 0.553901 0 0 0 0 
trait 3 0.2872 0 0 0 0 0 0.071963 0 
node 1 3 1 3
node 2 1 1 1
node 3 3 1 1
node 4 3 0 2
node 11 1 0 0
node 31 1 0 0
node 86 1 0 0
node 91 1 0 0
gene 2 1 4 -6.97207 0 1 -6.97207 1
gene 3 2 4 7.51668 0 2 7.51668 1
gene 2 3 4 1.0093 0 3 1.0093 1
gene 3 2 11 0.107866 0 18 0.107866 1
gene 3 11 4 8 0 19 8 1
gene 3 11 31 -1.4313 0 79 -1.4313 1
gene 3 31 4 0.82671 0 80 0.82671 1
gene 2 3 11 -3.22042 0 90 -3.22042 1
gene 1 1 31 0.513929 0 164 0.513929 1
gene 3 2 31 0.339626 0 188 0.339626 0
gene 2 3 86 2.28184 0 272 2.28184 1
gene 2 86 11 -3.29445 0 273 -3.29445 1
gene 3 2 91 1.00908 0 293 1.00908 1
gene 3 91 31 -0.576901 0 294 -0.576901 1
genomeend 123

/* Organism #124 Fitness: 9 Error: 1 */
genomestart 124
trait 1 0.1 0 0 0 0 0 0 0 
trait 2 0.2 0 0 0.553901 0 0 0 0 
trait 3 0.2872 0 0 0 0 0 0.071963 0 
node 1 3 1 3
node 2 1 1 1
node 3 3 1 1
node 4 3 0 2
node 11 1 0 0
node 31 1 0 0
node 86 1 0 0
node 91 1 0 0
gene 2 1 4 -6.53481 0 1 -6.53481 1
gene 3 2 4 6.9342 0 2 6.9342 1
gene 2 3 4 -6.28735 0 3 -6.28735 1
gene 3 2 11 2.43406 0 18 2.43406 1
gene 3 11 4 6.64055 0 19 6.64055 1
gene 3 11 31 -1.4313 0 79 -1.4313 1
gene 3 31 4 -3.04436 0 80 -3.04436 1
gene 2 3 11 -2.68561 0 90 -2.68561 1
gene 1 1 31 1.10361 0 164 1.10361 1
gene 3 2 31 0.339626 0 188 0.339626 0
gene 2 3 86 1 0 272 0 1
gene 2 86 11 -2.68561 0 273 0 1
gene 3 2 91 1 0 293 0 1
gene 3 91 31 0.339626 0 294 0 1
gene 1 11 91 -0.606262 0 363 -0.606262 1
genomeend 124

/* Species #19 : (Size 9) (AF 6.41413) (Age 6)  */


/* Organism #125 Fitness: 9.35439 Error: 0.941505 */
genomestart 125
trait 1 0.158171 0.170685 0 0.112145 0.206606 0 0 0 
trait 2 0.2 0 0 0 0 0 0 0 
trait 3 0.3 0 0 0 0 0 0 0 
node 1 1 1 3
node 2 2 1 1
node 3 3 1 1
node 4 1 0 2
node 8 1 0 0
node 15 1 0 0
node 69 1 0 0
node 95 1 0 0
gene 2 1 4 4.26229 0 1 4.26229 1
gene 2 2 4 2.58589 0 2 2.58589 1
gene 1 3 4 -0.149379 0 3 -0.149379 1
gene 2 2 8 5.08233 0 10 5.08233 1
gene 2 8 4 -6.3038 0 11 -6.3038 1
gene 1 3 8 -3.1943 0 23 -3.1943 1
gene 1 3 15 -4.64473 0 29 -4.64473 1
gene 1 15 4 -3.06226 0 30 -3.06226 0
gene 3 1 8 2.8653 0 75 2.8653 1
gene 1 3 69 1.35857 0 200 1.35857 1
gene 1 69 8 -2.27016 0 201 -2.27016 1
gene 1 69 15 -1.25798 0 297 -1.25798 1
gene 1 15 95 2.55647 0 306 2.55647 1
gene 1 95 4 1.30273 0 307 1.30273 1
gene 3 1 15 -2.45102 0 313 -2.45102 1
gene 2 8 95 -0.986306 0 324 -0.986306 1
genomeend 125

/* Organism #126 Fitness: 4.0137 Error: 1.99658 */
genomestart 126
trait 1 0.158171 0.170685 0 0.112145 0.206606 0 0 0 
trait 2 0.2 0 0 0 0 0 0 0 
trait 3 0.3 0 0 0 0 0 0 0 
node 1 1 1 3
node 2 2 1 1
node 3 3 1 1
node 4 1 0 2
node 8 1 0 0
node 15 1 0 0
node 69 1 0 0
node 95 1 0 0
gene 2 1 4 4.26229 0 1 4.26229 1
gene 2 2 4 2.58589 0 2 2.58589 1
gene 1 3 4 -2.38458 0 3 -2.38458 1
gene 2 2 8 5.33971 0 10 5.33971 1
gene 2 8 4 -8 0 11 -8 1
gene 1 3 8 -2.00774 0 23 -2.00774 1
gene 1 3 15 -4.64473 0 29 -4.64473 1
gene 1 15 4 2.47849 0 30 2.47849 0
gene 3 1 8 4.35689 0 75 4.35689 1
gene 1 3 69 1.35857 0 200 1.35857 1
gene 1 69 8 -2.27016 0 201 -2.27016 1
gene 1 69 15 -2.49381 0 297 -2.49381 1
gene 1 15 95 0.891434 0 306 0.891434 1
gene 1 95 4 -0.746479 0 307 -0.746479 1
gene 3 1 15 2.17656 0 313 2.17656 1
gene 2 8 95 -2.35154 0 324 -2.35154 1
genomeend 126

/* Organism #127 Fitness: 3.99863 Error: 2.00034 */
genomestart 127
trait 1 0.158171 0.170685 0 0.112145 0.206606 0 0 0 
trait 2 0.2 0 0 0 0 0 0 0 
trait 3 0.3 0 0 0 0 0 0 0 
node 1 1 1 3
node 2 2 1 1
node 3 3 1 1
node 4 1 0 2
node 8 1 0 0
node 15 1 0 0
node 69 1 0 0
node 95 1 0 0
gene 2 1 4 6.39017 0 1 6.39017 1
gene 2 2 4 4.75145 0 2 4.75145 1
gene 1 3 4 -0.557617 0 3 -0.557617 1
gene 2 2 8 4.56146 0 10 4.56146 1
gene 2 8 4 -8 0 11 -8 1
gene 1 3 8 -1.33751 0 23 -1.33751 1
gene 1 3 15 -3.75012 0 29 -3.75012 1
gene 1 15 4 -1.58682 0 30 -1.58682 0
gene 3 1 8 3.83783 0 75 3.83783 1
gene 1 3 69 -1.13942 0 200 -1.13942 1
gene 1 69 8 -4.41531 0 201 -4.41531 1
gene 1 69 15 -2.1628 0 297 -2.1628 1
gene 1 15 95 2.0187 0 306 2.0187 1
gene 1 95 4 2.39457 0 307 2.39457 1
gene 3 1 15 -0.221762 0 313 -0.221762 1
gene 2 8 95 -1.53342 0 324 -1.53342 1
genomeend 127

/* Organism #128 Fitness: 4 Error: 2 */
genomestart 128
trait 1 0.158171 0.170685 0 0.112145 0.206606 0 0 0 
trait 2 0.2 0 0 0 0 0 0 0 
trait 3 0.3 0 0 0 0 0 0 0 
node 1 1 1 3
node 2 2 1 1
node 3 3 1 1
node 4 1 0 2
node 8 1 0 0
node 15 1 0 0
node 69 1 0 0
node 95 1 0 0
gene 2 1 4 1.94541 0 1 1.94541 1
gene 2 2 4 0.0312918 0 2 0.0312918 1
gene 1 3 4 -2.14959 0 3 -2.14959 1
gene 2 2 8 2.30667 0 10 2.30667 1
gene 2 8 4 -7.32056 0 11 -7.32056 1
gene 1 3 8 -2.12585 0 23 -2.12585 1
gene 1 3 15 -3.76318 0 29 -3.76318 1
gene 1 15 4 -3.52053 0 30 -3.52053 0
gene 3 1 8 3.03169 0 75 3.03169 1
gene 1 3 69 3.60358 0 200 3.60358 1
gene 1 69 8 -0.953854 0 201 -0.953854 1
gene 1 69 15 -2.00768 0 297 -2.00768 1
gene 1 15 95 2.53674 0 306 2.53674 1
gene 1 95 4 0.192924 0 307 0.192924 1
gene 3 1 15 -1.35521 0 313 -1.35521 1
gene 2 8 95 -2.20353 0 324 -2.20353 1
genomeend 128

/* Organism #129 Fitness: 4.00004 Error: 1.99999 */
genomestart 129
trait 1 0.158171 0.170685 0 0.112145 0.206606 0 0 0 
trait 2 0.2 0 0 0 0 0 0 0 
trait 3 0.3 0 0 0 0 0 0 0 
node 1 1 1 3
node 2 2 1 1
node 3 3 1 1
node 4 1 0 2
node 8 1 0 0
node 15 1 0 0
node 69 1 0 0
node 95 1 0 0
gene 2 1 4 2.68414 0 1 2.68414 1
gene 2 2 4 0.113564 0 2 0.113564 1
gene 1 3 4 -3.62206 0 3 -3.62206 1
gene 2 2 8 5.37012 0 10 5.37012 1
gene 2 8 4 -7.08584 0 11 -7.08584 1
gene 1 3 8 -4.10711 0 23 -4.10711 1
gene 1 3 15 -3.73239 0 29 -3.73239 1
gene 1 15 4 -0.763177 0 30 -0.763177 0
gene 3 1 8 4.21171 0 75 4.21171 1
gene 1 3 69 -0.0976762 0 200 -0.0976762 1
gene 1 69 8 -2.42837 0 201 -2.42837 1
gene 1 69 15 -0.119659 0 297 -0.119659 1
gene 1 15 95 2.73707 0 306 2.73707 1
gene 1 95 4 -2.67342 0 307 -2.67342 1
gene 3 1 15 0.988571 0 313 0.988571 1
gene 2 8 95 -1.06653 0 324 -1.06653 1
genomeend 129

/* Organism #130 Fitness: 2.75767 Error: 2.33938 */
genomestart 130
trait 1 0.158171 0.170685 0 0.112145 0.206606 0 0 0 
trait 2 0.2 0 0 0 0 0 0 0 
trait 3 0.3 0 0 0 0 0 0 0 
node 1 1 1 3
node 2 2 1 1
node 3 3 1 1
node 4 1 0 2
node 8 1 0 0
node 15 1 0 0
node 69 1 0 0
node 95 1 0 0
gene 2 1 4 2.70994 0 1 2.70994 1
gene 2 2 4 2.31687 0 2 2.31687 1
gene 1 3 4 -4.31416 0 3 -4.31416 1
gene 2 2 8 1.15573 0 10 1.15573 1
gene 2 8 4 -3.87074 0 11 -3.87074 1
gene 1 3 8 -3.16697 0 23 -3.16697 1
gene 1 3 15 -0.0393469 0 29 -0.0393469 1
gene 1 15 4 1.19943 0 30 1.19943 0
gene 3 1 8 3.71339 0 75 3.71339 1
gene 1 3 69 1.93553 0 200 1.93553 1
gene 1 69 8 -4.03696 0 201 -4.03696 1
gene 1 69 15 0.764005 0 297 0.764005 1
gene 1 15 95 2.55647 0 306 2.55647 1
gene 1 95 4 1.67702 0 307 1.67702 1
gene 3 1 15 -0.615569 0 313 -0.615569 1
gene 2 8 95 2.45016 0 324 2.45016 1
genomeend 130

/* Organism #131 Fitness: 4.66842 Error: 1.83935 */
genomestart 131
trait 1 0.158171 0.170685 0 0.112145 0.206606 0 0 0 
trait 2 0.2 0 0 0 0 0 0 0 
trait 3 0.3 0 0 0 0 0 0 0 
node 1 1 1 3
node 2 2 1 1
node 3 3 1 1
node 4 1 0 2
node 8 1 0 0
node 15 1 0 0
node 69 1 0 0
node 95 1 0 0
gene 2 1 4 1.54364 0 1 1.54364 1
gene 2 2 4 3.63781 0 2 3.63781 1
gene 1 3 4 -3.83474 0 3 -3.83474 1
gene 2 2 8 3.61044 0 10 3.61044 1
gene 2 8 4 -5.51722 0 11 -5.51722 1
gene 1 3 8 -0.536987 0 23 -0.536987 1
gene 1 3 15 -4.3875 0 29 -4.3875 1
gene 1 15 4 -2.48548 0 30 -2.48548 0
gene 3 1 8 3.36776 0 75 3.36776 1
gene 1 3 69 5.72728 0 200 5.72728 1
gene 1 69 8 -2.29723 0 201 -2.29723 1
gene 1 69 15 1.51036 0 297 1.51036 1
gene 1 15 95 -1.38582 0 306 -1.38582 1
gene 1 95 4 -2.36093 0 307 -2.36093 1
gene 3 1 15 0.435147 0 313 0.435147 1
gene 2 8 95 -1.74984 0 324 -1.74984 1
gene 2 2 95 -1.40742 0 349 -1.40742 1
genomeend 131

/* Organism #132 Fitness: 15.7494 Error: 0.0314524 */
/* ##------$ WINNER 132 SPECIES #19 $------## */
genomestart 132
trait 1 0.158171 0.170685 0 0.112145 0.206606 0 0 0 
trait 2 0.2 0 0 0 0 0 0 0 
trait 3 0.3 0 0 0 0 0 0 0 
node 1 1 1 3
node 2 2 1 1
node 3 3 1 1
node 4 1 0 2
node 8 1 0 0
node 15 1 0 0
node 69 1 0 0
node 95 1 0 0
gene 2 1 4 3.56878 0 1 3.56878 1
gene 2 2 4 2.58589 0 2 2.58589 1
gene 1 3 4 -2.27653 0 3 -2.27653 1
gene 2 2 8 5.08233 0 10 5.08233 1
gene 2 8 4 -5.28359 0 11 -5.28359 1
gene 1 3 8 -3.1943 0 23 -3.1943 1
gene 1 3 15 -2.637 0 29 -2.637 1
gene 1 15 4 -3.06226 0 30 -3.06226 0
gene 3 1 8 2.70386 0 75 2.70386 1
gene 1 3 69 3.40432 0 200 3.40432 1
gene 1 69 8 -1.80558 0 201 -1.80558 1
gene 1 69 15 -1.25798 0 297 -1.25798 1
gene 1 15 95 2.55647 0 306 2.55647 1
gene 1 95 4 -0.916878 0 307 0 1
gene 3 1 15 -0.259405 0 313 0 1
gene 2 8 95 -0.986306 0 324 -0.986306 1
genomeend 132

/* Organism #133 Fitness: 9.18493 Error: 0.969335 */
genomestart 133
trait 1 0.158171 0.170685 0 0.112145 0.206606 0 0 0 
trait 2 0.2 0 0 0 0 0 0 0 
trait 3 0.3 0 0 0 0 0 0 0 
node 1 1 1 3
node 2 2 1 1
node 3 3 1 1
node 4 1 0 2
node 8 1 0 0
node 15 1 0 0
node 69 1 0 0
node 95 1 0 0
gene 2 1 4 3.56878 0 1 3.56878 1
gene 2 2 4 1.64265 0 2 1.64265 1
gene 1 3 4 -2.27653 0 3 -2.27653 1
gene 2 2 8 3.2159 0 10 3.2159 1
gene 2 8 4 -5.28359 0 11 -5.28359 1
gene 1 3 8 -2.53117 0 23 -2.53117 1
gene 1 3 15 -2.637 0 29 -2.637 1
gene 1 15 4 -0.916878 0 30 -0.916878 0
gene 3 1 8 2.70386 0 75 2.70386 1
gene 1 3 69 3.40432 0 200 3.40432 1
gene 1 69 8 -1.80558 0 201 -1.80558 1
gene 1 69 15 0.517281 0 297 0.517281 1
gene 1 15 95 1 0 306 0 1
gene 1 95 4 -0.916878 0 307 0 1
gene 3 1 15 -0.259405 0 313 0 1
gene 2 8 95 0.480291 0 324 0.480291 1
gene 2 2 95 -0.907365 0 349 -0.907365 1
genomeend 133

/* Species #21 : (Size 5) (AF 5.27476) (Age 4)  */


/* Organism #134 Fitness: 4.42861 Error: 1.89557 */
genomestart 134
trait 1 0.1 0 0 0 0 0 0 0 
trait 2 0.2 0 0 0 0 0 0 0 
trait 3 0.2872 0 0 0 0 0 0.071963 0 
node 1 3 1 3
node 2 1 1 1
node 3 3 1 1
node 4 3 0 2
node 11 1 0 0
node 64 2 0 0
gene 2 1 4 2.42058 0 1 2.42058 1
gene 3 2 4 -0.719565 0 2 -0.719565 0
gene 3 3 4 -1.99617 0 3 -1.99617 1
gene 3 2 11 -6.31632 0 18 -6.31632 1
gene 3 11 4 2.50143 0 19 2.50143 1
gene 1 1 11 0.487851 0 106 0.487851 1
gene 3 3 11 -3.51141 0 158 -3.51141 0
gene 3 3 64 0.932705 0 180 0.932705 1
gene 3 64 11 1.12137 0 181 1.12137 1
gene 3 64 4 -2.96698 0 277 -2.96698 1
gene 2 1 64 -0.765583 0 283 -0.765583 1
gene 1 2 64 -1.20968 0 295 -1.20968 1
genomeend 134

/* Organism #135 Fitness: 4.78138 Error: 1.81336 */
genomestart 135
trait 1 0.1 0 0 0 0 0 0 0 
trait 2 0.2 0 0 0 0 0 0 0 
trait 3 0.2872 0 0 0 0 0 0.071963 0 
node 1 3 1 3
node 2 1 1 1
node 3 3 1 1
node 4 3 0 2
node 11 1 0 0
node 64 2 0 0
gene 2 1 4 2.11577 0 1 2.11577 1
gene 3 2 4 -1.50681 0 2 -1.50681 0
gene 3 3 4 -5.12481 0 3 -5.12481 1
gene 3 2 11 -5.26287 0 18 -5.26287 1
gene 3 11 4 -1.82048 0 19 -1.82048 1
gene 1 1 11 4.15745 0 106 4.15745 1
gene 3 3 11 -3.11234 0 158 -3.11234 0
gene 3 3 64 -0.330951 0 180 -0.330951 1
gene 3 64 11 5.4966 0 181 5.4966 1
gene 3 64 4 1.69538 0 277 1.69538 1
gene 2 1 64 -1.24925 0 283 -1.24925 1
gene 1 2 64 -2.65028 0 295 -2.65028 1
genomeend 135

/* Organism #136 Fitness: 8.98911 Error: 1.00182 */
genomestart 136
trait 1 0.1 0 0 0 0 0 0 0 
trait 2 0.2 0 0 0 0 0 0 0 
trait 3 0.2872 0 0 0 0 0 0.071963 0 
node 1 3 1 3
node 2 1 1 1
node 3 3 1 1
node 4 3 0 2
node 11 1 0 0
node 64 2 0 0
gene 2 1 4 5.93296 0 1 5.93296 1
gene 3 2 4 -2.93209 0 2 -2.93209 1
gene 3 3 4 -5.32131 0 3 -5.32131 1
gene 3 2 11 -3.66431 0 18 -3.66431 1
gene 3 11 4 1.64724 0 19 1.64724 1
gene 1 1 11 -0.0761676 0 106 -0.0761676 1
gene 3 3 11 -3.1527 0 158 -3.1527 0
gene 3 3 64 -0.791358 0 180 -0.791358 1
gene 3 64 11 1.8988 0 181 1.8988 1
gene 3 64 4 -1.64856 0 277 -1.64856 1
gene 2 1 64 -2.97273 0 283 -2.97273 1
gene 1 2 64 -3.35654 0 295 -3.35654 1
genomeend 136

/* Organism #137 Fitness: 4.17471 Error: 1.95679 */
genomestart 137
trait 1 0.1 0 0 0 0 0 0 0 
trait 2 0.2 0 0 0 0 0 0 0 
trait 3 0.2872 0 0 0 0 0 0.071963 0 
node 1 3 1 3
node 2 1 1 1
node 3 3 1 1
node 4 3 0 2
node 11 1 0 0
node 64 2 0 0
gene 2 1 4 2.55446 0 1 2.55446 1
gene 3 2 4 -1.51449 0 2 -1.51449 0
gene 3 3 4 -4.56817 0 3 -4.56817 1
gene 3 2 11 -4.27495 0 18 -4.27495 1
gene 3 11 4 1.38496 0 19 1.38496 1
gene 1 1 11 3.30143 0 106 3.30143 1
gene 3 3 11 -3.11234 0 158 -3.11234 0
gene 3 3 64 -2.51409 0 180 -2.51409 1
gene 3 64 11 4.2837 0 181 4.2837 1
gene 3 64 4 -1.58646 0 277 -1.58646 1
gene 2 1 64 -0.640702 0 283 -0.640702 1
gene 1 2 64 -1.15787 0 295 -1.15787 1
genomeend 137

/* Organism #138 Fitness: 4 Error: 2 */
genomestart 138
trait 1 0.1 0 0 0 0 0 0 0 
trait 2 0.2 0 0 0 0 0 0 0 
trait 3 0.2872 0 0 0 0 0 0.071963 0 
node 1 3 1 3
node 2 1 1 1
node 3 3 1 1
node 4 3 0 2
node 11 1 0 0
node 64 2 0 0
gene 2 1 4 5.02376 0 1 5.02376 1
gene 3 2 4 -0.330325 0 2 -0.330325 0
gene 3 3 4 -2.09454 0 3 -2.09454 1
gene 3 2 11 -2.65314 0 18 -2.65314 1
gene 3 11 4 0.0161985 0 19 0.0161985 1
gene 1 1 11 -0.870388 0 106 -0.870388 1
gene 3 3 11 -0.413064 0 158 -0.413064 0
gene 3 3 64 1.22005 0 180 1.22005 1
gene 3 64 11 -0.298966 0 181 -0.298966 1
gene 3 64 4 -3.11041 0 277 -3.11041 1
gene 2 1 64 -2.29792 0 283 -2.29792 1
gene 1 2 64 -3.35654 0 295 -3.35654 1
genomeend 138

/* Species #23 : (Size 6) (AF 7.74706) (Age 4)  */


/* Organism #139 Fitness: 9.19415 Error: 0.967815 */
genomestart 139
trait 1 0.157262 0.168018 0 0.110707 0.203378 0.000551451 0 0.000723486 
trait 2 0.2 0 0 0 0 0 0 0 
trait 3 0.3 0 0 0 0 0 0 0 
node 1 1 1 3
node 2 2 1 1
node 3 3 1 1
node 4 1 0 2
node 8 1 0 0
node 15 1 0 0
node 69 1 0 0
gene 2 1 4 3.56878 0 1 3.56878 1
gene 2 2 4 1.64265 0 2 1.64265 1
gene 1 3 4 -2.27653 0 3 -2.27653 1
gene 2 2 8 3.2159 0 10 3.2159 1
gene 2 8 4 -5.28359 0 11 -5.28359 1
gene 1 3 8 -2.53117 0 23 -2.53117 1
gene 1 3 15 -2.637 0 29 -2.637 1
gene 1 15 4 -0.916878 0 30 -0.916878 1
gene 1 1 8 2.70386 0 75 2.70386 1
gene 1 3 69 3.40432 0 200 3.40432 1
gene 1 69 8 -1.80558 0 201 -1.80558 1
gene 1 69 15 0.517281 0 297 0.517281 1
gene 3 8 15 0.907737 0 316 0.907737 1
gene 3 69 4 0.506014 0 323 0.506014 1
gene 2 2 15 -0.571935 0 344 -0.571935 1
genomeend 139

/* Organism #140 Fitness: 4.68575 Error: 1.83534 */
genomestart 140
trait 1 0.157262 0.168018 0 0.110707 0.203378 0.000551451 0 0.000723486 
trait 2 0.2 0 0 0 0 0 0 0 
trait 3 0.3 0 0 0 0 0 0 0 
node 1 1 1 3
node 2 2 1 1
node 3 3 1 1
node 4 1 0 2
node 8 1 0 0
node 15 1 0 0
node 69 1 0 0
gene 2 1 4 4.10227 0 1 4.10227 1
gene 2 2 4 0.130629 0 2 0.130629 1
gene 1 3 4 -0.767679 0 3 -0.767679 1
gene 2 2 8 0.699286 0 10 0.699286 1
gene 2 8 4 -4.18051 0 11 -4.18051 1
gene 1 3 8 -2.53117 0 23 -2.53117 1
gene 1 3 15 -2.55323 0 29 -2.55323 1
gene 1 15 4 -0.111092 0 30 -0.111092 1
gene 1 1 8 3.17417 0 75 3.17417 1
gene 1 3 69 5.43867 0 200 5.43867 1
gene 1 69 8 -1.57115 0 201 -1.57115 1
gene 1 69 15 1.70886 0 297 1.70886 1
gene 3 8 15 -0.200928 0 316 -0.200928 1
gene 3 69 4 0.506014 0 323 0.506014 1
gene 2 2 15 -0.414567 0 344 -0.414567 1
genomeend 140

/* Organism #141 Fitness: 4 Error: 2 */
genomestart 141
trait 1 0.157262 0.168018 0 0.110707 0.203378 0.000551451 0 0.000723486 
trait 2 0.2 0 0 0 0 0 0 0 
trait 3 0.3 0 0 0 0 0 0 0 
node 1 1 1 3
node 2 2 1 1
node 3 3 1 1
node 4 1 0 2
node 8 1 0 0
node 15 1 0 0
node 69 2 0 0
node 104 1 0 0
gene 2 1 4 3.56878 0 1 3.56878 1
gene 2 2 4 2.94394 0 2 2.94394 0
gene 1 3 4 -2.90497 0 3 -2.90497 1
gene 2 2 8 5.20585 0 10 5.20585 1
gene 2 8 4 -1.08589 0 11 -1.08589 1
gene 1 3 8 -2.53117 0 23 -2.53117 1
gene 1 3 15 -2.3674 0 29 -2.3674 1
gene 1 15 4 -0.916878 0 30 -0.916878 1
gene 1 1 8 2.19259 0 75 2.19259 1
gene 1 3 69 5.64001 0 200 5.64001 1
gene 1 69 8 -1.70837 0 201 -1.70837 1
gene 1 69 15 0.517281 0 297 0.517281 1
gene 3 8 15 1.92219 0 316 1.92219 1
gene 3 69 4 1.77749 0 323 1.77749 1
gene 2 2 15 0.545146 0 344 0.545146 1
gene 2 2 104 1.67504 0 345 1.67504 1
gene 2 104 4 2.36895 0 346 2.36895 1
genomeend 141

/* Organism #142 Fitness: 9.00376 Error: 0.999373 */
genomestart 142
trait 1 0.157262 0.168018 0 0.110707 0.203378 0.000551451 0 0.000723486 
trait 2 0.2 0 0 0 0 0 0 0 
trait 3 0.3 0 0 0 0 0 0 0 
node 1 1 1 3
node 2 2 1 1
node 3 3 1 1
node 4 1 0 2
node 8 1 0 0
node 15 1 0 0
node 69 1 0 0
gene 2 1 4 4.02137 0 1 4.02137 1
gene 2 2 4 0.388783 0 2 0.388783 1
gene 1 3 4 -2.06799 0 3 -2.06799 1
gene 2 2 8 3.36301 0 10 3.36301 1
gene 2 8 4 -6.47363 0 11 -6.47363 1
gene 1 3 8 -3.20405 0 23 -3.20405 1
gene 1 3 15 -5.06755 0 29 -5.06755 1
gene 2 15 4 0.0383109 0 30 0.0383109 1
gene 1 1 8 1.39047 0 75 1.39047 1
gene 1 3 69 3.66123 0 200 3.66123 1
gene 1 69 8 0.103535 0 201 0.103535 1
gene 1 69 15 -0.207337 0 297 -0.207337 1
gene 3 8 15 0.943018 0 316 0.943018 1
gene 3 69 4 1.21417 0 323 1.21417 1
gene 2 2 15 -1.97427 0 344 -1.97427 1
genomeend 142

/* Organism #143 Fitness: 10.4046 Error: 0.774389 */
genomestart 143
trait 1 0.157262 0.168018 0 0.110707 0.203378 0.000551451 0 0.000723486 
trait 2 0.2 0 0 0 0 0 0 0 
trait 3 0.3 0 0 0 0 0 0 0 
node 1 1 1 3
node 2 2 1 1
node 3 3 1 1
node 4 1 0 2
node 8 1 0 0
node 15 1 0 0
node 69 1 0 0
node 104 1 0 0
gene 2 1 4 3.12762 0 1 3.12762 1
gene 2 2 4 1.1492 0 2 1.1492 0
gene 1 3 4 -2.33049 0 3 -2.33049 1
gene 2 2 8 4.24776 0 10 4.24776 1
gene 2 8 4 -5.59134 0 11 -5.59134 1
gene 1 3 8 -4.12031 0 23 -4.12031 1
gene 1 3 15 -3.32318 0 29 -3.32318 1
gene 1 15 4 1.09431 0 30 1.09431 1
gene 1 1 8 4.07465 0 75 4.07465 1
gene 1 3 69 4.40554 0 200 4.40554 1
gene 1 69 8 -1.72648 0 201 -1.72648 1
gene 1 69 15 1.89999 0 297 1.89999 1
gene 3 8 15 2.272 0 316 2.272 1
gene 3 69 4 0.22796 0 323 0.22796 1
gene 2 2 15 -1.53617 0 344 -1.53617 1
gene 2 2 104 0.593586 0 345 0.593586 1
gene 2 104 4 3.01025 0 346 3.01025 1
genomeend 143

/* Organism #144 Fitness: 9.19415 Error: 0.967815 */
genomestart 144
trait 1 0.157262 0.168018 0 0.110707 0.203378 0.000551451 0 0.000723486 
trait 2 0.723459 0 0 0 0 0.547581 0 0.291653 
trait 3 0.3 0 0 0 0 0 0 0 
node 1 1 1 3
node 2 2 1 1
node 3 3 1 1
node 4 1 0 2
node 8 1 0 0
node 15 1 0 0
node 69 1 0 0
gene 2 1 4 3.56878 0 1 3.56878 1
gene 2 2 4 1.64265 0 2 1.64265 1
gene 1 3 4 -2.27653 0 3 -2.27653 1
gene 2 2 8 3.2159 0 10 3.2159 1
gene 2 8 4 -5.28359 0 11 -5.28359 1
gene 1 3 8 -2.53117 0 23 -2.53117 1
gene 1 3 15 -2.637 0 29 -2.637 1
gene 1 15 4 -0.916878 0 30 -0.916878 1
gene 1 1 8 2.70386 0 75 2.70386 1
gene 1 3 69 3.40432 0 200 3.40432 1
gene 1 69 8 -1.80558 0 201 -1.80558 1
gene 1 69 15 0.517281 0 297 0.517281 1
gene 3 8 15 0.907737 0 316 0.907737 1
gene 3 69 4 0.506014 0 323 0.506014 1
gene 2 2 15 -0.571935 0 344 -0.571935 1
genomeend 144

/* Species #24 : (Size 5) (AF 4.18404) (Age 3)  */


/* Organism #145 Fitness: 3.98488 Error: 2.00378 */
genomestart 145
trait 1 0.158171 0.0853426 0 0.112145 0.206606 0 0 0 
trait 2 0.2 0 0 0 0 0 0 0 
trait 3 0.3 0 0 0 0 0 0 0 
node 1 1 1 3
node 2 2 1 1
node 3 3 1 1
node 4 1 0 2
node 8 1 0 0
node 15 3 0 0
node 69 1 0 0
node 95 1 0 0
node 102 1 0 0
gene 2 1 4 5.63635 0 1 5.63635 1
gene 2 2 4 1.04409 0 2 1.04409 1
gene 1 3 4 -1.60176 0 3 -1.60176 1
gene 2 2 8 5.12717 0 10 5.12717 1
gene 2 8 4 -7.13773 0 11 -7.13773 1
gene 1 3 8 -0.43783 0 23 -0.43783 1
gene 1 3 15 -5.0202 0 29 -5.0202 1
gene 3 15 4 1.14381 0 30 1.14381 1
gene 1 1 8 -0.0657391 0 75 -0.0657391 1
gene 1 3 69 2.61844 0 200 2.61844 1
gene 1 69 8 -0.212201 0 201 -0.212201 1
gene 1 69 15 0.12291 0 297 0.12291 1
gene 1 15 95 -2.82053 0 306 -2.82053 1
gene 1 95 4 -2.95841 0 307 -2.95841 0
gene 3 1 15 -0.259405 0 313 -0.259405 1
gene 1 95 102 1.77822 0 337 1.77822 1
gene 1 102 4 -2.74864 0 338 -2.74864 1
genomeend 145

/* Organism #146 Fitness: 3.42817 Error: 2.14847 */
genomestart 146
trait 1 0.158171 0.170685 0 0.191985 0.603303 0.453546 0.0214751 0 
trait 2 0.2 0 0 0 0 0 0 0 
trait 3 0.3 0 0 0 0 0 0 0 
node 1 1 1 3
node 2 2 1 1
node 3 3 1 1
node 4 1 0 2
node 8 1 0 0
node 15 1 0 0
node 69 1 0 0
node 95 1 0 0
node 102 1 0 0
gene 2 1 4 1.23142 0 1 1.23142 1
gene 2 2 4 0.871062 0 2 0.871062 1
gene 1 3 4 -0.883228 0 3 -0.883228 1
gene 2 2 8 5.53319 0 10 5.53319 1
gene 2 8 4 0.411453 0 11 0.411453 1
gene 1 3 8 -5.13094 0 23 -5.13094 1
gene 1 3 15 -0.94005 0 29 -0.94005 1
gene 1 15 4 -0.110174 0 30 -0.110174 0
gene 1 1 8 1.13166 0 75 1.13166 1
gene 1 3 69 1.74804 0 200 1.74804 1
gene 1 69 8 0.503373 0 201 0.503373 1
gene 1 69 15 -0.24605 0 297 -0.24605 1
gene 1 15 95 1.23212 0 306 1.23212 1
gene 1 95 4 -1.77592 0 307 -1.77592 0
gene 3 1 15 0.55776 0 313 0.55776 1
gene 1 95 102 -1.33555 0 337 -1.33555 1
gene 1 102 4 0.233141 0 338 0.233141 1
genomeend 146

/* Organism #147 Fitness: 6.6413 Error: 1.42293 */
genomestart 147
trait 1 0.158171 0 0 0.112145 0.206606 0 0 0 
trait 2 0.2 0 0 0 0 0 0 0 
trait 3 0.3 0 0 0 0 0 0 0 
node 1 1 1 3
node 2 2 1 1
node 3 3 1 1
node 4 1 0 2
node 8 1 0 0
node 15 3 0 0
node 69 1 0 0
node 95 1 0 0
node 102 1 0 0
gene 2 1 4 2.78975 0 1 2.78975 1
gene 2 2 4 1.12015 0 2 1.12015 1
gene 1 3 4 -2.2174 0 3 -2.2174 1
gene 2 2 8 6.95196 0 10 6.95196 1
gene 2 8 4 -4.57431 0 11 -4.57431 1
gene 1 3 8 -0.826397 0 23 -0.826397 1
gene 1 3 15 -4.97395 0 29 -4.97395 1
gene 3 15 4 1.67113 0 30 1.67113 0
gene 1 1 8 4.09974 0 75 4.09974 1
gene 1 3 69 2.07424 0 200 2.07424 1
gene 1 69 8 2.24595 0 201 2.24595 1
gene 1 69 15 1.55546 0 297 1.55546 1
gene 1 15 95 0.831246 0 306 0.831246 1
gene 1 95 4 -0.49431 0 307 -0.49431 0
gene 3 1 15 -0.259405 0 313 -0.259405 1
gene 1 95 102 1.65347 0 337 1.65347 1
gene 1 102 4 0.732449 0 338 0.732449 1
genomeend 147

/* Organism #148 Fitness: 2.87561 Error: 2.30424 */
genomestart 148
trait 1 0.158171 0.0853426 0 0.191985 0.603303 0.453546 0.0214751 0 
trait 2 0.2 0 0 0 0.704392 0 0 0.5262 
trait 3 0.3 0 0 0 0 0 0 0 
node 1 1 1 3
node 2 2 1 1
node 3 3 1 1
node 4 1 0 2
node 8 1 0 0
node 15 1 0 0
node 69 1 0 0
node 95 1 0 0
node 102 1 0 0
gene 2 1 4 3.71193 0 1 3.71193 1
gene 2 2 4 1.31027 0 2 1.31027 1
gene 1 3 4 1.68546 0 3 1.68546 1
gene 2 2 8 2.4564 0 10 2.4564 1
gene 2 8 4 -4.89453 0 11 -4.89453 1
gene 1 3 8 -0.87144 0 23 -0.87144 1
gene 1 3 15 -3.95515 0 29 -3.95515 1
gene 1 15 4 -0.965127 0 30 -0.965127 0
gene 1 1 8 2.14511 0 75 2.14511 1
gene 1 3 69 4.65033 0 200 4.65033 1
gene 1 69 8 0.0942582 0 201 0.0942582 1
gene 1 69 15 0.180937 0 297 0.180937 1
gene 1 15 95 -1.10372 0 306 -1.10372 1
gene 1 95 4 1.25808 0 307 1.25808 0
gene 3 1 15 -0.259405 0 313 -0.259405 1
gene 1 95 102 -0.833026 0 337 -0.833026 1
gene 1 102 4 -3.084 0 338 -3.084 1
genomeend 148

/* Organism #149 Fitness: 3.99026 Error: 2.00244 */
genomestart 149
trait 1 0.158171 0.0853426 0 0.112145 0.206606 0 0 0 
trait 2 0.2 0 0 0 0 0 0 0 
trait 3 0.3 0 0 0 0 0 0 0 
node 1 1 1 3
node 2 2 1 1
node 3 3 1 1
node 4 1 0 2
node 8 1 0 0
node 15 3 0 0
node 69 1 0 0
node 95 1 0 0
node 102 1 0 0
gene 2 1 4 5.69617 0 1 5.69617 1
gene 2 2 4 -1.24002 0 2 -1.24002 1
gene 1 3 4 -1.33632 0 3 -1.33632 1
gene 2 2 8 5.69224 0 10 5.69224 1
gene 2 8 4 -5.0982 0 11 -5.0982 1
gene 1 3 8 -3.68567 0 23 -3.68567 1
gene 1 3 15 -4.45541 0 29 -4.45541 1
gene 3 15 4 -1.02153 0 30 -1.02153 0
gene 1 1 8 -0.194613 0 75 -0.194613 1
gene 1 3 69 3.5586 0 200 3.5586 1
gene 1 69 8 -2.32339 0 201 -2.32339 1
gene 1 69 15 0.351416 0 297 0.351416 1
gene 1 15 95 0.535345 0 306 0.535345 1
gene 1 95 4 1.38416 0 307 1.38416 1
gene 3 1 15 1.31902 0 313 1.31902 1
gene 1 95 102 0.154804 0 337 0.154804 1
gene 1 102 4 0.852778 0 338 0.852778 1
genomeend 149
