
/* Species #1 : (Size 8) (AF 8.76788) (Age 31)  */


/* Organism #0 Fitness: 9 Error: 1 */
genomestart 0
trait 1 0.436993 0 0 0 0 0.333097 0 0 
trait 2 0.6 0 0 0 0 0.273011 0.176759 0.0650709 
trait 3 0.621875 0 0 0.123999 0 0 0.0680436 0 
node 1 3 1 3
node 2 2 1 1
node 3 3 1 1
node 4 3 0 2
gene 2 1 4 -3.85375 0 1 -3.85375 1
gene 2 2 4 8 0 2 8 1
gene 3 3 4 -8 0 3 -8 1
genomeend 0

/* Organism #1 Fitness: 9 Error: 1 */
genomestart 1
trait 1 0.436993 0 0 0 0 0.333097 0 0 
trait 2 0.6 0 0 0 0 0.273011 0.176759 0.0650709 
trait 3 0.621875 0 0 0.123999 0 0 0.0680436 0 
node 1 3 1 3
node 2 2 1 1
node 3 3 1 1
node 4 3 0 2
gene 2 1 4 -3.85375 0 1 -3.85375 1
gene 2 2 4 8 0 2 8 1
gene 3 3 4 -7.74679 0 3 -7.74679 1
genomeend 1

/* Organism #2 Fitness: 9 Error: 1 */
genomestart 2
trait 1 0.436993 0 0 0 0 0.333097 0 0 
trait 2 0.6 0 0 0 0 0.273011 0.176759 0.0650709 
trait 3 0.667943 0 0 0.123999 0 0 0.0680436 0 
node 1 3 1 3
node 2 2 1 1
node 3 3 1 1
node 4 3 0 2
gene 2 1 4 -3.85375 0 1 -3.85375 1
gene 2 2 4 8 0 2 8 1
gene 3 3 4 -8 0 3 -8 1
genomeend 2

/* Organism #3 Fitness: 8.99999 Error: 1 */
genomestart 3
trait 1 0.436993 0 0 0 0 0.333097 0 0 
trait 2 0.6 0 0 0 0 0.273011 0.176759 0.0650709 
trait 3 0.621875 0 0 0.123999 0 0 0.0680436 0 
node 1 2 1 3
node 2 2 1 1
node 3 3 1 1
node 4 3 0 2
gene 2 1 4 -3.31193 0 1 -3.31193 1
gene 2 2 4 6.04972 0 2 6.04972 1
gene 3 3 4 -8 0 3 -8 1
genomeend 3

/* Organism #4 Fitness: 9 Error: 1 */
genomestart 4
trait 1 0.436993 0 0 0 0 0.333097 0 0 
trait 2 0.6 0 0 0 0 0.273011 0.176759 0.0650709 
trait 3 0.621875 0 0 0.123999 0 0 0.0680436 0 
node 1 3 1 3
node 2 2 1 1
node 3 3 1 1
node 4 3 0 2
gene 2 1 4 -3.85375 0 1 -3.85375 1
gene 2 2 4 8 0 2 8 1
gene 3 3 4 -8 0 3 -8 1
genomeend 4

/* Organism #5 Fitness: 7.14301 Error: 1.32736 */
genomestart 5
trait 1 0.436993 0 0 0 0 0.333097 0 0 
trait 2 0.6 0 0 0 0 0.273011 0.176759 0.0650709 
trait 3 0.621875 0 0 0.123999 0 0 0.0680436 0 
node 1 3 1 3
node 2 2 1 1
node 3 3 1 1
node 4 3 0 2
node 93 1 0 0
gene 2 1 4 -3.85375 0 1 -3.85375 1
gene 2 2 4 8 0 2 8 1
gene 3 3 4 -8 0 3 -8 0
gene 3 3 93 1 0 300 0 1
gene 3 93 4 -8 0 301 0 1
genomeend 5

/* Organism #6 Fitness: 9 Error: 1 */
genomestart 6
trait 1 0.436993 0 0 0 0 0.333097 0 0 
trait 2 0.6 0 0 0 0 0.273011 0.176759 0.0650709 
trait 3 0.621875 0 0 0.123999 0 0 0.0680436 0 
node 1 3 1 3
node 2 2 1 1
node 3 3 1 1
node 4 3 0 2
gene 2 1 4 -3.85375 0 1 -3.85375 1
gene 2 2 4 8 0 2 8 1
gene 3 3 4 -7.74679 0 3 -7.74679 1
genomeend 6

/* Organism #7 Fitness: 9 Error: 1 */
genomestart 7
trait 1 0.436993 0 0 0 0 0.333097 0 0 
trait 2 0.6 0 0 0 0 0.273011 0.176759 0.0650709 
trait 3 0.621875 0 0 0.123999 0 0 0.0680436 0 
node 1 3 1 3
node 2 2 1 1
node 3 3 1 1
node 4 3 0 2
gene 2 1 4 -4.21743 0 1 -4.21743 1
gene 2 2 4 7.80271 0 2 7.80271 1
gene 3 3 4 -8 0 3 -8 1
genomeend 7

/* Species #3 : (Size 8) (AF 8.19017) (Age 28)  */


/* Organism #8 Fitness: 9 Error: 1 */
genomestart 8
trait 1 0.1 0 0 0 0 0 0 0 
trait 2 0.500936 0 0 0.663575 0.653853 0.19601 0 0 
trait 3 0.3 0 0 0 0 0 0 0 
node 1 1 1 3
node 2 2 1 1
node 3 3 1 1
node 4 2 0 2
node 8 1 0 0
gene 1 1 4 -0.0866882 0 1 -0.0866882 1
gene 2 2 4 3.85452 0 2 3.85452 1
gene 1 3 4 3.83742 0 3 3.83742 1
gene 2 2 8 -2.33144 0 10 -2.33144 1
gene 2 8 4 -7.59449 0 11 -7.59449 1
gene 1 3 8 -1.97529 0 48 -1.97529 1
gene 3 1 8 0.0769918 0 242 0.0769918 1
genomeend 8

/* Organism #9 Fitness: 9 Error: 1 */
genomestart 9
trait 1 0.1 0 0 0 0 0 0 0 
trait 2 0.500936 0 0 0.663575 0.653853 0.19601 0 0 
trait 3 0.3 0 0 0 0 0 0 0 
node 1 1 1 3
node 2 2 1 1
node 3 3 1 1
node 4 2 0 2
node 8 1 0 0
gene 1 1 4 1.89731 0 1 1.89731 1
gene 2 2 4 1.54845 0 2 1.54845 1
gene 1 3 4 2.79025 0 3 2.79025 1
gene 2 2 8 -4.66926 0 10 -4.66926 1
gene 2 8 4 -6.52395 0 11 -6.52395 1
gene 1 3 8 -3.4558 0 48 -3.4558 1
gene 3 1 8 0.941616 0 242 0.941616 1
genomeend 9

/* Organism #10 Fitness: 9 Error: 1 */
genomestart 10
trait 1 0.1 0 0 0 0 0 0 0 
trait 2 0.500936 0 0 0.663575 0.653853 0.19601 0 0 
trait 3 0.3 0 0 0 0 0 0 0 
node 1 1 1 3
node 2 2 1 1
node 3 3 1 1
node 4 2 0 2
node 8 1 0 0
gene 1 1 4 2.07161 0 1 2.07161 1
gene 2 2 4 2.4404 0 2 2.4404 1
gene 1 3 4 6.1338 0 3 6.1338 1
gene 2 2 8 -0.939983 0 10 -0.939983 1
gene 2 8 4 -8 0 11 -8 1
gene 1 3 8 -3.44223 0 48 -3.44223 1
gene 3 1 8 0.155801 0 242 0.155801 1
genomeend 10

/* Organism #11 Fitness: 8.9953 Error: 1.00078 */
genomestart 11
trait 1 0.1 0 0 0 0 0 0 0 
trait 2 0.500936 0 0 0.663575 0.653853 0.19601 0 0 
trait 3 0.3 0 0 0 0 0 0 0 
node 1 1 1 3
node 2 2 1 1
node 3 3 1 1
node 4 2 0 2
node 8 1 0 0
gene 1 1 4 -0.837562 0 1 -0.837562 1
gene 2 2 4 2.2926 0 2 2.2926 1
gene 1 3 4 4.77126 0 3 4.77126 1
gene 2 2 8 -3.52397 0 10 -3.52397 1
gene 2 8 4 -8 0 11 -8 1
gene 1 3 8 -2.98807 0 48 -2.98807 1
gene 3 1 8 1.91533 0 242 1.91533 1
genomeend 11

/* Organism #12 Fitness: 9 Error: 1 */
genomestart 12
trait 1 0.1 0 0 0 0 0 0 0 
trait 2 0.500936 0 0 0.663575 0.653853 0.19601 0 0 
trait 3 0.3 0 0 0 0 0 0 0 
node 1 1 1 3
node 2 2 1 1
node 3 3 1 1
node 4 2 0 2
node 8 1 0 0
gene 1 1 4 1.54622 0 1 1.54622 1
gene 2 2 4 5.96897 0 2 5.96897 1
gene 1 3 4 3.01466 0 3 3.01466 1
gene 2 2 8 -4.35559 0 10 -4.35559 1
gene 2 8 4 -7.92412 0 11 -7.92412 1
gene 1 3 8 -3.73229 0 48 -3.73229 1
gene 3 1 8 0.784806 0 242 0.784806 1
genomeend 12

/* Organism #13 Fitness: 4.99896 Error: 1.76417 */
genomestart 13
trait 1 0.1 0 0 0 0 0 0 0 
trait 2 0.500936 0 0 0.663575 0.653853 0.19601 0 0 
trait 3 0.3 0 0 0 0 0 0 0 
node 1 1 1 3
node 2 2 1 1
node 3 3 1 1
node 4 2 0 2
node 8 1 0 0
gene 1 1 4 0.240347 0 1 0.240347 1
gene 2 2 4 1.8431 0 2 1.8431 1
gene 1 3 4 2.23747 0 3 2.23747 1
gene 2 2 8 0.0671018 0 10 0.0671018 1
gene 2 8 4 -7.15689 0 11 -7.15689 1
gene 1 3 8 -1.97529 0 48 -1.97529 1
gene 3 1 8 -1.70117 0 242 -1.70117 1
genomeend 13

/* Organism #14 Fitness: 6.58219 Error: 1.43442 */
genomestart 14
trait 1 0.1 0 0 0 0 0 0 0 
trait 2 0.500936 0 0 0.663575 0.653853 0.19601 0 0 
trait 3 0.3 0 0 0 0 0 0 0 
node 1 1 1 3
node 2 2 1 1
node 3 3 1 1
node 4 2 0 2
node 8 1 0 0
gene 1 1 4 0.074563 0 1 0.074563 1
gene 2 2 4 5.27802 0 2 5.27802 1
gene 1 3 4 6.22876 0 3 6.22876 1
gene 2 2 8 0.0870992 0 10 0.0870992 1
gene 2 8 4 -7.96813 0 11 -7.96813 1
gene 1 3 8 -2.21974 0 48 -2.21974 1
gene 3 1 8 -0.835426 0 242 -0.835426 1
genomeend 14

/* Organism #15 Fitness: 8.9449 Error: 1.0092 */
genomestart 15
trait 1 0.1 0 0 0 0 0 0 0 
trait 2 0.500936 0 0 0.663575 0.653853 0.19601 0 0 
trait 3 0.3 0 0 0 0 0 0 0 
node 1 1 1 3
node 2 2 1 1
node 3 3 1 1
node 4 2 0 2
node 8 1 0 0
gene 1 1 4 -2.42873 0 1 -2.42873 1
gene 2 2 4 5.44033 0 2 5.44033 1
gene 1 3 4 3.3792 0 3 3.3792 1
gene 2 2 8 -3.52382 0 10 -3.52382 1
gene 2 8 4 -8 0 11 -8 1
gene 1 3 8 -1.82182 0 48 -1.82182 1
gene 3 1 8 -1.88504 0 242 -1.88504 1
genomeend 15

/* Species #4 : (Size 7) (AF 6.88081) (Age 27)  */


/* Organism #16 Fitness: 9 Error: 1 */
genomestart 16
trait 1 0.1 0 0 0 0 0 0 0 
trait 2 0.2 0 0 0 0 0.125689 0 0 
trait 3 0.414816 0 0 0.00964779 0 0 0 0 
node 1 3 1 3
node 2 1 1 1
node 3 2 1 1
node 4 3 0 2
node 11 1 0 0
gene 1 1 4 -4.84755 0 1 -4.84755 1
gene 2 2 4 7.15019 0 2 7.15019 1
gene 2 3 4 6.65023 0 3 6.65023 1
gene 1 2 11 3.31207 0 18 3.31207 1
gene 2 11 4 5.15482 0 19 5.15482 1
gene 1 1 11 -2.41504 0 150 -2.41504 1
gene 2 3 11 3.69067 0 188 3.69067 1
genomeend 16

/* Organism #17 Fitness: 9 Error: 1 */
genomestart 17
trait 1 0.1 0 0 0 0 0 0 0 
trait 2 0.2 0 0 0 0 0.125689 0 0 
trait 3 0.414816 0 0 0.00964779 0 0 0 0 
node 1 3 1 3
node 2 1 1 1
node 3 2 1 1
node 4 3 0 2
node 11 1 0 0
gene 1 1 4 -4.84755 0 1 -4.84755 1
gene 2 2 4 7.15019 0 2 7.15019 1
gene 2 3 4 6.65023 0 3 6.65023 1
gene 1 2 11 3.31207 0 18 3.31207 1
gene 2 11 4 5.15482 0 19 5.15482 1
gene 1 1 11 -2.41504 0 150 -2.41504 1
gene 2 3 11 3.69067 0 188 3.69067 1
genomeend 17

/* Organism #18 Fitness: 4.04249 Error: 1.9894 */
genomestart 18
trait 1 0.1 0 0 0 0 0 0 0 
trait 2 0.2 0 0 0 0 0.125689 0 0 
trait 3 0.414816 0 0 0.00964779 0 0 0 0 
node 1 3 1 3
node 2 1 1 1
node 3 2 1 1
node 4 3 0 2
node 11 1 0 0
gene 1 1 4 -6.18156 0 1 -6.18156 1
gene 2 2 4 8 0 2 8 1
gene 2 3 4 5.26276 0 3 5.26276 1
gene 1 2 11 1.62188 0 18 1.62188 1
gene 2 11 4 4.40055 0 19 4.40055 1
gene 1 1 11 -4.87773 0 150 -4.87773 1
gene 2 3 11 1.31076 0 188 1.31076 1
genomeend 18

/* Organism #19 Fitness: 4.12327 Error: 1.96942 */
genomestart 19
trait 1 0.1 0 0 0 0 0 0 0 
trait 2 0.2 0 0 0 0 0.125689 0 0 
trait 3 0.414816 0 0 0.00964779 0 0 0 0 
node 1 3 1 3
node 2 1 1 1
node 3 2 1 1
node 4 3 0 2
node 11 1 0 0
gene 1 1 4 -6.55928 0 1 -6.55928 1
gene 2 2 4 5.863 0 2 5.863 1
gene 2 3 4 8 0 3 8 1
gene 1 2 11 -0.453096 0 18 -0.453096 1
gene 2 11 4 6.40293 0 19 6.40293 1
gene 1 1 11 -4.53427 0 150 -4.53427 1
gene 2 3 11 2.38383 0 188 2.38383 0
genomeend 19

/* Organism #20 Fitness: 8.99956 Error: 1.00007 */
genomestart 20
trait 1 0.1 0 0 0 0 0 0 0 
trait 2 0.2 0 0 0 0 0.125689 0 0 
trait 3 0.414816 0 0 0.00964779 0 0 0 0 
node 1 3 1 3
node 2 1 1 1
node 3 2 1 1
node 4 3 0 2
node 11 1 0 0
gene 1 1 4 -4.84755 0 1 -4.84755 1
gene 2 2 4 8 0 2 8 1
gene 2 3 4 1.04275 0 3 1.04275 1
gene 1 2 11 5.6341 0 18 5.6341 1
gene 2 11 4 5.73932 0 19 5.73932 1
gene 1 1 11 -0.140604 0 150 -0.140604 1
gene 2 3 11 2.89148 0 188 2.89148 1
genomeend 20

/* Organism #21 Fitness: 8.99954 Error: 1.00008 */
genomestart 21
trait 1 0.1 0 0 0 0 0 0 0 
trait 2 0.2 0 0 0 0 0.125689 0 0 
trait 3 0.414816 0 0 0.00964779 0 0 0 0 
node 1 3 1 3
node 2 1 1 1
node 3 2 1 1
node 4 3 0 2
node 11 1 0 0
gene 1 1 4 -2.89965 0 1 -2.89965 1
gene 2 2 4 8 0 2 8 1
gene 2 3 4 4.80965 0 3 4.80965 1
gene 1 2 11 5.36614 0 18 5.36614 1
gene 2 11 4 3.64217 0 19 3.64217 1
gene 1 1 11 -3.67411 0 150 -3.67411 1
gene 2 3 11 2.57531 0 188 2.57531 1
genomeend 21

/* Organism #22 Fitness: 4.00081 Error: 1.9998 */
genomestart 22
trait 1 0.1 0 0 0 0 0 0 0 
trait 2 0.2 0 0 0 0 0.125689 0 0 
trait 3 0.414816 0 0 0.00964779 0 0 0 0 
node 1 3 1 3
node 2 1 1 1
node 3 2 1 1
node 4 3 0 2
node 11 1 0 0
gene 1 1 4 -4.39419 0 1 -4.39419 1
gene 2 2 4 5.00096 0 2 5.00096 1
gene 2 3 4 7.22455 0 3 7.22455 1
gene 1 2 11 2.99085 0 18 2.99085 1
gene 2 11 4 6.17673 0 19 6.17673 1
gene 1 1 11 0.957433 0 150 0.957433 1
gene 2 3 11 5.69132 0 188 5.69132 0
genomeend 22

/* Species #5 : (Size 7) (AF 8.43256) (Age 27)  */


/* Organism #23 Fitness: 9.49762 Error: 0.918179 */
genomestart 23
trait 1 0.371619 0 0 0 0 0 0 0 
trait 2 0.2 0 0 0 0 0 0 0 
trait 3 1 0 0 0.253199 0 0.558284 0 0 
node 1 2 1 3
node 2 1 1 1
node 3 3 1 1
node 4 1 0 2
node 6 1 0 0
node 9 1 0 0
node 17 1 0 0
gene 1 1 4 0.782217 0 1 0.782217 1
gene 2 2 4 -1.40815 0 2 -1.40815 1
gene 1 3 4 -2.11019 0 3 -2.11019 1
gene 2 2 6 2.78388 0 6 2.78388 1
gene 2 6 4 -6.27935 0 7 -6.27935 1
gene 1 3 9 -1.19159 0 13 -1.19159 1
gene 1 9 4 -4.11689 0 14 -4.11689 0
gene 1 9 17 -3.28318 0 38 -3.28318 1
gene 1 17 4 7.13322 0 39 7.13322 1
gene 3 6 17 2.08615 0 134 2.08615 1
genomeend 23

/* Organism #24 Fitness: 7.44077 Error: 1.27222 */
genomestart 24
trait 1 0.371619 0 0 0 0 0 0 0 
trait 2 0.2 0 0 0 0 0 0 0 
trait 3 1 0 0 0.253199 0 0.558284 0 0 
node 1 2 1 3
node 2 1 1 1
node 3 3 1 1
node 4 1 0 2
node 6 1 0 0
node 9 1 0 0
node 17 1 0 0
gene 1 1 4 0.782217 0 1 0.782217 1
gene 2 2 4 -1.40815 0 2 -1.40815 1
gene 1 3 4 -1.77505 0 3 -1.77505 1
gene 2 2 6 5.23574 0 6 5.23574 1
gene 2 6 4 -6.27935 0 7 -6.27935 1
gene 1 3 9 -1.19159 0 13 -1.19159 1
gene 1 9 4 -4.11689 0 14 -4.11689 0
gene 1 9 17 -1.92086 0 38 -1.92086 1
gene 1 17 4 7.13322 0 39 7.13322 1
gene 3 6 17 2.08615 0 134 2.08615 1
genomeend 24

/* Organism #25 Fitness: 4.12239 Error: 1.96963 */
genomestart 25
trait 1 0.371619 0 0 0 0 0 0 0 
trait 2 0.2 0 0 0 0 0 0 0 
trait 3 1 0 0 0.253199 0 0.558284 0 0 
node 1 2 1 3
node 2 1 1 1
node 3 3 1 1
node 4 1 0 2
node 6 1 0 0
node 9 1 0 0
node 17 1 0 0
gene 1 1 4 2.09046 0 1 2.09046 1
gene 2 2 4 -0.891081 0 2 -0.891081 1
gene 1 3 4 -4.07406 0 3 -4.07406 1
gene 2 2 6 6.16369 0 6 6.16369 1
gene 2 6 4 -8 0 7 -8 1
gene 1 3 9 -2.54599 0 13 -2.54599 1
gene 1 9 4 -1.00799 0 14 -1.00799 0
gene 1 9 17 -2.27602 0 38 -2.27602 1
gene 1 17 4 6.8139 0 39 6.8139 1
gene 3 6 17 0.502439 0 134 0.502439 1
genomeend 25

/* Organism #26 Fitness: 8.87055 Error: 1.02165 */
genomestart 26
trait 1 0.371619 0 0 0 0 0 0 0 
trait 2 0.2 0 0 0 0 0 0 0 
trait 3 1 0 0 0.253199 0 0.558284 0 0 
node 1 2 1 3
node 2 1 1 1
node 3 3 1 1
node 4 1 0 2
node 6 1 0 0
node 9 1 0 0
node 17 1 0 0
gene 1 1 4 2.27545 0 1 2.27545 1
gene 2 2 4 -1.50143 0 2 -1.50143 1
gene 1 3 4 -4.03211 0 3 -4.03211 1
gene 2 2 6 4.16469 0 6 4.16469 1
gene 2 6 4 -8 0 7 -8 1
gene 1 3 9 -2.51364 0 13 -2.51364 1
gene 1 9 4 -1.08884 0 14 -1.08884 0
gene 1 9 17 -0.163251 0 38 -0.163251 1
gene 1 17 4 8 0 39 8 1
gene 3 6 17 4.30395 0 134 4.30395 1
genomeend 26

/* Organism #27 Fitness: 5.48613 Error: 1.65775 */
genomestart 27
trait 1 0.371619 0 0 0 0 0 0 0 
trait 2 0.2 0 0 0 0 0 0 0 
trait 3 1 0 0 0.253199 0 0.558284 0 0 
node 1 2 1 3
node 2 1 1 1
node 3 3 1 1
node 4 1 0 2
node 6 1 0 0
node 9 1 0 0
node 17 1 0 0
gene 1 1 4 1.2137 0 1 1.2137 1
gene 2 2 4 0.146221 0 2 0.146221 1
gene 1 3 4 -0.514057 0 3 -0.514057 1
gene 2 2 6 6.66932 0 6 6.66932 1
gene 2 6 4 -7.46232 0 7 -7.46232 1
gene 1 3 9 -4.34651 0 13 -4.34651 1
gene 1 9 4 -4.5002 0 14 -4.5002 0
gene 1 9 17 -0.484578 0 38 -0.484578 1
gene 1 17 4 6.01306 0 39 6.01306 1
gene 3 6 17 2.08615 0 134 2.08615 1
genomeend 27

/* Organism #28 Fitness: 14.7018 Error: 0.165713 */
/* ##------$ WINNER 28 SPECIES #5 $------## */
genomestart 28
trait 1 0.371619 0 0 0 0 0 0 0 
trait 2 0.2 0 0 0 0 0 0 0 
trait 3 1 0 0 0.253199 0 0.558284 0 0 
node 1 2 1 3
node 2 1 1 1
node 3 3 1 1
node 4 1 0 2
node 6 1 0 0
node 9 1 0 0
node 17 1 0 0
gene 1 1 4 0.299586 0 1 0.299586 1
gene 2 2 4 -0.241445 0 2 -0.241445 1
gene 1 3 4 -1.94262 0 3 -1.94262 1
gene 2 2 6 4.00981 0 6 4.00981 1
gene 2 6 4 -7.13967 0 7 -7.13967 1
gene 1 3 9 -2.17747 0 13 -2.17747 1
gene 1 9 4 -3.31369 0 14 -3.31369 0
gene 1 9 17 -2.60202 0 38 -2.60202 1
gene 1 17 4 7.56661 0 39 7.56661 1
gene 3 6 17 2.08615 0 134 2.08615 1
genomeend 28

/* Organism #29 Fitness: 8.90869 Error: 1.01526 */
genomestart 29
trait 1 0.371619 0 0 0 0 0 0 0 
trait 2 0.2 0 0 0 0 0 0 0 
trait 3 1 0 0 0.253199 0 0.558284 0 0 
node 1 2 1 3
node 2 1 1 1
node 3 3 1 1
node 4 1 0 2
node 6 1 0 0
node 9 1 0 0
node 17 1 0 0
gene 1 1 4 -1.7153 0 1 -1.7153 1
gene 2 2 4 3.36686 0 2 3.36686 1
gene 1 3 4 0.189841 0 3 0.189841 1
gene 2 2 6 5.23574 0 6 5.23574 1
gene 2 6 4 1.49515 0 7 1.49515 1
gene 1 3 9 -4.15979 0 13 -4.15979 1
gene 1 9 4 -0.331779 0 14 -0.331779 0
gene 1 9 17 -2.29221 0 38 -2.29221 1
gene 1 17 4 2.33738 0 39 2.33738 1
gene 3 6 17 1.05956 0 134 1.05956 1
genomeend 29

/* Species #6 : (Size 6) (AF 5.99151) (Age 26)  */


/* Organism #30 Fitness: 8.99696 Error: 1.00051 */
genomestart 30
trait 1 0.1 0 0 0 0 0 0 0 
trait 2 0.2 0 0 0 0 0 0 0 
trait 3 0.3 0 0 0 0 0 0 0 
node 1 2 1 3
node 2 2 1 1
node 3 2 1 1
node 4 2 0 2
node 8 1 0 0
node 13 1 0 0
node 20 1 0 0
gene 1 1 4 -0.997122 0 1 -0.997122 1
gene 2 2 4 1.94181 0 2 1.94181 1
gene 1 3 4 -2.2541 0 3 -2.2541 0
gene 2 2 8 -2.52334 0 10 -2.52334 1
gene 2 8 4 -5.8394 0 11 -5.8394 1
gene 1 3 13 2.48955 0 24 2.48955 1
gene 1 13 4 0.322152 0 25 0.322152 0
gene 3 13 20 0.453735 0 46 0.453735 1
gene 1 20 4 3.01274 0 47 3.01274 1
gene 2 3 8 -6.12039 0 124 -6.12039 1
genomeend 30

/* Organism #31 Fitness: 7.72797 Error: 1.22008 */
genomestart 31
trait 1 0.1 0 0 0 0 0 0 0 
trait 2 0.2 0 0 0 0 0 0 0 
trait 3 0.3 0 0 0 0 0 0 0 
node 1 2 1 3
node 2 2 1 1
node 3 2 1 1
node 4 2 0 2
node 8 1 0 0
node 13 1 0 0
node 20 1 0 0
gene 1 1 4 0.196281 0 1 0.196281 1
gene 2 2 4 0.694176 0 2 0.694176 1
gene 1 3 4 -0.49422 0 3 -0.49422 0
gene 2 2 8 -1.85751 0 10 -1.85751 1
gene 2 8 4 -3.67774 0 11 -3.67774 1
gene 1 3 13 2.6059 0 24 2.6059 1
gene 1 13 4 -0.669221 0 25 -0.669221 0
gene 3 13 20 1.51191 0 46 1.51191 1
gene 1 20 4 1.41872 0 47 1.41872 1
gene 2 3 8 -6.46205 0 124 -6.46205 1
genomeend 31

/* Organism #32 Fitness: 1.09736 Error: 2.95245 */
genomestart 32
trait 1 0.1 0 0 0 0 0 0 0 
trait 2 0.2 0 0 0 0 0 0 0 
trait 3 0.3 0 0 0 0 0 0 0 
node 1 2 1 3
node 2 2 1 1
node 3 2 1 1
node 4 2 0 2
node 8 1 0 0
node 13 1 0 0
node 20 1 0 0
gene 1 1 4 4.6052 0 1 4.6052 1
gene 2 2 4 0.20324 0 2 0.20324 1
gene 1 3 4 -2.36105 0 3 -2.36105 0
gene 2 2 8 -3.67574 0 10 -3.67574 1
gene 2 8 4 -8 0 11 -8 1
gene 1 3 13 2.52779 0 24 2.52779 1
gene 1 13 4 4.52124 0 25 4.52124 0
gene 3 13 20 -2.95407 0 46 -2.95407 1
gene 1 20 4 5.00357 0 47 5.00357 1
gene 3 3 8 1.59857 0 124 1.59857 1
genomeend 32

/* Organism #33 Fitness: 8.99228 Error: 1.00129 */
genomestart 33
trait 1 0.1 0 0 0 0 0 0 0 
trait 2 0.2 0 0 0 0 0 0 0 
trait 3 0.3 0 0 0 0 0 0 0 
node 1 2 1 3
node 2 2 1 1
node 3 2 1 1
node 4 2 0 2
node 8 1 0 0
node 13 1 0 0
node 20 1 0 0
gene 1 1 4 1.0798 0 1 1.0798 1
gene 2 2 4 1.2237 0 2 1.2237 1
gene 1 3 4 -1.44862 0 3 -1.44862 0
gene 2 2 8 -3.19189 0 10 -3.19189 1
gene 2 8 4 -6.9197 0 11 -6.9197 1
gene 1 3 13 2.50867 0 24 2.50867 1
gene 1 13 4 1.53393 0 25 1.53393 0
gene 3 13 20 -0.280018 0 46 -0.280018 1
gene 1 20 4 2.93736 0 47 2.93736 1
gene 2 3 8 -5.71754 0 124 -5.71754 1
genomeend 33

/* Organism #34 Fitness: 4.0001 Error: 1.99998 */
genomestart 34
trait 1 0.1 0 0 0 0 0 0 0 
trait 2 0.2 0 0 0 0 0 0 0 
trait 3 0.3 0 0 0 0 0 0 0 
node 1 2 1 3
node 2 2 1 1
node 3 2 1 1
node 4 2 0 2
node 8 1 0 0
node 13 1 0 0
node 20 1 0 0
gene 1 1 4 5.50866 0 1 5.50866 1
gene 2 2 4 -0.465369 0 2 -0.465369 1
gene 1 3 4 -1.88349 0 3 -1.88349 0
gene 2 2 8 -3.92313 0 10 -3.92313 1
gene 2 8 4 -8 0 11 -8 1
gene 1 3 13 2.3241 0 24 2.3241 1
gene 1 13 4 -1.80354 0 25 -1.80354 0
gene 3 13 20 0.656837 0 46 0.656837 1
gene 1 20 4 0.781883 0 47 0.781883 1
gene 2 3 8 -8 0 124 -8 1
genomeend 34

/* Organism #35 Fitness: 5.13439 Error: 1.73408 */
genomestart 35
trait 1 0.1 0 0 0 0 0 0 0 
trait 2 0.2 0 0 0 0 0 0 0 
trait 3 0.3 0 0 0 0 0 0 0 
node 1 2 1 3
node 2 2 1 1
node 3 2 1 1
node 4 2 0 2
node 8 1 0 0
node 13 1 0 0
node 20 1 0 0
gene 1 1 4 -2.06209 0 1 -2.06209 1
gene 2 2 4 1.01603 0 2 1.01603 1
gene 1 3 4 -3.51482 0 3 -3.51482 0
gene 2 2 8 -1.55373 0 10 -1.55373 1
gene 2 8 4 -7.46178 0 11 -7.46178 1
gene 1 3 13 -2.46258 0 24 -2.46258 1
gene 1 13 4 2.46512 0 25 2.46512 1
gene 3 13 20 0.164504 0 46 0.164504 1
gene 1 20 4 3.70154 0 47 3.70154 1
gene 2 3 8 -1.26391 0 124 -1.26391 1
genomeend 35

/* Species #7 : (Size 5) (AF 4.98151) (Age 25)  */


/* Organism #36 Fitness: 4.00043 Error: 1.99989 */
genomestart 36
trait 1 0.1 0 0 0 0 0 0 0 
trait 2 0.2 0 0 0 0 0 0 0 
trait 3 0.414816 0.458577 0 0.00964779 0.56032 0.337235 0 0 
node 1 2 1 3
node 2 3 1 1
node 3 2 1 1
node 4 3 0 2
node 18 1 0 0
node 73 1 0 0
gene 1 1 4 1.81414 0 1 1.81414 1
gene 2 2 4 0.578048 0 2 0.578048 1
gene 2 3 4 5.75004 0 3 5.75004 1
gene 2 2 18 5.67619 0 41 5.67619 0
gene 2 18 4 1.46266 0 42 1.46266 1
gene 3 1 18 -3.15006 0 57 -3.15006 1
gene 2 2 73 2.39912 0 235 2.39912 1
gene 2 73 18 4.8506 0 236 4.8506 1
gene 2 3 73 1.96804 0 279 1.96804 1
genomeend 36

/* Organism #37 Fitness: 3.8964 Error: 2.02607 */
genomestart 37
trait 1 0.1 0 0 0 0 0 0 0 
trait 2 0.2 0 0 0 0 0 0 0 
trait 3 0.414816 0.458577 0 0.00964779 0.56032 0.337235 0 0 
node 1 2 1 3
node 2 3 1 1
node 3 2 1 1
node 4 3 0 2
node 18 1 0 0
node 73 1 0 0
gene 1 1 4 -4.79083 0 1 -4.79083 1
gene 2 2 4 0.795991 0 2 0.795991 1
gene 2 3 4 5.52179 0 3 5.52179 1
gene 2 2 18 5.65061 0 41 5.65061 0
gene 2 18 4 -8 0 42 -8 1
gene 3 1 18 -3.24966 0 57 -3.24966 1
gene 2 2 73 -1.05947 0 235 -1.05947 1
gene 2 73 18 6.88827 0 236 6.88827 1
gene 2 3 73 -1.21737 0 279 -1.21737 1
genomeend 37

/* Organism #38 Fitness: 4.00054 Error: 1.99986 */
genomestart 38
trait 1 0.1 0 0 0 0 0 0 0 
trait 2 0.2 0 0 0 0 0 0 0 
trait 3 0.414816 0.458577 0 0.00964779 0.56032 0.337235 0 0 
node 1 2 1 3
node 2 3 1 1
node 3 2 1 1
node 4 3 0 2
node 18 1 0 0
node 73 1 0 0
gene 1 1 4 -5.43286 0 1 -5.43286 1
gene 2 2 4 -0.610965 0 2 -0.610965 1
gene 2 3 4 8 0 3 8 1
gene 2 2 18 3.78559 0 41 3.78559 0
gene 2 18 4 -8 0 42 -8 1
gene 3 1 18 -5.04606 0 57 -5.04606 1
gene 2 2 73 1 0 235 1 1
gene 2 73 18 4.25801 0 236 4.25801 1
gene 2 3 73 0.195765 0 279 0.195765 1
genomeend 38

/* Organism #39 Fitness: 4.01017 Error: 1.99746 */
genomestart 39
trait 1 0.1 0 0 0 0 0 0 0 
trait 2 0.2 0 0 0 0 0 0 0 
trait 3 0.414816 0.458577 0 0.00964779 0.56032 0.337235 0 0 
node 1 2 1 3
node 2 3 1 1
node 3 2 1 1
node 4 3 0 2
node 18 1 0 0
node 73 1 0 0
gene 1 1 4 -5.448 0 1 -5.448 1
gene 2 2 4 -1.33935 0 2 -1.33935 1
gene 2 3 4 8 0 3 8 1
gene 2 2 18 6.7771 0 41 6.7771 0
gene 2 18 4 -7.49811 0 42 -7.49811 1
gene 3 1 18 -5.5534 0 57 -5.5534 1
gene 2 2 73 3.12879 0 235 3.12879 1
gene 2 73 18 2.45556 0 236 2.45556 1
gene 2 3 73 0.984877 0 279 0.984877 1
genomeend 39

/* Organism #40 Fitness: 9 Error: 1 */
genomestart 40
trait 1 0.1 0 0 0 0 0 0 0 
trait 2 0.2 0 0 0 0 0 0 0 
trait 3 0.414816 0.458577 0 0.00964779 0.56032 0.337235 0 0 
node 1 2 1 3
node 2 3 1 1
node 3 2 1 1
node 4 3 0 2
node 18 1 0 0
node 73 1 0 0
gene 1 1 4 -3.36104 0 1 -3.36104 1
gene 2 2 4 -0.610965 0 2 -0.610965 1
gene 2 3 4 7.17411 0 3 7.17411 1
gene 2 2 18 4.8506 0 41 4.8506 0
gene 2 18 4 -8 0 42 -8 1
gene 3 1 18 -3.15006 0 57 -3.15006 1
gene 2 2 73 1 0 235 0 1
gene 2 73 18 4.8506 0 236 0 1
gene 2 3 73 -0.259091 0 279 -0.259091 1
genomeend 40

/* Species #8 : (Size 9) (AF 7.89117) (Age 25)  */


/* Organism #41 Fitness: 9 Error: 1 */
genomestart 41
trait 1 0.05 0.28635 0 0 0 0 0 0.456586 
trait 2 0.2 0 0 0 0 0 0 0 
trait 3 0.15 0.121143 0 0.0897981 0 0 0 0 
node 1 2 1 3
node 2 1 1 1
node 3 3 1 1
node 4 1 0 2
node 6 1 0 0
gene 2 1 4 -4.64656 0 1 -4.64656 1
gene 2 2 4 6.24704 0 2 6.24704 1
gene 1 3 4 6.91889 0 3 6.91889 1
gene 2 2 6 3.95544 0 6 3.95544 1
gene 1 6 4 4.57061 0 7 4.57061 1
gene 1 3 6 4.74897 0 15 4.74897 1
gene 1 1 6 -2.51535 0 45 -2.51535 1
genomeend 41

/* Organism #42 Fitness: 8.97993 Error: 1.00335 */
genomestart 42
trait 1 0.05 0.28635 0 0 0 0 0 0.456586 
trait 2 0.2 0 0 0 0 0 0 0 
trait 3 0.15 0.121143 0 0.0897981 0 0 0 0 
node 1 2 1 3
node 2 1 1 1
node 3 3 1 1
node 4 1 0 2
node 6 1 0 0
gene 2 1 4 -4.52493 0 1 -4.52493 1
gene 2 2 4 5.6569 0 2 5.6569 1
gene 1 3 4 8 0 3 8 1
gene 2 2 6 -0.960388 0 6 -0.960388 1
gene 1 6 4 6.87297 0 7 6.87297 1
gene 1 3 6 3.01515 0 15 3.01515 1
gene 1 1 6 -0.178909 0 45 -0.178909 1
genomeend 42

/* Organism #43 Fitness: 8.99997 Error: 1 */
genomestart 43
trait 1 0.05 0.28635 0 0 0 0 0 0.456586 
trait 2 0.2 0 0 0 0 0 0 0 
trait 3 0.15 0.121143 0 0.0897981 0 0 0 0 
node 1 2 1 3
node 2 1 1 1
node 3 3 1 1
node 4 1 0 2
node 6 1 0 0
gene 2 1 4 -2.81792 0 1 -2.81792 1
gene 2 2 4 6.71181 0 2 6.71181 1
gene 1 3 4 8 0 3 8 1
gene 2 2 6 6.40635 0 6 6.40635 1
gene 1 6 4 7.79844 0 7 7.79844 1
gene 1 3 6 3.11911 0 15 3.11911 1
gene 1 1 6 -0.637404 0 45 -0.637404 1
genomeend 43

/* Organism #44 Fitness: 4.00015 Error: 1.99996 */
genomestart 44
trait 1 0.05 0.28635 0 0 0 0 0 0.456586 
trait 2 0.2 0 0 0 0 0 0 0 
trait 3 0.15 0.121143 0 0.0897981 0 0 0 0 
node 1 2 1 3
node 2 1 1 1
node 3 3 1 1
node 4 1 0 2
node 6 1 0 0
gene 2 1 4 2.07144 0 1 2.07144 1
gene 2 2 4 6.54987 0 2 6.54987 1
gene 1 3 4 8 0 3 8 1
gene 2 2 6 4.24808 0 6 4.24808 1
gene 1 6 4 3.73988 0 7 3.73988 1
gene 1 3 6 5.36592 0 15 5.36592 1
gene 1 1 6 -2.24921 0 45 -2.24921 1
genomeend 44

/* Organism #45 Fitness: 9 Error: 1 */
genomestart 45
trait 1 0.05 0.28635 0 0 0 0 0 0.456586 
trait 2 0.2 0 0 0 0 0 0 0 
trait 3 0.15 0.121143 0 0.0897981 0 0 0 0 
node 1 2 1 3
node 2 1 1 1
node 3 3 1 1
node 4 1 0 2
node 6 1 0 0
gene 2 1 4 -4.64656 0 1 -4.64656 1
gene 2 2 4 5.57935 0 2 5.57935 1
gene 1 3 4 8 0 3 8 1
gene 2 2 6 4.09769 0 6 4.09769 1
gene 1 6 4 5.74121 0 7 5.74121 1
gene 1 3 6 4.74897 0 15 4.74897 1
gene 1 1 6 -1.46802 0 45 -1.46802 1
genomeend 45

/* Organism #46 Fitness: 4.04769 Error: 1.98811 */
genomestart 46
trait 1 0.05 0.28635 0 0 0 0 0 0.456586 
trait 2 0.2 0 0 0 0 0 0 0 
trait 3 0.15 0.121143 0 0.0897981 0 0 0 0 
node 1 2 1 3
node 2 1 1 1
node 3 3 1 1
node 4 1 0 2
node 6 1 0 0
gene 2 1 4 -4.91182 0 1 -4.91182 1
gene 2 2 4 -0.116458 0 2 -0.116458 1
gene 1 3 4 -2.03329 0 3 -2.03329 1
gene 2 2 6 1.86935 0 6 1.86935 1
gene 1 6 4 4.16479 0 7 4.16479 1
gene 1 3 6 6.1646 0 15 6.1646 1
gene 1 1 6 -0.895659 0 45 -0.895659 1
genomeend 46

/* Organism #47 Fitness: 8.99994 Error: 1.00001 */
genomestart 47
trait 1 0.05 0.28635 0 0 0 0 0 0.456586 
trait 2 0.2 0 0 0 0 0 0 0 
trait 3 0.15 0.121143 0 0.0897981 0 0 0 0 
node 1 2 1 3
node 2 1 1 1
node 3 3 1 1
node 4 1 0 2
node 6 1 0 0
gene 2 1 4 -2.33154 0 1 -2.33154 1
gene 2 2 4 6.83526 0 2 6.83526 1
gene 1 3 4 7.18274 0 3 7.18274 1
gene 2 2 6 6.01927 0 6 6.01927 1
gene 1 6 4 5.17313 0 7 5.17313 1
gene 1 3 6 2.92594 0 15 2.92594 1
gene 1 1 6 -4.47757 0 45 -4.47757 1
genomeend 47

/* Organism #48 Fitness: 9 Error: 1 */
genomestart 48
trait 1 0.05 0.28635 0 0 0 0 0 0.456586 
trait 2 0.2 0 0 0 0 0 0 0 
trait 3 0.15 0.121143 0 0.0897981 0 0 0 0 
node 1 2 1 3
node 2 1 1 1
node 3 3 1 1
node 4 1 0 2
node 6 1 0 0
gene 2 1 4 -4.36831 0 1 -4.36831 1
gene 2 2 4 5.48868 0 2 5.48868 1
gene 1 3 4 5.42343 0 3 5.42343 1
gene 2 2 6 1.96167 0 6 1.96167 1
gene 1 6 4 4.28839 0 7 4.28839 1
gene 1 3 6 5.54545 0 15 5.54545 1
gene 1 1 6 -1.71017 0 45 -1.71017 1
genomeend 48

/* Organism #49 Fitness: 8.99286 Error: 1.00119 */
genomestart 49
trait 1 0.05 0.28635 0 0 0 0 0 0.456586 
trait 2 0.2 0 0 0 0 0 0 0 
trait 3 0.15 0.933104 0 0 0 0.95471 0 0 
node 1 2 1 3
node 2 1 1 1
node 3 3 1 1
node 4 1 0 2
node 6 1 0 0
gene 2 1 4 -3.2754 0 1 -3.2754 1
gene 2 2 4 4.64138 0 2 4.64138 1
gene 1 3 4 6.04404 0 3 6.04404 1
gene 2 2 6 1.5713 0 6 1.5713 1
gene 1 6 4 3.80754 0 7 3.80754 1
gene 1 3 6 4.21199 0 15 4.21199 1
gene 1 1 6 -3.19075 0 45 -3.19075 1
genomeend 49

/* Species #9 : (Size 8) (AF 6.71581) (Age 25)  */


/* Organism #50 Fitness: 9 Error: 1 */
genomestart 50
trait 1 0.68581 0 0.0271978 0 0.07094 0 0 0.360839 
trait 2 0.2 0 0 0 0 0 0 0 
trait 3 0.3 0 0 0 0 0 0 0 
node 1 2 1 3
node 2 1 1 1
node 3 1 1 1
node 4 1 0 2
node 6 1 0 0
node 9 1 0 0
node 17 1 0 0
node 23 1 0 0
node 32 1 0 0
gene 2 1 4 0.073002 0 1 0.073002 1
gene 2 2 4 -3.11277 0 2 -3.11277 0
gene 1 3 4 -7.4792 0 3 -7.4792 1
gene 2 2 6 -3.59687 0 6 -3.59687 1
gene 2 6 4 -8 0 7 -8 1
gene 1 3 9 -3.1884 0 13 -3.1884 1
gene 1 9 4 -3.01545 0 14 -3.01545 0
gene 1 9 17 -0.0509304 0 38 -0.0509304 1
gene 1 17 4 0.358466 0 39 0.358466 1
gene 2 2 23 5.89628 0 60 5.89628 1
gene 2 23 4 3.11518 0 61 3.11518 1
gene 1 9 32 4.72757 0 88 4.72757 1
gene 1 32 17 3.1848 0 89 3.1848 1
gene 3 17 23 -3.86781 0 173 -3.86781 1
gene 1 1 17 -1.52791 0 237 -1.52791 1
gene 3 3 32 -0.362473 0 272 -0.362473 1
genomeend 50

/* Organism #51 Fitness: 9 Error: 1 */
genomestart 51
trait 1 0.68581 0 0.0271978 0 0.07094 0 0 0.360839 
trait 2 0.2 0 0 0 0 0 0 0 
trait 3 0.3 0 0 0 0 0 0 0 
node 1 2 1 3
node 2 1 1 1
node 3 1 1 1
node 4 1 0 2
node 6 1 0 0
node 9 1 0 0
node 17 1 0 0
node 23 1 0 0
node 32 1 0 0
gene 2 1 4 -0.330858 0 1 -0.330858 1
gene 2 2 4 -2.73662 0 2 -2.73662 0
gene 1 3 4 -7.7396 0 3 -7.7396 1
gene 2 2 6 -4.25306 0 6 -4.25306 1
gene 2 6 4 -8 0 7 -8 1
gene 1 3 9 -2.95986 0 13 -2.95986 1
gene 1 9 4 -1.909 0 14 -1.909 0
gene 1 9 17 -0.909764 0 38 -0.909764 1
gene 1 17 4 0.766922 0 39 0.766922 1
gene 2 2 23 6.94814 0 60 6.94814 1
gene 2 23 4 3.4875 0 61 3.4875 1
gene 1 9 32 5.4806 0 88 5.4806 1
gene 1 32 17 3.09496 0 89 3.09496 1
gene 3 17 23 -3.54944 0 173 -3.54944 1
gene 1 1 17 -2.61224 0 237 -2.61224 1
gene 3 3 32 -0.885634 0 272 -0.885634 1
genomeend 51

/* Organism #52 Fitness: 4 Error: 2 */
genomestart 52
trait 1 0.68581 0 0.0271978 0 0.07094 0 0 0.360839 
trait 2 0.2 0 0 0 0 0 0 0 
trait 3 0.3 0 0 0 0 0 0 0 
node 1 2 1 3
node 2 1 1 1
node 3 1 1 1
node 4 1 0 2
node 6 1 0 0
node 9 1 0 0
node 17 1 0 0
node 23 1 0 0
node 32 1 0 0
gene 2 1 4 1.19245 0 1 1.19245 1
gene 2 2 4 -0.614659 0 2 -0.614659 0
gene 1 3 4 -8 0 3 -8 1
gene 2 2 6 -4.52298 0 6 -4.52298 1
gene 2 6 4 2.07848 0 7 2.07848 1
gene 1 3 9 -4.44515 0 13 -4.44515 1
gene 1 9 4 -1.84458 0 14 -1.84458 0
gene 1 9 17 -0.0509304 0 38 -0.0509304 1
gene 1 17 4 2.29575 0 39 2.29575 1
gene 2 2 23 6.26565 0 60 6.26565 1
gene 2 23 4 3.11518 0 61 3.11518 1
gene 1 9 32 4.72757 0 88 4.72757 1
gene 1 32 17 1.81319 0 89 1.81319 1
gene 3 17 23 -4.14977 0 173 -4.14977 1
gene 1 1 17 -1.03792 0 237 -1.03792 1
gene 3 3 32 -0.600243 0 272 -0.600243 1
genomeend 52

/* Organism #53 Fitness: 8.99996 Error: 1.00001 */
genomestart 53
trait 1 0.68581 0 0.0271978 0 0.07094 0 0 0.360839 
trait 2 0.2 0 0 0 0 0 0 0 
trait 3 0.3 0 0 0 0 0 0 0 
node 1 2 1 3
node 2 1 1 1
node 3 1 1 1
node 4 1 0 2
node 6 1 0 0
node 9 1 0 0
node 17 1 0 0
node 23 1 0 0
node 32 1 0 0
gene 2 1 4 1.42817 0 1 1.42817 1
gene 2 2 4 -0.723121 0 2 -0.723121 0
gene 1 3 4 -8 0 3 -8 1
gene 2 2 6 -3.23334 0 6 -3.23334 1
gene 2 6 4 -8 0 7 -8 1
gene 1 3 9 -0.292028 0 13 -0.292028 1
gene 1 9 4 -2.31105 0 14 -2.31105 0
gene 1 9 17 -2.45409 0 38 -2.45409 1
gene 1 17 4 0.138136 0 39 0.138136 1
gene 2 2 23 6.35013 0 60 6.35013 1
gene 2 23 4 3.34488 0 61 3.34488 1
gene 1 9 32 8 0 88 8 1
gene 1 32 17 5.09776 0 89 5.09776 1
gene 3 17 23 -5.263 0 173 -5.263 1
gene 1 1 17 0.0910732 0 237 0.0910732 1
gene 3 3 32 0.334711 0 272 0.334711 1
genomeend 53

/* Organism #54 Fitness: 8.99918 Error: 1.00014 */
genomestart 54
trait 1 0.68581 0 0.0271978 0 0.07094 0 0 0.360839 
trait 2 0.2 0 0 0 0 0 0 0 
trait 3 0.3 0 0 0 0 0 0 0 
node 1 2 1 3
node 2 1 1 1
node 3 1 1 1
node 4 1 0 2
node 6 1 0 0
node 9 1 0 0
node 17 1 0 0
node 23 1 0 0
node 32 1 0 0
gene 2 1 4 -1.7572 0 1 -1.7572 1
gene 2 2 4 -3.05076 0 2 -3.05076 0
gene 1 3 4 -6.16382 0 3 -6.16382 1
gene 2 2 6 -6.45268 0 6 -6.45268 1
gene 2 6 4 -6.089 0 7 -6.089 1
gene 1 3 9 -1.27618 0 13 -1.27618 1
gene 1 9 4 -2.60876 0 14 -2.60876 0
gene 1 9 17 0.777023 0 38 0.777023 1
gene 1 17 4 0.388171 0 39 0.388171 1
gene 2 2 23 6.01852 0 60 6.01852 1
gene 2 23 4 3.21928 0 61 3.21928 1
gene 1 9 32 3.5803 0 88 3.5803 1
gene 1 32 17 1.24722 0 89 1.24722 1
gene 3 17 23 -2.51802 0 173 -2.51802 1
gene 1 1 17 -1.2095 0 237 -1.2095 1
gene 3 3 32 -2.08319 0 272 -2.08319 1
genomeend 54

/* Organism #55 Fitness: 4.00142 Error: 1.99964 */
genomestart 55
trait 1 0.68581 0 0.0271978 0 0.07094 0 0 0.360839 
trait 2 0.2 0 0 0 0 0 0 0 
trait 3 0.3 0 0 0 0 0 0 0 
node 1 2 1 3
node 2 1 1 1
node 3 1 1 1
node 4 1 0 2
node 6 1 0 0
node 9 1 0 0
node 17 1 0 0
node 23 1 0 0
node 32 1 0 0
gene 2 1 4 -2.52695 0 1 -2.52695 1
gene 2 2 4 0.260646 0 2 0.260646 0
gene 1 3 4 -8 0 3 -8 1
gene 2 2 6 -5.15663 0 6 -5.15663 1
gene 2 6 4 -8 0 7 -8 1
gene 1 3 9 -3.1884 0 13 -3.1884 1
gene 1 9 4 -0.405516 0 14 -0.405516 0
gene 1 9 17 -1.48893 0 38 -1.48893 1
gene 1 17 4 0.221165 0 39 0.221165 1
gene 2 2 23 4.12775 0 60 4.12775 1
gene 2 23 4 0.808315 0 61 0.808315 1
gene 1 9 32 8 0 88 8 1
gene 1 32 17 1.32689 0 89 1.32689 1
gene 3 17 23 -3.86781 0 173 -3.86781 1
gene 1 1 17 -0.598338 0 237 -0.598338 1
gene 3 3 32 -1.66106 0 272 -1.66106 1
genomeend 55

/* Organism #56 Fitness: 4.39642 Error: 1.90324 */
genomestart 56
trait 1 0.68581 0 0.0271978 0 0.07094 0 0 0.360839 
trait 2 0.2 0 0 0 0 0 0 0 
trait 3 0.3 0 0 0 0 0 0 0 
node 1 2 1 3
node 2 1 1 1
node 3 1 1 1
node 4 1 0 2
node 6 1 0 0
node 9 1 0 0
node 17 1 0 0
node 23 1 0 0
node 32 1 0 0
node 94 1 0 0
gene 2 1 4 0.073002 0 1 0.073002 1
gene 2 2 4 -3.11277 0 2 -3.11277 0
gene 1 3 4 -7.4792 0 3 -7.4792 1
gene 2 2 6 -3.59687 0 6 -3.59687 1
gene 2 6 4 -8 0 7 -8 0
gene 1 3 9 -3.1884 0 13 -3.1884 1
gene 1 9 4 -3.01545 0 14 -3.01545 0
gene 1 9 17 -0.0509304 0 38 -0.0509304 1
gene 1 17 4 0.358466 0 39 0.358466 1
gene 2 2 23 5.89628 0 60 5.89628 1
gene 2 23 4 3.11518 0 61 3.11518 1
gene 1 9 32 4.72757 0 88 4.72757 1
gene 1 32 17 3.1848 0 89 3.1848 1
gene 3 17 23 -3.86781 0 173 -3.86781 1
gene 1 1 17 -1.52791 0 237 -1.52791 1
gene 3 3 32 -0.362473 0 272 -0.362473 1
gene 2 6 94 1 0 303 0 1
gene 2 94 4 -8 0 304 0 1
genomeend 56

/* Organism #57 Fitness: 5.32949 Error: 1.69143 */
genomestart 57
trait 1 0.68581 0 0.0271978 0 0.07094 0 0 0.360839 
trait 2 0.2 0 0 0 0 0 0 0 
trait 3 0.3 0 0 0 0 0 0 0 
node 1 2 1 3
node 2 1 1 1
node 3 1 1 1
node 4 1 0 2
node 6 1 0 0
node 9 1 0 0
node 17 1 0 0
node 23 1 0 0
node 32 1 0 0
gene 2 1 4 -1.19124 0 1 -1.19124 1
gene 2 2 4 -2.30145 0 2 -2.30145 0
gene 1 3 4 -8 0 3 -8 1
gene 2 2 6 -6.83847 0 6 -6.83847 1
gene 2 6 4 -8 0 7 -8 1
gene 1 3 9 -2.73132 0 13 -2.73132 1
gene 1 9 4 -0.80255 0 14 -0.80255 0
gene 1 9 17 2.28139 0 38 2.28139 1
gene 1 17 4 1.12484 0 39 1.12484 1
gene 2 2 23 8 0 60 8 1
gene 2 23 4 0.853442 0 61 0.853442 1
gene 1 9 32 0.757566 0 88 0.757566 1
gene 1 32 17 3.66478 0 89 3.66478 1
gene 3 17 23 -1.36035 0 173 -1.36035 1
gene 1 1 17 -4.65899 0 237 -4.65899 1
gene 3 3 32 -1.53252 0 272 -1.53252 1
genomeend 57

/* Species #11 : (Size 9) (AF 8.43804) (Age 24)  */


/* Organism #58 Fitness: 9 Error: 1 */
genomestart 58
trait 1 0.371619 0 0 0 0.240975 0.100118 0.377453 0.397599 
trait 2 0.2 0 0 0 0 0 0 0 
trait 3 0.3 0 0 0 0 0 0 0 
node 1 2 1 3
node 2 2 1 1
node 3 2 1 1
node 4 1 0 2
node 6 1 0 0
node 9 1 0 0
node 17 1 0 0
node 21 1 0 0
gene 2 1 4 -2.30432 0 1 -2.30432 1
gene 2 2 4 7.60445 0 2 7.60445 1
gene 1 3 4 -8 0 3 -8 1
gene 2 2 6 -3.58115 0 6 -3.58115 0
gene 2 6 4 2.21264 0 7 2.21264 1
gene 1 3 9 -0.0204465 0 13 -0.0204465 1
gene 1 9 4 2.02633 0 14 2.02633 0
gene 1 9 17 1.8169 0 38 1.8169 1
gene 1 17 4 -1.85246 0 39 -1.85246 1
gene 2 2 21 2.85905 0 49 2.85905 1
gene 2 21 6 0.457737 0 50 0.457737 1
gene 3 21 9 1.2025 0 59 1.2025 1
gene 3 1 6 -1.16825 0 147 -1.16825 1
gene 1 1 17 0.669406 0 200 0.669406 1
genomeend 58

/* Organism #59 Fitness: 9 Error: 1 */
genomestart 59
trait 1 0.371619 0 0 0 0.240975 0.100118 0.377453 0.397599 
trait 2 0.2 0 0 0 0 0 0 0 
trait 3 0.3 0 0 0 0 0 0 0 
node 1 2 1 3
node 2 2 1 1
node 3 2 1 1
node 4 1 0 2
node 6 1 0 0
node 9 1 0 0
node 17 1 0 0
node 21 1 0 0
gene 2 1 4 -2.30432 0 1 -2.30432 1
gene 2 2 4 7.60445 0 2 7.60445 1
gene 3 3 4 -8 0 3 -8 1
gene 2 2 6 -3.58115 0 6 -3.58115 0
gene 2 6 4 1.34996 0 7 1.34996 1
gene 1 3 9 -1.81025 0 13 -1.81025 1
gene 1 9 4 2.02633 0 14 2.02633 0
gene 1 9 17 1.8169 0 38 1.8169 1
gene 1 17 4 -1.85246 0 39 -1.85246 1
gene 2 2 21 2.85905 0 49 2.85905 1
gene 2 21 6 0.457737 0 50 0.457737 1
gene 3 21 9 1.2025 0 59 1.2025 1
gene 3 1 6 -1.16825 0 147 -1.16825 1
gene 1 1 17 0.669406 0 200 0.669406 1
genomeend 59

/* Organism #60 Fitness: 4 Error: 2 */
genomestart 60
trait 1 0.371619 0 0 0 0.240975 0.100118 0.377453 0.397599 
trait 2 0.2 0 0 0 0 0 0 0 
trait 3 0.3 0 0 0 0 0 0 0 
node 1 2 1 3
node 2 2 1 1
node 3 2 1 1
node 4 1 0 2
node 6 1 0 0
node 9 1 0 0
node 17 1 0 0
node 21 1 0 0
node 90 1 0 0
gene 2 1 4 -4.76883 0 1 -4.76883 1
gene 2 2 4 0.187276 0 2 0.187276 1
gene 3 3 4 -8 0 3 -8 1
gene 2 2 6 0.162565 0 6 0.162565 0
gene 2 6 4 1.34996 0 7 1.34996 1
gene 1 3 9 -0.895469 0 13 -0.895469 1
gene 1 9 4 -1.73799 0 14 -1.73799 0
gene 1 9 17 0.0135806 0 38 0.0135806 1
gene 1 17 4 -3.93488 0 39 -3.93488 0
gene 2 2 21 2.85905 0 49 2.85905 1
gene 2 21 6 0.457737 0 50 0.457737 1
gene 3 21 9 -0.140843 0 59 -0.140843 1
gene 3 1 6 1.01204 0 147 1.01204 1
gene 1 1 17 0.669406 0 200 0.669406 1
gene 1 17 90 -0.323483 0 290 -0.323483 1
gene 1 90 4 -4.14965 0 291 -4.14965 1
genomeend 60

/* Organism #61 Fitness: 8.99999 Error: 1 */
genomestart 61
trait 1 0.371619 0 0 0 0.240975 0.100118 0.377453 0.397599 
trait 2 0.2 0 0 0 0 0 0 0 
trait 3 0.3 0 0 0 0 0 0 0 
node 1 2 1 3
node 2 2 1 1
node 3 2 1 1
node 4 1 0 2
node 6 1 0 0
node 9 1 0 0
node 17 1 0 0
node 21 1 0 0
node 90 1 0 0
gene 2 1 4 -2.90656 0 1 -2.90656 1
gene 2 2 4 8 0 2 8 1
gene 3 3 4 -8 0 3 -8 1
gene 3 2 6 -5.04824 0 6 -5.04824 1
gene 2 6 4 0.0962389 0 7 0.0962389 1
gene 1 3 9 -2.96723 0 13 -2.96723 1
gene 1 9 4 2.9899 0 14 2.9899 0
gene 1 9 17 2.41983 0 38 2.41983 1
gene 1 17 4 -2.44512 0 39 -2.44512 0
gene 2 2 21 0.445223 0 49 0.445223 1
gene 2 21 6 0.645282 0 50 0.645282 1
gene 3 21 9 2.73924 0 59 2.73924 1
gene 3 1 6 0.86236 0 147 0.86236 1
gene 1 1 17 0.669406 0 200 0.669406 1
gene 1 17 90 -1.02814 0 290 -1.02814 1
gene 1 90 4 -1.85246 0 291 -1.85246 1
genomeend 61

/* Organism #62 Fitness: 8.9997 Error: 1.00005 */
genomestart 62
trait 1 0.371619 0 0 0 0.240975 0.100118 0.377453 0.397599 
trait 2 0.2 0 0 0 0 0 0 0 
trait 3 0.3 0 0 0 0 0 0 0 
node 1 2 1 3
node 2 2 1 1
node 3 2 1 1
node 4 1 0 2
node 6 1 0 0
node 9 1 0 0
node 17 1 0 0
node 21 1 0 0
node 90 1 0 0
gene 2 1 4 -1.53073 0 1 -1.53073 1
gene 2 2 4 7.97839 0 2 7.97839 1
gene 3 3 4 -6.9103 0 3 -6.9103 1
gene 2 2 6 -2.29714 0 6 -2.29714 0
gene 2 6 4 1.86503 0 7 1.86503 1
gene 1 3 9 -1.77366 0 13 -1.77366 1
gene 1 9 4 0.954842 0 14 0.954842 0
gene 1 9 17 1.86115 0 38 1.86115 1
gene 1 17 4 -1.48668 0 39 -1.48668 0
gene 2 2 21 2.88143 0 49 2.88143 1
gene 2 21 6 0.219223 0 50 0.219223 1
gene 3 21 9 1.53243 0 59 1.53243 1
gene 3 1 6 -1.75473 0 147 -1.75473 1
gene 1 1 17 0.0688976 0 200 0.0688976 1
gene 1 17 90 2.63433 0 290 2.63433 1
gene 1 90 4 -1.55303 0 291 -1.55303 1
genomeend 62

/* Organism #63 Fitness: 9 Error: 1 */
genomestart 63
trait 1 0.371619 0 0 0 0.240975 0.100118 0.377453 0.397599 
trait 2 0.2 0 0 0 0 0 0 0 
trait 3 0.3 0 0 0 0 0 0 0 
node 1 2 1 3
node 2 2 1 1
node 3 2 1 1
node 4 1 0 2
node 6 1 0 0
node 9 1 0 0
node 17 1 0 0
node 21 1 0 0
gene 2 1 4 -3.73931 0 1 -3.73931 1
gene 2 2 4 8 0 2 8 1
gene 3 3 4 -8 0 3 -8 1
gene 2 2 6 -5.51002 0 6 -5.51002 0
gene 2 6 4 0.528842 0 7 0.528842 1
gene 1 3 9 -1.0399 0 13 -1.0399 1
gene 1 9 4 0.627678 0 14 0.627678 0
gene 1 9 17 1.2093 0 38 1.2093 1
gene 1 17 4 0.295056 0 39 0.295056 0
gene 2 2 21 2.73044 0 49 2.73044 1
gene 2 21 6 -0.481648 0 50 -0.481648 1
gene 3 21 9 1.31534 0 59 1.31534 1
gene 3 1 6 0.628394 0 147 0.628394 1
gene 1 1 17 0.669406 0 200 0.669406 1
genomeend 63

/* Organism #64 Fitness: 8.99698 Error: 1.0005 */
genomestart 64
trait 1 0.371619 0 0 0 0.240975 0.100118 0.377453 0.397599 
trait 2 0.2 0 0 0 0 0 0 0 
trait 3 0.3 0 0 0 0 0 0 0 
node 1 2 1 3
node 2 2 1 1
node 3 2 1 1
node 4 1 0 2
node 6 1 0 0
node 9 1 0 0
node 17 3 0 0
node 21 1 0 0
gene 2 1 4 -3.73387 0 1 -3.73387 1
gene 2 2 4 8 0 2 8 1
gene 1 3 4 -6.32771 0 3 -6.32771 1
gene 2 2 6 -1.79602 0 6 -1.79602 0
gene 2 6 4 1.13086 0 7 1.13086 1
gene 1 3 9 -0.23619 0 13 -0.23619 1
gene 1 9 4 2.11416 0 14 2.11416 0
gene 1 9 17 2.18296 0 38 2.18296 1
gene 1 17 4 -0.60058 0 39 -0.60058 1
gene 2 2 21 1.17874 0 49 1.17874 1
gene 2 21 6 0.457737 0 50 0.457737 1
gene 3 21 9 2.0478 0 59 2.0478 1
gene 3 1 6 0.479796 0 147 0.479796 1
gene 1 1 17 0.988452 0 200 0.988452 1
genomeend 64

/* Organism #65 Fitness: 8.94575 Error: 1.00905 */
genomestart 65
trait 1 0.371619 0 0 0 0.240975 0.100118 0.377453 0.397599 
trait 2 0.2 0 0 0 0 0 0 0 
trait 3 0.3 0 0 0 0 0 0 0 
node 1 2 1 3
node 2 2 1 1
node 3 2 1 1
node 4 1 0 2
node 6 1 0 0
node 9 1 0 0
node 17 1 0 0
node 21 1 0 0
gene 2 1 4 -2.36376 0 1 -2.36376 1
gene 2 2 4 7.60445 0 2 7.60445 1
gene 1 3 4 -8 0 3 -8 1
gene 2 2 6 -2.82924 0 6 -2.82924 0
gene 2 6 4 1.52581 0 7 1.52581 1
gene 1 3 9 -1.49243 0 13 -1.49243 1
gene 1 9 4 2.72964 0 14 2.72964 0
gene 1 9 17 0.800504 0 38 0.800504 1
gene 1 17 4 -1.85246 0 39 -1.85246 1
gene 2 2 21 5.02095 0 49 5.02095 1
gene 2 21 6 -0.186887 0 50 -0.186887 1
gene 3 21 9 -0.379227 0 59 -0.379227 1
gene 3 1 6 0.625876 0 147 0.625876 1
gene 1 1 17 -1.02157 0 200 -1.02157 1
genomeend 65

/* Organism #66 Fitness: 8.99991 Error: 1.00001 */
genomestart 66
trait 1 0.371619 0 0 0 0.240975 0.100118 0.377453 0.397599 
trait 2 0.2 0 0 0 0 0 0 0 
trait 3 0.3 0 0 0 0 0 0 0 
node 1 2 1 3
node 2 2 1 1
node 3 2 1 1
node 4 1 0 2
node 6 1 0 0
node 9 1 0 0
node 17 1 0 0
node 21 1 0 0
gene 2 1 4 -2.30432 0 1 -2.30432 1
gene 2 2 4 7.60445 0 2 7.60445 1
gene 3 3 4 -8 0 3 -8 1
gene 2 2 6 -3.58115 0 6 -3.58115 0
gene 2 6 4 1.34996 0 7 1.34996 1
gene 1 3 9 -1.81025 0 13 -1.81025 1
gene 1 9 4 2.02633 0 14 2.02633 0
gene 1 9 17 1.8169 0 38 1.8169 1
gene 1 17 4 -1.85246 0 39 -1.85246 0
gene 2 2 21 2.85905 0 49 2.85905 1
gene 2 21 6 0.457737 0 50 0.457737 1
gene 3 21 9 1.2025 0 59 1.2025 1
gene 3 1 6 -1.16825 0 147 -1.16825 1
gene 1 1 17 0.669406 0 200 0.669406 1
genomeend 66

/* Species #12 : (Size 6) (AF 6.9655) (Age 23)  */


/* Organism #67 Fitness: 8.997 Error: 1.0005 */
genomestart 67
trait 1 0.371619 0 0 0 0 0 0 0 
trait 2 0.2 0.190832 0 0 0 0 0 0 
trait 3 1 0 0.0335627 0 0 0.558284 0 0 
node 1 2 1 3
node 2 1 1 1
node 3 1 1 1
node 4 1 0 2
node 6 1 0 0
node 9 1 0 0
node 17 1 0 0
node 33 1 0 0
node 35 1 0 0
node 38 1 0 0
gene 2 1 4 -2.09746 0 1 -2.09746 1
gene 2 2 4 2.01856 0 2 2.01856 0
gene 1 3 4 6.34742 0 3 6.34742 1
gene 2 2 6 2.48326 0 6 2.48326 1
gene 2 6 4 -7.54487 0 7 -7.54487 1
gene 1 3 9 -0.353298 0 13 -0.353298 0
gene 1 9 4 1.84986 0 14 1.84986 0
gene 1 9 17 1.68068 0 38 1.68068 1
gene 1 17 4 1.32529 0 39 1.32529 1
gene 1 3 33 -0.013903 0 90 -0.013903 1
gene 1 33 9 -4.94198 0 91 -4.94198 1
gene 1 9 35 -4.85532 0 98 -4.85532 1
gene 1 35 17 -2.76676 0 99 -2.76676 1
gene 1 17 38 4.3677 0 109 4.3677 1
gene 1 38 4 2.1192 0 110 2.1192 1
genomeend 67

/* Organism #68 Fitness: 1.88615 Error: 2.62663 */
genomestart 68
trait 1 0.371619 0 0 0 0 0 0 0 
trait 2 0.2 0.190832 0 0 0 0 0 0 
trait 3 1 0 0 0.0173049 0 0.558284 0 0 
node 1 2 1 3
node 2 1 1 1
node 3 1 1 1
node 4 1 0 2
node 6 1 0 0
node 9 1 0 0
node 17 1 0 0
node 33 1 0 0
node 35 1 0 0
node 38 1 0 0
gene 2 1 4 -0.6156 0 1 -0.6156 1
gene 2 2 4 0.486998 0 2 0.486998 0
gene 1 3 4 8 0 3 8 1
gene 2 2 6 0.973772 0 6 0.973772 1
gene 2 6 4 -6.74118 0 7 -6.74118 1
gene 1 3 9 2.28621 0 13 2.28621 1
gene 1 9 4 -0.0290467 0 14 -0.0290467 0
gene 1 9 17 -0.901937 0 38 -0.901937 1
gene 1 17 4 2.54107 0 39 2.54107 1
gene 1 3 33 1.37828 0 90 1.37828 1
gene 1 33 9 -3.86535 0 91 -3.86535 1
gene 1 9 35 1.81689 0 98 1.81689 1
gene 1 35 17 0.896762 0 99 0.896762 1
gene 1 17 38 2.91757 0 109 2.91757 1
gene 1 38 4 1.80184 0 110 1.80184 1
genomeend 68

/* Organism #69 Fitness: 8.98849 Error: 1.00192 */
genomestart 69
trait 1 0.371619 0 0 0 0 0 0 0 
trait 2 0.2 0.190832 0 0 0 0 0 0 
trait 3 1 0 0.0335627 0 0 0.558284 0 0 
node 1 2 1 3
node 2 1 1 1
node 3 1 1 1
node 4 1 0 2
node 6 1 0 0
node 9 1 0 0
node 17 1 0 0
node 33 1 0 0
node 35 1 0 0
node 38 1 0 0
gene 2 1 4 -2.92494 0 1 -2.92494 1
gene 2 2 4 2.01856 0 2 2.01856 0
gene 1 3 4 7.92603 0 3 7.92603 1
gene 2 2 6 4.88885 0 6 4.88885 1
gene 2 6 4 -7.76603 0 7 -7.76603 1
gene 1 3 9 1.53018 0 13 1.53018 0
gene 1 9 4 3.64322 0 14 3.64322 0
gene 1 9 17 -0.256853 0 38 -0.256853 1
gene 1 17 4 -2.44208 0 39 -2.44208 1
gene 1 3 33 0.440341 0 90 0.440341 1
gene 1 33 9 -0.601788 0 91 -0.601788 1
gene 1 9 35 -6.68468 0 98 -6.68468 1
gene 1 35 17 -2.76676 0 99 -2.76676 1
gene 1 17 38 4.3677 0 109 4.3677 1
gene 1 38 4 0.609586 0 110 0.609586 1
genomeend 69

/* Organism #70 Fitness: 8.92387 Error: 1.01271 */
genomestart 70
trait 1 0.371619 0 0 0 0 0 0 0 
trait 2 0.2 0.190832 0 0 0 0 0 0 
trait 3 1 0 0.0335627 0 0 0.558284 0 0 
node 1 2 1 3
node 2 1 1 1
node 3 1 1 1
node 4 1 0 2
node 6 1 0 0
node 9 1 0 0
node 17 1 0 0
node 33 1 0 0
node 35 1 0 0
node 38 1 0 0
gene 2 1 4 -2.27135 0 1 -2.27135 1
gene 2 2 4 -0.392691 0 2 -0.392691 0
gene 1 3 4 7.27226 0 3 7.27226 1
gene 2 2 6 3.62545 0 6 3.62545 1
gene 2 6 4 -7.80928 0 7 -7.80928 1
gene 1 3 9 -1.21883 0 13 -1.21883 0
gene 1 9 4 1.22448 0 14 1.22448 0
gene 1 9 17 -0.816012 0 38 -0.816012 1
gene 1 17 4 4.27642 0 39 4.27642 1
gene 1 3 33 1.80101 0 90 1.80101 1
gene 1 33 9 -3.45355 0 91 -3.45355 1
gene 1 9 35 -6.82038 0 98 -6.82038 1
gene 1 35 17 -2.7067 0 99 -2.7067 1
gene 1 17 38 1.0345 0 109 1.0345 1
gene 1 38 4 3.82577 0 110 3.82577 1
genomeend 70

/* Organism #71 Fitness: 8.997 Error: 1.0005 */
genomestart 71
trait 1 0.371619 0 0 0 0 0 0 0 
trait 2 0.2 0.190832 0 0 0 0 0 0 
trait 3 1 0 0.0335627 0 0 0.558284 0 0 
node 1 2 1 3
node 2 1 1 1
node 3 1 1 1
node 4 1 0 2
node 6 1 0 0
node 9 1 0 0
node 17 1 0 0
node 33 1 0 0
node 35 1 0 0
node 38 1 0 0
gene 2 1 4 -2.09746 0 1 -2.09746 1
gene 2 2 4 2.01856 0 2 2.01856 0
gene 1 3 4 6.34742 0 3 6.34742 1
gene 2 2 6 2.48326 0 6 2.48326 1
gene 2 6 4 -7.54487 0 7 -7.54487 1
gene 1 3 9 -0.353298 0 13 -0.353298 0
gene 1 9 4 1.84986 0 14 1.84986 0
gene 1 9 17 1.68068 0 38 1.68068 1
gene 1 17 4 1.32529 0 39 1.32529 1
gene 1 3 33 -0.013903 0 90 -0.013903 1
gene 1 33 9 -4.94198 0 91 -4.94198 1
gene 1 9 35 -4.85532 0 98 -4.85532 1
gene 1 35 17 -2.76676 0 99 -2.76676 1
gene 1 17 38 4.3677 0 109 4.3677 1
gene 1 38 4 2.1192 0 110 2.1192 1
genomeend 71

/* Organism #72 Fitness: 4.00051 Error: 1.99987 */
genomestart 72
trait 1 0.371619 0 0 0 0 0 0 0 
trait 2 0.2 0.190832 0 0 0 0 0 0 
trait 3 1 0 0.0335627 0 0 0.558284 0 0 
node 1 2 1 3
node 2 1 1 1
node 3 1 1 1
node 4 1 0 2
node 6 1 0 0
node 9 1 0 0
node 17 1 0 0
node 33 1 0 0
node 35 1 0 0
node 38 1 0 0
gene 2 1 4 -2.26743 0 1 -2.26743 1
gene 2 2 4 1.92211 0 2 1.92211 0
gene 1 3 4 5.13814 0 3 5.13814 1
gene 2 2 6 2.30089 0 6 2.30089 1
gene 2 6 4 -8 0 7 -8 1
gene 1 3 9 -1.63703 0 13 -1.63703 1
gene 1 9 4 -0.654366 0 14 -0.654366 0
gene 1 9 17 0.286319 0 38 0.286319 1
gene 1 17 4 1.53514 0 39 1.53514 1
gene 1 3 33 1.30332 0 90 1.30332 1
gene 1 33 9 -1.77761 0 91 -1.77761 1
gene 1 9 35 -5.55235 0 98 -5.55235 1
gene 1 35 17 -2.93041 0 99 -2.93041 1
gene 1 17 38 2.92051 0 109 2.92051 1
gene 1 38 4 -1.37889 0 110 -1.37889 1
genomeend 72

/* Species #14 : (Size 9) (AF 7.4334) (Age 22)  */


/* Organism #73 Fitness: 9 Error: 1 */
genomestart 73
trait 1 1 0.315299 0.948082 0 0.839456 0 0.705476 0 
trait 2 0.2 0.3143 0.491326 0 0 0.09196 0 0 
trait 3 0.3 0 0 0 0 0 0 0 
node 1 2 1 3
node 2 1 1 1
node 3 2 1 1
node 4 1 0 2
node 6 1 0 0
node 9 2 0 0
gene 2 1 4 1.09947 0 1 1.09947 1
gene 2 2 4 8 0 2 8 1
gene 1 3 4 -6.45611 0 3 -6.45611 1
gene 2 2 6 -1.49473 0 6 -1.49473 1
gene 2 6 4 -4.55762 0 7 -4.55762 1
gene 1 3 9 6.66911 0 13 6.66911 1
gene 1 9 4 -8 0 14 -8 1
gene 1 9 6 5.63919 0 40 5.63919 1
gene 1 2 9 -3.78581 0 184 -3.78581 1
genomeend 73

/* Organism #74 Fitness: 2.78795 Error: 2.33029 */
genomestart 74
trait 1 1 0.315299 0.948082 0 0.839456 0 0.705476 0 
trait 2 0.2 0.3143 0.491326 0 0 0.09196 0 0 
trait 3 0.3 0 0 0 0 0 0 0 
node 1 2 1 3
node 2 1 1 1
node 3 2 1 1
node 4 1 0 2
node 6 1 0 0
node 9 2 0 0
gene 2 1 4 1.00668 0 1 1.00668 1
gene 2 2 4 7.41681 0 2 7.41681 1
gene 1 3 4 -7.18992 0 3 -7.18992 1
gene 2 2 6 -0.0685051 0 6 -0.0685051 1
gene 2 6 4 -1.26277 0 7 -1.26277 1
gene 1 3 9 6.17151 0 13 6.17151 1
gene 1 9 4 0.432372 0 14 0.432372 1
gene 1 9 6 7.68733 0 40 7.68733 1
gene 1 2 9 2.43264 0 184 2.43264 1
genomeend 74

/* Organism #75 Fitness: 9 Error: 1 */
genomestart 75
trait 1 1 0.315299 0.948082 0 0.839456 0 0.705476 0 
trait 2 0 0.3143 0.491326 0 0 0.684331 0 0 
trait 3 0.3 0 0 0 0 0 0 0 
node 1 2 1 3
node 2 1 1 1
node 3 2 1 1
node 4 1 0 2
node 6 1 0 0
node 9 2 0 0
gene 2 1 4 1.09947 0 1 1.09947 1
gene 2 2 4 8 0 2 8 1
gene 1 3 4 -6.45611 0 3 -6.45611 1
gene 2 2 6 -1.49473 0 6 -1.49473 1
gene 2 6 4 -4.55762 0 7 -4.55762 1
gene 1 3 9 6.66911 0 13 6.66911 1
gene 1 9 4 -8 0 14 -8 1
gene 1 9 6 5.63919 0 40 5.63919 1
gene 1 2 9 -3.78581 0 184 -3.78581 1
genomeend 75

/* Organism #76 Fitness: 9 Error: 1 */
genomestart 76
trait 1 1 0.315299 0.948082 0 0.839456 0 0.705476 0 
trait 2 0.2 0.3143 0.491326 0 0 0.09196 0 0 
trait 3 0.3 0 0 0 0 0 0 0 
node 1 2 1 3
node 2 1 1 1
node 3 2 1 1
node 4 1 0 2
node 6 1 0 0
node 9 2 0 0
gene 2 1 4 0.677376 0 1 0.677376 1
gene 2 2 4 5.85956 0 2 5.85956 1
gene 1 3 4 -4.43785 0 3 -4.43785 1
gene 2 2 6 -1.49473 0 6 -1.49473 1
gene 2 6 4 -6.88631 0 7 -6.88631 1
gene 1 3 9 6.03007 0 13 6.03007 1
gene 1 9 4 -6.51758 0 14 -6.51758 1
gene 1 9 6 5.63919 0 40 5.63919 1
gene 1 2 9 -5.40332 0 184 -5.40332 1
genomeend 76

/* Organism #77 Fitness: 9 Error: 1 */
genomestart 77
trait 1 1 0.315299 0.948082 0 0.839456 0 0.705476 0 
trait 2 0.2 0.3143 0.491326 0 0 0.09196 0 0 
trait 3 0.3 0 0 0 0 0 0 0 
node 1 2 1 3
node 2 1 1 1
node 3 2 1 1
node 4 1 0 2
node 6 1 0 0
node 9 2 0 0
gene 2 1 4 0.766634 0 1 0.766634 1
gene 2 2 4 8 0 2 8 1
gene 1 3 4 -5.1583 0 3 -5.1583 1
gene 2 2 6 -3.63689 0 6 -3.63689 1
gene 2 6 4 -5.97647 0 7 -5.97647 1
gene 1 3 9 5.78673 0 13 5.78673 1
gene 1 9 4 -8 0 14 -8 1
gene 1 9 6 4.03199 0 40 4.03199 1
gene 1 2 9 -3.69591 0 184 -3.69591 1
genomeend 77

/* Organism #78 Fitness: 5.61089 Error: 1.63127 */
genomestart 78
trait 1 1 0.315299 0.948082 0 0.839456 0 0.705476 0 
trait 2 0.2 0.3143 0.491326 0 0 0.09196 0 0 
trait 3 0.3 0 0 0 0 0 0 0 
node 1 2 1 3
node 2 1 1 1
node 3 2 1 1
node 4 1 0 2
node 6 1 0 0
node 9 2 0 0
gene 2 1 4 -0.0267519 0 1 -0.0267519 1
gene 2 2 4 1.24815 0 2 1.24815 1
gene 1 3 4 2.44752 0 3 2.44752 1
gene 2 2 6 -1.09405 0 6 -1.09405 1
gene 2 6 4 -5.05387 0 7 -5.05387 1
gene 1 3 9 -2.31631 0 13 -2.31631 1
gene 1 9 4 -8 0 14 -8 1
gene 1 9 6 8 0 40 8 1
gene 1 2 9 -2.57143 0 184 -2.57143 1
genomeend 78

/* Organism #79 Fitness: 9 Error: 1 */
genomestart 79
trait 1 1 0.315299 0.948082 0 0.839456 0 0.705476 0 
trait 2 0.2 0.3143 0.491326 0 0 0.09196 0 0 
trait 3 0.3 0 0 0 0 0 0 0 
node 1 2 1 3
node 2 1 1 1
node 3 2 1 1
node 4 1 0 2
node 6 1 0 0
node 9 2 0 0
gene 2 1 4 1.23145 0 1 1.23145 1
gene 2 2 4 5.97664 0 2 5.97664 1
gene 1 3 4 -7.62885 0 3 -7.62885 1
gene 2 2 6 -0.56353 0 6 -0.56353 1
gene 2 6 4 -3.73392 0 7 -3.73392 1
gene 1 3 9 5.97187 0 13 5.97187 1
gene 1 9 4 -8 0 14 -8 1
gene 1 9 6 7.21628 0 40 7.21628 1
gene 1 2 9 -2.75065 0 184 -2.75065 1
genomeend 79

/* Organism #80 Fitness: 5.1857 Error: 1.72279 */
genomestart 80
trait 1 1 0.315299 0.948082 0 0.839456 0 0.705476 0 
trait 2 0.2 0.3143 0.491326 0 0 0.09196 0 0 
trait 3 0.3 0 0 0 0 0 0 0 
node 1 2 1 3
node 2 1 1 1
node 3 2 1 1
node 4 1 0 2
node 6 1 0 0
node 9 2 0 0
gene 2 1 4 2.18875 0 1 2.18875 1
gene 2 2 4 2.18878 0 2 2.18878 1
gene 1 3 4 -8 0 3 -8 1
gene 2 2 6 0.133112 0 6 0.133112 1
gene 2 6 4 -6.94598 0 7 -6.94598 1
gene 1 3 9 -2.43341 0 13 -2.43341 1
gene 1 9 4 -7.80581 0 14 -7.80581 1
gene 1 9 6 3.22816 0 40 3.22816 1
gene 1 2 9 -3.78581 0 184 -3.78581 1
genomeend 80

/* Organism #81 Fitness: 8.31608 Error: 1.11624 */
genomestart 81
trait 1 1 0.315299 0.948082 0 0.839456 0 0.705476 0 
trait 2 0.2 0.3143 0.491326 0 0 0.09196 0 0 
trait 3 0.3 0 0 0 0 0 0 0 
node 1 2 1 3
node 2 1 1 1
node 3 2 1 1
node 4 1 0 2
node 6 2 0 0
node 9 2 0 0
gene 2 1 4 -0.558635 0 1 -0.558635 1
gene 2 2 4 1.73804 0 2 1.73804 1
gene 1 3 4 -5.57126 0 3 -5.57126 1
gene 2 2 6 -0.37381 0 6 -0.37381 1
gene 2 6 4 -5.6034 0 7 -5.6034 1
gene 1 3 9 7.63711 0 13 7.63711 1
gene 1 9 4 -7.98195 0 14 -7.98195 1
gene 1 9 6 4.18272 0 40 4.18272 1
gene 1 2 9 -3.45753 0 184 -3.45753 1
genomeend 81

/* Species #15 : (Size 8) (AF 6.50507) (Age 21)  */


/* Organism #82 Fitness: 8.99991 Error: 1.00001 */
genomestart 82
trait 1 0.371619 0 0 0 0 0 0 0 
trait 2 0.2 0 0 0 0 0 0 0 
trait 3 0 0 0 0.408261 0 0.769691 0.749361 0 
node 1 2 1 3
node 2 1 1 1
node 3 3 1 1
node 4 1 0 2
node 6 1 0 0
node 9 1 0 0
node 17 2 0 0
node 23 1 0 0
gene 2 1 4 7.68579 0 1 7.68579 1
gene 2 2 4 -0.208165 0 2 -0.208165 1
gene 1 3 4 -8 0 3 -8 1
gene 2 2 6 -7.61187 0 6 -7.61187 1
gene 2 6 4 8 0 7 8 1
gene 1 3 9 -5.91806 0 13 -5.91806 1
gene 1 9 4 4.30792 0 14 4.30792 1
gene 1 9 17 -0.734908 0 38 -0.734908 1
gene 1 17 4 -0.213075 0 39 -0.213075 1
gene 2 2 23 3.77202 0 60 3.77202 1
gene 2 23 4 -2.77747 0 61 -2.77747 1
gene 2 6 17 -0.591278 0 95 -0.591278 1
genomeend 82

/* Organism #83 Fitness: 4 Error: 2 */
genomestart 83
trait 1 0.371619 0 0 0 0 0 0 0 
trait 2 0.2 0 0 0 0 0 0 0 
trait 3 0 0 0 0.408261 0 0.769691 0.749361 0 
node 1 2 1 3
node 2 1 1 1
node 3 3 1 1
node 4 1 0 2
node 6 1 0 0
node 9 1 0 0
node 17 2 0 0
node 23 1 0 0
gene 2 1 4 6.6674 0 1 6.6674 1
gene 2 2 4 0.610217 0 2 0.610217 1
gene 1 3 4 -6.09427 0 3 -6.09427 1
gene 2 2 6 1.30775 0 6 1.30775 1
gene 2 6 4 8 0 7 8 1
gene 1 3 9 0.566572 0 13 0.566572 1
gene 1 9 4 4.4619 0 14 4.4619 1
gene 1 9 17 1.12443 0 38 1.12443 1
gene 1 17 4 0.578308 0 39 0.578308 1
gene 2 2 23 3.14818 0 60 3.14818 1
gene 2 23 4 -3.85097 0 61 -3.85097 1
gene 2 6 17 -1.67974 0 95 -1.67974 1
genomeend 83

/* Organism #84 Fitness: 4.00007 Error: 1.99998 */
genomestart 84
trait 1 0.371619 0 0 0 0 0 0 0 
trait 2 0.2 0 0 0 0 0 0 0 
trait 3 0 0 0 0.408261 0 0.769691 0.749361 0 
node 1 2 1 3
node 2 1 1 1
node 3 3 1 1
node 4 1 0 2
node 6 1 0 0
node 9 1 0 0
node 17 2 0 0
node 23 1 0 0
gene 2 1 4 5.80743 0 1 5.80743 1
gene 2 2 4 1.81699 0 2 1.81699 1
gene 1 3 4 -6.38013 0 3 -6.38013 1
gene 2 2 6 -1.6712 0 6 -1.6712 1
gene 2 6 4 8 0 7 8 1
gene 1 3 9 -7.71205 0 13 -7.71205 1
gene 1 9 4 4.67551 0 14 4.67551 1
gene 1 9 17 -0.82891 0 38 -0.82891 1
gene 1 17 4 2.05209 0 39 2.05209 1
gene 2 2 23 -0.590982 0 60 -0.590982 1
gene 2 23 4 -1.7193 0 61 -1.7193 1
gene 2 6 17 -1.98945 0 95 -1.98945 1
genomeend 84

/* Organism #85 Fitness: 8.99791 Error: 1.00035 */
genomestart 85
trait 1 0.371619 0 0 0 0 0 0 0 
trait 2 0.2 0 0 0 0 0 0 0 
trait 3 0 0 0 0.408261 0 0.769691 0.749361 0 
node 1 2 1 3
node 2 3 1 1
node 3 3 1 1
node 4 1 0 2
node 6 1 0 0
node 9 1 0 0
node 17 2 0 0
node 23 1 0 0
gene 2 1 4 7.68579 0 1 7.68579 1
gene 2 2 4 0.965726 0 2 0.965726 1
gene 1 3 4 -8 0 3 -8 1
gene 2 2 6 -5.72363 0 6 -5.72363 1
gene 2 6 4 8 0 7 8 1
gene 1 3 9 -4.63714 0 13 -4.63714 1
gene 1 9 4 1.3506 0 14 1.3506 1
gene 1 9 17 -0.665638 0 38 -0.665638 1
gene 1 17 4 -0.213075 0 39 -0.213075 1
gene 2 2 23 3.77202 0 60 3.77202 1
gene 2 23 4 -4.05746 0 61 -4.05746 1
gene 2 6 17 -0.591278 0 95 -0.591278 1
genomeend 85

/* Organism #86 Fitness: 8.99956 Error: 1.00007 */
genomestart 86
trait 1 0.371619 0 0 0 0 0 0 0 
trait 2 0.2 0 0 0 0 0 0 0 
trait 3 0 0 0 0.408261 0 0.769691 0.749361 0 
node 1 2 1 3
node 2 1 1 1
node 3 3 1 1
node 4 1 0 2
node 6 1 0 0
node 9 1 0 0
node 17 2 0 0
node 23 1 0 0
gene 2 1 4 7.62247 0 1 7.62247 1
gene 2 2 4 0.965726 0 2 0.965726 1
gene 1 3 4 -7.6634 0 3 -7.6634 1
gene 2 2 6 -5.72363 0 6 -5.72363 1
gene 2 6 4 8 0 7 8 1
gene 1 3 9 -4.63714 0 13 -4.63714 1
gene 1 9 4 1.3506 0 14 1.3506 1
gene 1 9 17 -0.665638 0 38 -0.665638 1
gene 1 17 4 0.00623129 0 39 0.00623129 1
gene 2 2 23 3.36273 0 60 3.36273 1
gene 2 23 4 -4.05746 0 61 -4.05746 1
gene 2 6 17 0.790118 0 95 0.790118 1
genomeend 86

/* Organism #87 Fitness: 8.99952 Error: 1.00008 */
genomestart 87
trait 1 0.371619 0 0 0 0 0 0 0 
trait 2 0.2 0 0 0 0 0 0 0 
trait 3 0 0 0 0.408261 0 0.769691 0.749361 0 
node 1 2 1 3
node 2 1 1 1
node 3 3 1 1
node 4 1 0 2
node 6 1 0 0
node 9 1 0 0
node 17 2 0 0
node 23 1 0 0
gene 2 1 4 6.78742 0 1 6.78742 1
gene 2 2 4 -0.691385 0 2 -0.691385 1
gene 1 3 4 -8 0 3 -8 1
gene 2 2 6 -7.48443 0 6 -7.48443 1
gene 2 6 4 8 0 7 8 1
gene 1 3 9 -7.54849 0 13 -7.54849 1
gene 1 9 4 5.80572 0 14 5.80572 1
gene 1 9 17 -0.812188 0 38 -0.812188 1
gene 1 17 4 1.5112 0 39 1.5112 1
gene 2 2 23 6.11581 0 60 6.11581 1
gene 2 23 4 -1.74824 0 61 -1.74824 1
gene 2 6 17 -2.5426 0 95 -2.5426 1
genomeend 87

/* Organism #88 Fitness: 4.0436 Error: 1.98913 */
genomestart 88
trait 1 0.371619 0 0 0 0 0 0 0 
trait 2 0.2 0 0 0 0 0 0 0 
trait 3 0 0 0 0.408261 0 0.769691 0.749361 0 
node 1 2 1 3
node 2 1 1 1
node 3 3 1 1
node 4 1 0 2
node 6 1 0 0
node 9 1 0 0
node 17 2 0 0
node 23 1 0 0
gene 2 1 4 -1.1504 0 1 -1.1504 1
gene 2 2 4 -1.59135 0 2 -1.59135 1
gene 1 3 4 -7.40994 0 3 -7.40994 1
gene 2 2 6 1.74739 0 6 1.74739 1
gene 2 6 4 5.81256 0 7 5.81256 1
gene 1 3 9 -7.9898 0 13 -7.9898 1
gene 1 9 4 3.38392 0 14 3.38392 1
gene 1 9 17 -0.264355 0 38 -0.264355 1
gene 1 17 4 1.20476 0 39 1.20476 1
gene 2 2 23 -1.71031 0 60 -1.71031 1
gene 2 23 4 -5.07358 0 61 -5.07358 1
gene 2 6 17 -1.96271 0 95 -1.96271 1
genomeend 88

/* Organism #89 Fitness: 4.00002 Error: 2 */
genomestart 89
trait 1 0.371619 0 0 0 0 0 0 0 
trait 2 0.2 0 0 0 0 0 0 0 
trait 3 0 0 0 0.408261 0 0.769691 0.749361 0 
node 1 2 1 3
node 2 1 1 1
node 3 3 1 1
node 4 1 0 2
node 6 1 0 0
node 9 1 0 0
node 17 2 0 0
node 23 1 0 0
gene 2 1 4 7.98304 0 1 7.98304 1
gene 2 2 4 -1.17517 0 2 -1.17517 1
gene 1 3 4 -5.74553 0 3 -5.74553 1
gene 2 2 6 -8 0 6 -8 1
gene 2 6 4 8 0 7 8 1
gene 1 3 9 -4.7638 0 13 -4.7638 1
gene 1 9 4 4.43118 0 14 4.43118 1
gene 1 9 17 -2.10127 0 38 -2.10127 1
gene 1 17 4 -0.1684 0 39 -0.1684 1
gene 2 2 23 2.00957 0 60 2.00957 1
gene 2 23 4 1.51693 0 61 1.51693 1
gene 2 6 17 -0.591278 0 95 -0.591278 1
genomeend 89

/* Species #16 : (Size 7) (AF 7.66917) (Age 18)  */


/* Organism #90 Fitness: 8.97345 Error: 1.00443 */
genomestart 90
trait 1 0.1 0 0 0 0 0 0 0 
trait 2 0.2 0 0 0 0 0 0 0 
trait 3 0.3 0 0 0 0 0 0 0 
node 1 2 1 3
node 2 1 1 1
node 3 2 1 1
node 4 1 0 2
node 6 1 0 0
node 39 1 0 0
gene 2 1 4 -3.81662 0 1 -3.81662 1
gene 2 2 4 -3.72954 0 2 -3.72954 1
gene 1 3 4 4.19761 0 3 4.19761 1
gene 2 2 6 -0.311187 0 6 -0.311187 1
gene 3 6 4 1.02816 0 7 1.02816 1
gene 2 2 39 -2.11914 0 112 -2.11914 1
gene 2 39 4 2.59195 0 113 2.59195 1
gene 3 6 39 -0.997723 0 121 -0.997723 1
genomeend 90

/* Organism #91 Fitness: 8.99865 Error: 1.00022 */
genomestart 91
trait 1 0.1 0 0 0 0 0 0 0 
trait 2 0.2 0 0 0 0 0 0 0 
trait 3 0.3 0 0 0 0 0 0 0 
node 1 2 1 3
node 2 1 1 1
node 3 2 1 1
node 4 1 0 2
node 6 1 0 0
node 39 1 0 0
gene 2 1 4 -5.31024 0 1 -5.31024 1
gene 2 2 4 -4.28689 0 2 -4.28689 1
gene 1 3 4 6.45202 0 3 6.45202 1
gene 2 2 6 0.429922 0 6 0.429922 1
gene 3 6 4 1.19897 0 7 1.19897 1
gene 2 2 39 -3.53937 0 112 -3.53937 1
gene 2 39 4 1.86014 0 113 1.86014 1
gene 3 6 39 -3.21523 0 121 -3.21523 1
genomeend 91

/* Organism #92 Fitness: 8.94106 Error: 1.00984 */
genomestart 92
trait 1 0.1 0 0 0 0 0 0 0 
trait 2 0.2 0 0 0 0 0 0 0 
trait 3 0.3 0 0 0 0 0 0 0 
node 1 2 1 3
node 2 1 1 1
node 3 2 1 1
node 4 1 0 2
node 6 1 0 0
node 39 1 0 0
gene 2 1 4 -4.19662 0 1 -4.19662 1
gene 2 2 4 -3.22917 0 2 -3.22917 1
gene 1 3 4 4.46041 0 3 4.46041 1
gene 2 2 6 0.0381604 0 6 0.0381604 1
gene 3 6 4 1.18546 0 7 1.18546 1
gene 2 2 39 -2.35909 0 112 -2.35909 1
gene 2 39 4 1.98586 0 113 1.98586 1
gene 3 6 39 -1.28685 0 121 -1.28685 1
genomeend 92

/* Organism #93 Fitness: 8.7852 Error: 1.03602 */
genomestart 93
trait 1 0.1 0 0 0 0 0 0 0 
trait 2 0.2 0 0 0 0 0 0 0 
trait 3 0.3 0 0 0 0 0 0 0 
node 1 2 1 3
node 2 1 1 1
node 3 2 1 1
node 4 1 0 2
node 6 1 0 0
node 39 1 0 0
gene 2 1 4 -3.54052 0 1 -3.54052 1
gene 2 2 4 -5.17898 0 2 -5.17898 1
gene 1 3 4 2.8408 0 3 2.8408 1
gene 2 2 6 2.17536 0 6 2.17536 1
gene 3 6 4 0.444585 0 7 0.444585 1
gene 2 2 39 -3.86124 0 112 -3.86124 1
gene 2 39 4 3.74917 0 113 3.74917 1
gene 3 6 39 -0.333693 0 121 -0.333693 1
genomeend 93

/* Organism #94 Fitness: 4.99229 Error: 1.76566 */
genomestart 94
trait 1 0.1 0 0 0 0 0 0 0 
trait 2 0.2 0 0 0 0 0 0 0 
trait 3 1 0 0 0 0 0 0.591193 0 
node 1 2 1 3
node 2 1 1 1
node 3 2 1 1
node 4 1 0 2
node 6 1 0 0
node 39 1 0 0
gene 2 1 4 -5.53201 0 1 -5.53201 1
gene 2 2 4 -1.49042 0 2 -1.49042 1
gene 1 3 4 4.71703 0 3 4.71703 1
gene 2 2 6 -0.801021 0 6 -0.801021 1
gene 3 6 4 1.14809 0 7 1.14809 1
gene 2 2 39 -0.868479 0 112 -0.868479 1
gene 2 39 4 0.845423 0 113 0.845423 1
gene 3 6 39 -2.99932 0 121 -2.99932 1
genomeend 94

/* Organism #95 Fitness: 4.02311 Error: 1.99423 */
genomestart 95
trait 1 0.1 0 0 0 0 0 0 0 
trait 2 0.2 0 0 0 0 0 0 0 
trait 3 0.3 0 0 0 0 0 0 0 
node 1 2 1 3
node 2 1 1 1
node 3 2 1 1
node 4 3 0 2
node 6 1 0 0
node 39 1 0 0
gene 2 1 4 -2.08275 0 1 -2.08275 1
gene 2 2 4 -1.81241 0 2 -1.81241 1
gene 1 3 4 2.65544 0 3 2.65544 1
gene 2 2 6 2.1984 0 6 2.1984 1
gene 3 6 4 2.12584 0 7 2.12584 1
gene 2 2 39 -3.68665 0 112 -3.68665 1
gene 2 39 4 0.275345 0 113 0.275345 1
gene 3 6 39 -1.77729 0 121 -1.77729 1
genomeend 95

/* Organism #96 Fitness: 8.97045 Error: 1.00493 */
genomestart 96
trait 1 0.1 0 0 0 0 0 0 0 
trait 2 0.2 0 0 0 0 0 0 0 
trait 3 0.3 0 0 0 0 0 0 0 
node 1 2 1 3
node 2 1 1 1
node 3 2 1 1
node 4 1 0 2
node 6 1 0 0
node 39 1 0 0
node 95 1 0 0
gene 2 1 4 -4.57661 0 1 -4.57661 1
gene 2 2 4 -2.7288 0 2 -2.7288 1
gene 1 3 4 4.72321 0 3 4.72321 1
gene 2 2 6 0.387508 0 6 0.387508 0
gene 3 6 4 1.34275 0 7 1.34275 1
gene 2 2 39 -2.59903 0 112 -2.59903 1
gene 2 39 4 1.37977 0 113 1.37977 1
gene 3 6 39 -1.57597 0 121 -1.57597 1
gene 2 2 95 1 0 305 0 1
gene 2 95 6 0.387508 0 306 0 1
genomeend 96

/* Species #17 : (Size 8) (AF 5.72081) (Age 17)  */


/* Organism #97 Fitness: 8.9974 Error: 1.00043 */
genomestart 97
trait 1 0.1 0 0 0 0 0 0 0 
trait 2 0.2 0 0 0.0599751 0 0 0.4047 0 
trait 3 0.3 0 0 0 0 0 0 0 
node 1 1 1 3
node 2 2 1 1
node 3 2 1 1
node 4 2 0 2
node 8 1 0 0
node 13 1 0 0
node 20 1 0 0
node 45 1 0 0
gene 1 1 4 3.02583 0 1 3.02583 1
gene 2 2 4 -3.09864 0 2 -3.09864 0
gene 1 3 4 -0.365069 0 3 -0.365069 0
gene 2 2 8 -1.86691 0 10 -1.86691 1
gene 2 8 4 -1.71398 0 11 -1.71398 0
gene 1 3 13 0.912663 0 24 0.912663 1
gene 1 13 4 -1.033 0 25 -1.033 0
gene 1 13 20 -3.71183 0 46 -3.71183 1
gene 1 20 4 6.55716 0 47 6.55716 1
gene 2 3 8 -0.709764 0 124 -0.709764 1
gene 2 8 45 3.10655 0 135 3.10655 1
gene 2 45 4 -4.63164 0 136 -4.63164 1
gene 1 13 45 -1.08823 0 177 -1.08823 1
genomeend 97

/* Organism #98 Fitness: 4 Error: 2 */
genomestart 98
trait 1 0.1 0 0 0 0 0 0 0 
trait 2 0.2 0 0 0.0599751 0 0 0.4047 0 
trait 3 0.3 0 0 0 0 0 0 0 
node 1 1 1 3
node 2 2 1 1
node 3 2 1 1
node 4 2 0 2
node 8 1 0 0
node 13 1 0 0
node 20 1 0 0
node 45 1 0 0
gene 1 1 4 3.36795 0 1 3.36795 1
gene 2 2 4 -4.97462 0 2 -4.97462 0
gene 1 3 4 0.904854 0 3 0.904854 0
gene 2 2 8 -3.80547 0 10 -3.80547 1
gene 2 8 4 -0.201081 0 11 -0.201081 0
gene 1 3 13 -0.30102 0 24 -0.30102 1
gene 1 13 4 0.253661 0 25 0.253661 0
gene 1 13 20 -1.45289 0 46 -1.45289 1
gene 1 20 4 8 0 47 8 1
gene 2 3 8 -1.45793 0 124 -1.45793 1
gene 2 8 45 0.817445 0 135 0.817445 1
gene 2 45 4 -1.72766 0 136 -1.72766 1
gene 1 13 45 -1.08823 0 177 -1.08823 1
genomeend 98

/* Organism #99 Fitness: 3.99974 Error: 2.00007 */
genomestart 99
trait 1 0.1 0 0 0 0 0 0 0 
trait 2 0.2 0 0 0.0599751 0 0 0.4047 0 
trait 3 0.3 0 0 0 0 0 0 0 
node 1 1 1 3
node 2 2 1 1
node 3 2 1 1
node 4 2 0 2
node 8 1 0 0
node 13 1 0 0
node 20 1 0 0
node 45 1 0 0
gene 1 1 4 5.45104 0 1 5.45104 1
gene 2 2 4 -3.09864 0 2 -3.09864 0
gene 1 3 4 2.47061 0 3 2.47061 0
gene 2 2 8 0.107964 0 10 0.107964 1
gene 2 8 4 1.58019 0 11 1.58019 0
gene 1 3 13 -0.805624 0 24 -0.805624 1
gene 1 13 4 -1.64519 0 25 -1.64519 0
gene 1 13 20 -3.50399 0 46 -3.50399 1
gene 1 20 4 1.53117 0 47 1.53117 1
gene 2 3 8 1.16142 0 124 1.16142 1
gene 2 8 45 4.19347 0 135 4.19347 1
gene 2 45 4 -5.06667 0 136 -5.06667 1
gene 1 13 45 0.11394 0 177 0.11394 1
genomeend 99

/* Organism #100 Fitness: 8.99226 Error: 1.00129 */
genomestart 100
trait 1 0.1 0 0 0 0 0 0 0 
trait 2 0.2 0 0 0.0599751 0 0 0.4047 0 
trait 3 0.3 0 0 0 0 0 0 0 
node 1 1 1 3
node 2 2 1 1
node 3 2 1 1
node 4 2 0 2
node 8 1 0 0
node 13 1 0 0
node 20 1 0 0
node 45 1 0 0
gene 1 1 4 3.02583 0 1 3.02583 1
gene 2 2 4 -2.09082 0 2 -2.09082 0
gene 1 3 4 -0.365069 0 3 -0.365069 0
gene 2 2 8 -2.22964 0 10 -2.22964 1
gene 2 8 4 -3.81846 0 11 -3.81846 0
gene 1 3 13 0.912663 0 24 0.912663 1
gene 1 13 4 0.754684 0 25 0.754684 0
gene 1 13 20 -2.56002 0 46 -2.56002 1
gene 1 20 4 0.950966 0 47 0.950966 1
gene 2 3 8 -2.66206 0 124 -2.66206 1
gene 2 8 45 2.24612 0 135 2.24612 1
gene 2 45 4 -4.63164 0 136 -4.63164 1
gene 1 13 45 -1.08823 0 177 -1.08823 1
genomeend 100

/* Organism #101 Fitness: 4.00195 Error: 1.99951 */
genomestart 101
trait 1 0.1 0 0 0 0 0 0 0 
trait 2 0.2 0 0 0.0599751 0 0 0.4047 0 
trait 3 0.3 0 0 0 0 0 0 0 
node 1 1 1 3
node 2 2 1 1
node 3 2 1 1
node 4 2 0 2
node 8 1 0 0
node 13 1 0 0
node 20 3 0 0
node 45 1 0 0
gene 1 1 4 4.57822 0 1 4.57822 1
gene 2 2 4 -3.09864 0 2 -3.09864 0
gene 1 3 4 -1.53622 0 3 -1.53622 0
gene 2 2 8 -2.90781 0 10 -2.90781 1
gene 2 8 4 -0.328906 0 11 -0.328906 1
gene 1 3 13 1.40276 0 24 1.40276 1
gene 1 13 4 -0.335041 0 25 -0.335041 1
gene 1 13 20 -0.629203 0 46 -0.629203 1
gene 1 20 4 -2.44816 0 47 -2.44816 1
gene 2 3 8 0.197793 0 124 0.197793 1
gene 2 8 45 3.6288 0 135 3.6288 1
gene 2 45 4 -2.3904 0 136 -2.3904 1
gene 1 13 45 -2.34314 0 177 -2.34314 1
genomeend 101

/* Organism #102 Fitness: 4.00012 Error: 1.99997 */
genomestart 102
trait 1 0.1 0 0 0 0 0 0 0 
trait 2 0.2 0 0 0.0599751 0 0 0.4047 0 
trait 3 0.3 0 0 0 0 0 0 0 
node 1 1 1 3
node 2 2 1 1
node 3 2 1 1
node 4 2 0 2
node 8 1 0 0
node 13 1 0 0
node 20 1 0 0
node 45 1 0 0
gene 1 1 4 2.03224 0 1 2.03224 1
gene 2 2 4 -3.20748 0 2 -3.20748 0
gene 1 3 4 -2.55393 0 3 -2.55393 0
gene 2 2 8 -0.565895 0 10 -0.565895 1
gene 2 8 4 -2.56026 0 11 -2.56026 0
gene 1 3 13 2.31753 0 24 2.31753 1
gene 1 13 4 -2.27329 0 25 -2.27329 0
gene 1 13 20 -4.37654 0 46 -4.37654 1
gene 1 20 4 8 0 47 8 1
gene 2 3 8 0.229597 0 124 0.229597 1
gene 2 8 45 4.8925 0 135 4.8925 1
gene 2 45 4 -0.586959 0 136 -0.586959 1
gene 1 13 45 1.17195 0 177 1.17195 1
genomeend 102

/* Organism #103 Fitness: 4.0003 Error: 1.99992 */
genomestart 103
trait 1 0.1 0 0 0 0 0 0 0 
trait 2 0.2 0 0 0.0599751 0 0 0.4047 0 
trait 3 0.3 0 0 0 0 0 0 0 
node 1 1 1 3
node 2 2 1 1
node 3 2 1 1
node 4 2 0 2
node 8 1 0 0
node 13 1 0 0
node 20 1 0 0
node 45 1 0 0
gene 1 1 4 5.36034 0 1 5.36034 1
gene 2 2 4 -3.09864 0 2 -3.09864 1
gene 1 3 4 -0.365069 0 3 -0.365069 1
gene 2 2 8 -2.35327 0 10 -2.35327 1
gene 2 8 4 0.0952633 0 11 0.0952633 0
gene 1 3 13 2.38416 0 24 2.38416 1
gene 1 13 4 1.7333 0 25 1.7333 0
gene 1 13 20 -2.09748 0 46 -2.09748 1
gene 1 20 4 6.55716 0 47 6.55716 1
gene 2 3 8 -0.709764 0 124 -0.709764 1
gene 2 8 45 3.17476 0 135 3.17476 1
gene 2 45 4 -3.12333 0 136 -3.12333 1
gene 1 13 45 -2.72924 0 177 -2.72924 1
genomeend 103

/* Organism #104 Fitness: 7.77473 Error: 1.21168 */
genomestart 104
trait 1 0.1 0 0 0 0 0 0 0 
trait 2 0.2 0 0 0.0599751 0 0 0.4047 0 
trait 3 0.3 0 0 0 0 0 0 0 
node 1 1 1 3
node 2 2 1 1
node 3 2 1 1
node 4 2 0 2
node 8 1 0 0
node 13 1 0 0
node 20 1 0 0
node 45 1 0 0
gene 1 1 4 3.02583 0 1 3.02583 1
gene 2 2 4 2.18707 0 2 2.18707 0
gene 1 3 4 1.80154 0 3 1.80154 0
gene 2 2 8 -0.48746 0 10 -0.48746 1
gene 2 8 4 2.20663 0 11 2.20663 0
gene 1 3 13 2.19305 0 24 2.19305 1
gene 1 13 4 -0.676653 0 25 -0.676653 0
gene 1 13 20 -1.71131 0 46 -1.71131 1
gene 1 20 4 0.153015 0 47 0.153015 1
gene 2 3 8 -3.15627 0 124 -3.15627 1
gene 2 8 45 2.1424 0 135 2.1424 1
gene 2 45 4 -5.75731 0 136 -5.75731 1
gene 1 13 45 -2.02406 0 177 -2.02406 1
genomeend 104

/* Species #18 : (Size 7) (AF 8.64318) (Age 16)  */


/* Organism #105 Fitness: 11.4009 Error: 0.62348 */
genomestart 105
trait 1 0.371619 0 0 0 0 0 0 0 
trait 2 0.2 0 0 0 0 0 0 0 
trait 3 1 0 0.0335627 0 0 0.558284 0 0 
node 1 2 1 3
node 2 1 1 1
node 3 1 1 1
node 4 1 0 2
node 6 1 0 0
node 9 1 0 0
node 17 1 0 0
node 51 1 0 0
gene 1 1 4 1.89266 0 1 1.89266 1
gene 2 2 4 1.88133 0 2 1.88133 1
gene 1 3 4 -0.922608 0 3 -0.922608 1
gene 2 2 6 1.48379 0 6 1.48379 1
gene 2 6 4 -8 0 7 -8 1
gene 1 3 9 -1.78682 0 13 -1.78682 1
gene 1 9 4 -7.69549 0 14 -7.69549 1
gene 1 9 17 1.56637 0 38 1.56637 1
gene 1 17 4 -3.52386 0 39 -3.52386 0
gene 1 17 51 -2.33793 0 153 -2.33793 1
gene 1 51 4 -0.736413 0 154 -0.736413 1
gene 1 17 6 -2.74762 0 168 -2.74762 1
genomeend 105

/* Organism #106 Fitness: 8.99961 Error: 1.00007 */
genomestart 106
trait 1 0.371619 0 0 0 0 0 0 0 
trait 2 0.2 0 0 0 0 0 0 0 
trait 3 1 0 0.0335627 0 0 0.558284 0 0 
node 1 2 1 3
node 2 1 1 1
node 3 1 1 1
node 4 1 0 2
node 6 1 0 0
node 9 1 0 0
node 17 1 0 0
node 51 1 0 0
gene 2 1 4 1.16776 0 1 1.16776 1
gene 2 2 4 1.88133 0 2 1.88133 1
gene 1 3 4 0.807546 0 3 0.807546 1
gene 2 2 6 3.3413 0 6 3.3413 1
gene 2 6 4 -8 0 7 -8 1
gene 1 3 9 -1.78682 0 13 -1.78682 1
gene 1 9 4 -7.69549 0 14 -7.69549 1
gene 1 9 17 1.56637 0 38 1.56637 1
gene 1 17 4 -3.52386 0 39 -3.52386 0
gene 1 17 51 -2.33793 0 153 -2.33793 1
gene 1 51 4 -0.736413 0 154 -0.736413 1
gene 1 17 6 -2.74762 0 168 -2.74762 1
genomeend 106

/* Organism #107 Fitness: 4.42381 Error: 1.89671 */
genomestart 107
trait 1 0.371619 0 0 0 0 0 0 0 
trait 2 0.2 0 0 0 0 0 0 0 
trait 3 1 0 0.0335627 0 0 0.558284 0 0 
node 1 2 1 3
node 2 1 1 1
node 3 1 1 1
node 4 1 0 2
node 6 1 0 0
node 9 1 0 0
node 17 1 0 0
node 51 1 0 0
gene 1 1 4 1.31278 0 1 1.31278 1
gene 2 2 4 -0.115273 0 2 -0.115273 1
gene 1 3 4 -0.528581 0 3 -0.528581 1
gene 2 2 6 0.203043 0 6 0.203043 1
gene 2 6 4 -4.5411 0 7 -4.5411 1
gene 1 3 9 -0.418163 0 13 -0.418163 1
gene 1 9 4 -8 0 14 -8 1
gene 1 9 17 1.54523 0 38 1.54523 1
gene 1 17 4 -2.36958 0 39 -2.36958 0
gene 1 17 51 1.61042 0 153 1.61042 1
gene 1 51 4 0.426739 0 154 0.426739 1
gene 1 17 6 -2.2971 0 168 -2.2971 1
genomeend 107

/* Organism #108 Fitness: 8.96739 Error: 1.00544 */
genomestart 108
trait 1 0.371619 0 0 0 0 0 0 0 
trait 2 0.2 0 0 0 0 0 0 0 
trait 3 1 0 0.0335627 0 0 0.558284 0 0 
node 1 2 1 3
node 2 1 1 1
node 3 1 1 1
node 4 1 0 2
node 6 1 0 0
node 9 1 0 0
node 17 1 0 0
node 51 1 0 0
gene 2 1 4 0.071339 0 1 0.071339 1
gene 2 2 4 1.18814 0 2 1.18814 1
gene 1 3 4 2.39317 0 3 2.39317 1
gene 2 2 6 5.82402 0 6 5.82402 1
gene 2 6 4 -4.56465 0 7 -4.56465 1
gene 1 3 9 -0.609955 0 13 -0.609955 1
gene 1 9 4 -8 0 14 -8 1
gene 1 9 17 -0.408251 0 38 -0.408251 1
gene 1 17 4 -2.56367 0 39 -2.56367 0
gene 1 17 51 2.94202 0 153 2.94202 1
gene 1 51 4 -0.989896 0 154 -0.989896 1
gene 1 17 6 -2.02396 0 168 -2.02396 1
genomeend 108

/* Organism #109 Fitness: 11.3094 Error: 0.637047 */
genomestart 109
trait 1 0.371619 0 0 0 0 0 0 0 
trait 2 0.2 0 0 0 0 0 0 0 
trait 3 1 0 0.0335627 0 0 0.558284 0 0 
node 1 2 1 3
node 2 1 1 1
node 3 1 1 1
node 4 1 0 2
node 6 1 0 0
node 9 1 0 0
node 17 1 0 0
node 51 1 0 0
node 96 1 0 0
gene 1 1 4 1.89266 0 1 1.89266 1
gene 2 2 4 1.88133 0 2 1.88133 0
gene 1 3 4 -0.922608 0 3 -0.922608 1
gene 2 2 6 1.48379 0 6 1.48379 1
gene 2 6 4 -8 0 7 -8 1
gene 1 3 9 -1.78682 0 13 -1.78682 1
gene 1 9 4 -7.69549 0 14 -7.69549 1
gene 1 9 17 1.56637 0 38 1.56637 1
gene 1 17 4 -3.52386 0 39 -3.52386 0
gene 1 17 51 -2.33793 0 153 -2.33793 1
gene 1 51 4 -0.736413 0 154 -0.736413 1
gene 1 17 6 -2.74762 0 168 -2.74762 1
gene 2 2 96 1 0 307 0 1
gene 2 96 4 1.88133 0 308 0 1
genomeend 109

/* Organism #110 Fitness: 4.0002 Error: 1.99995 */
genomestart 110
trait 1 0.371619 0 0 0 0 0 0 0 
trait 2 0.2 0 0 0 0 0 0 0 
trait 3 1 0 0.0335627 0 0 0.558284 0 0 
node 1 2 1 3
node 2 1 1 1
node 3 1 1 1
node 4 1 0 2
node 6 1 0 0
node 9 1 0 0
node 17 1 0 0
node 51 1 0 0
gene 2 1 4 -1.20017 0 1 -1.20017 1
gene 2 2 4 0.240726 0 2 0.240726 1
gene 1 3 4 2.51935 0 3 2.51935 1
gene 2 2 6 2.2308 0 6 2.2308 1
gene 2 6 4 -3.19245 0 7 -3.19245 1
gene 1 3 9 -0.232016 0 13 -0.232016 1
gene 1 9 4 -8 0 14 -8 1
gene 1 9 17 0.0609286 0 38 0.0609286 1
gene 1 17 4 -1.47359 0 39 -1.47359 0
gene 1 17 51 0.833279 0 153 0.833279 1
gene 1 51 4 0.390365 0 154 0.390365 1
gene 1 17 6 0.0728368 0 168 0.0728368 1
genomeend 110

/* Organism #111 Fitness: 11.4009 Error: 0.623476 */
genomestart 111
trait 1 0.371619 0 0 0 0 0 0 0 
trait 2 0.2 0 0 0 0 0 0 0 
trait 3 1 0 0.0335627 0 0 0.558284 0 0 
node 1 2 1 3
node 2 1 1 1
node 3 1 1 1
node 4 1 0 2
node 6 1 0 0
node 9 1 0 0
node 17 1 0 0
node 51 1 0 0
gene 1 1 4 1.89266 0 1 1.89266 1
gene 2 2 4 1.88133 0 2 1.88133 1
gene 1 3 4 -0.922608 0 3 -0.922608 1
gene 2 2 6 1.48379 0 6 1.48379 1
gene 2 6 4 -8 0 7 -8 1
gene 1 3 9 -1.78682 0 13 -1.78682 1
gene 1 9 4 -7.69549 0 14 -7.69549 1
gene 1 9 17 1.56637 0 38 1.56637 1
gene 1 17 4 -3.52386 0 39 -3.52386 0
gene 1 17 51 -2.33793 0 153 -2.33793 1
gene 1 51 4 -0.736413 0 154 -0.736413 1
gene 1 17 6 -2.74762 0 168 -2.74762 1
gene 2 9 51 -0.19065 0 309 -0.19065 1
genomeend 111

/* Species #19 : (Size 8) (AF 8.06864) (Age 11)  */


/* Organism #112 Fitness: 9 Error: 1 */
genomestart 112
trait 1 1 0.315299 0.948082 0 0.839456 0 0.705476 0 
trait 2 0.2 0.235725 0.368494 0 0 0.06897 0 0 
trait 3 0.3 0 0 0 0 0 0 0 
node 1 2 1 3
node 2 3 1 1
node 3 2 1 1
node 4 1 0 2
node 6 1 0 0
node 9 1 0 0
node 63 1 0 0
gene 2 1 4 3.2919 0 1 3.2919 1
gene 2 2 4 8 0 2 8 1
gene 1 3 4 -5.50341 0 3 -5.50341 1
gene 2 2 6 3.5465 0 6 3.5465 1
gene 2 6 4 -3.69246 0 7 -3.69246 0
gene 1 3 9 5.8117 0 13 5.8117 1
gene 1 9 4 -6.91364 0 14 -6.91364 1
gene 1 9 6 2.82986 0 40 2.82986 1
gene 2 1 6 2.36781 0 176 2.36781 1
gene 2 6 63 1 0 201 0 1
gene 2 63 4 -3.69246 0 202 0 1
genomeend 112

/* Organism #113 Fitness: 9 Error: 1 */
genomestart 113
trait 1 1 0.315299 0.948082 0 0.839456 0 0.705476 0 
trait 2 0.2 0.235725 0.368494 0 0 0.06897 0 0 
trait 3 0.3 0 0 0 0 0 0 0 
node 1 2 1 3
node 2 3 1 1
node 3 2 1 1
node 4 1 0 2
node 6 1 0 0
node 9 1 0 0
node 63 1 0 0
gene 2 1 4 3.2919 0 1 3.2919 1
gene 2 2 4 8 0 2 8 1
gene 1 3 4 -5.7658 0 3 -5.7658 1
gene 2 2 6 2.85021 0 6 2.85021 0
gene 2 6 4 -3.69246 0 7 -3.69246 0
gene 1 3 9 6.0499 0 13 6.0499 1
gene 1 9 4 -7.33678 0 14 -7.33678 1
gene 1 9 6 1.71313 0 40 1.71313 1
gene 2 1 6 2.36781 0 176 2.36781 1
gene 2 6 63 1 0 201 0 1
gene 2 63 4 -3.69246 0 202 -1.84623 1
genomeend 113

/* Organism #114 Fitness: 8.99103 Error: 1.00149 */
genomestart 114
trait 1 1 0.315299 0.948082 0 0.839456 0 0.705476 0 
trait 2 0.2 0.235725 0.368494 0 0 0.06897 0 0 
trait 3 0.3 0 0 0 0 0 0 0 
node 1 2 1 3
node 2 3 1 1
node 3 2 1 1
node 4 1 0 2
node 6 1 0 0
node 9 1 0 0
node 63 1 0 0
gene 2 1 4 5.78244 0 1 5.78244 1
gene 2 2 4 8 0 2 8 1
gene 1 3 4 -3.45066 0 3 -3.45066 1
gene 2 2 6 6.01971 0 6 6.01971 1
gene 2 6 4 -2.29352 0 7 -2.29352 0
gene 1 3 9 8 0 13 8 1
gene 1 9 4 -8 0 14 -8 1
gene 3 9 6 2.3868 0 40 2.3868 1
gene 2 1 6 4.30754 0 176 4.30754 1
gene 2 6 63 1 0 201 1 1
gene 2 63 4 -3.69246 0 202 -3.69246 1
genomeend 114

/* Organism #115 Fitness: 5.94414 Error: 1.56194 */
genomestart 115
trait 1 1 0.315299 0.948082 0 0.839456 0 0.705476 0 
trait 2 0.2 0.235725 0.368494 0 0 0.06897 0 0 
trait 3 0.3 0 0 0 0 0 0 0 
node 1 2 1 3
node 2 3 1 1
node 3 2 1 1
node 4 1 0 2
node 6 1 0 0
node 9 1 0 0
node 63 1 0 0
gene 2 1 4 2.59152 0 1 2.59152 1
gene 2 2 4 5.76128 0 2 5.76128 1
gene 1 3 4 -4.21111 0 3 -4.21111 1
gene 2 2 6 3.95774 0 6 3.95774 0
gene 2 6 4 -3.64571 0 7 -3.64571 0
gene 1 3 9 4.72077 0 13 4.72077 1
gene 1 9 4 -7.40227 0 14 -7.40227 1
gene 1 9 6 2.0431 0 40 2.0431 1
gene 2 1 6 3.24666 0 176 3.24666 1
gene 2 6 63 0.38242 0 201 0.38242 1
gene 2 63 4 -5.41749 0 202 -5.41749 1
genomeend 115

/* Organism #116 Fitness: 4.61465 Error: 1.85183 */
genomestart 116
trait 1 1 0.315299 0.948082 0 0.839456 0 0.705476 0 
trait 2 0.2 0.235725 0.368494 0 0 0.06897 0 0 
trait 3 0.3 0 0 0 0 0 0 0 
node 1 2 1 3
node 2 3 1 1
node 3 2 1 1
node 4 1 0 2
node 6 1 0 0
node 9 1 0 0
node 63 1 0 0
gene 2 1 4 2.92654 0 1 2.92654 1
gene 2 2 4 8 0 2 8 1
gene 1 3 4 -7.80874 0 3 -7.80874 1
gene 2 2 6 2.7539 0 6 2.7539 1
gene 2 6 4 -6.15657 0 7 -6.15657 0
gene 1 3 9 5.20739 0 13 5.20739 1
gene 1 9 4 -4.60285 0 14 -4.60285 1
gene 1 9 6 1.4921 0 40 1.4921 1
gene 2 1 6 0.647009 0 176 0.647009 1
gene 2 6 63 2.43511 0 201 2.43511 1
gene 2 63 4 -0.270218 0 202 -0.270218 1
genomeend 116

/* Organism #117 Fitness: 9 Error: 1 */
genomestart 117
trait 1 1 0.315299 0.948082 0 0.839456 0 0.705476 0 
trait 2 0.2 0.235725 0.368494 0 0 0.06897 0 0 
trait 3 0.3 0 0 0 0 0 0 0 
node 1 3 1 3
node 2 3 1 1
node 3 2 1 1
node 4 1 0 2
node 6 1 0 0
node 9 1 0 0
node 63 1 0 0
gene 2 1 4 2.96377 0 1 2.96377 1
gene 2 2 4 8 0 2 8 1
gene 1 3 4 -5.36795 0 3 -5.36795 1
gene 2 2 6 4.39358 0 6 4.39358 1
gene 2 6 4 -4.69653 0 7 -4.69653 0
gene 1 3 9 6.71092 0 13 6.71092 1
gene 1 9 4 -8 0 14 -8 1
gene 1 9 6 1.91149 0 40 1.91149 1
gene 2 1 6 0.0822845 0 176 0.0822845 1
gene 2 6 63 1.83798 0 201 1.83798 1
gene 2 63 4 -2.59889 0 202 -2.59889 1
genomeend 117

/* Organism #118 Fitness: 9 Error: 1 */
genomestart 118
trait 1 1 0.315299 0.948082 0 0.839456 0 0.705476 0 
trait 2 0.2 0.235725 0.368494 0 0 0.06897 0 0 
trait 3 0.3 0 0 0 0 0 0 0 
node 1 2 1 3
node 2 3 1 1
node 3 2 1 1
node 4 1 0 2
node 6 1 0 0
node 9 2 0 0
node 63 1 0 0
gene 2 1 4 -1.81624 0 1 -1.81624 1
gene 2 2 4 8 0 2 8 1
gene 1 3 4 -7.32529 0 3 -7.32529 1
gene 2 2 6 2.74919 0 6 2.74919 0
gene 2 6 4 -2.50584 0 7 -2.50584 0
gene 1 3 9 7.24213 0 13 7.24213 1
gene 1 9 4 -2.26021 0 14 -2.26021 1
gene 1 9 6 3.8384 0 40 3.8384 1
gene 2 1 6 2.9138 0 176 2.9138 1
gene 2 6 63 -0.787233 0 201 -0.787233 1
gene 2 63 4 -1.32475 0 202 -1.32475 1
genomeend 118

/* Organism #119 Fitness: 8.99933 Error: 1.00011 */
genomestart 119
trait 1 1 0.315299 0.948082 0 0.839456 0 0.705476 0 
trait 2 0.2 0.235725 0.368494 0 0 0.06897 0 0 
trait 3 0.3 0 0 0 0 0 0 0 
node 1 2 1 3
node 2 3 1 1
node 3 2 1 1
node 4 1 0 2
node 6 1 0 0
node 9 1 0 0
node 63 1 0 0
gene 2 1 4 3.82093 0 1 3.82093 1
gene 2 2 4 7.16314 0 2 7.16314 1
gene 1 3 4 -3.11066 0 3 -3.11066 1
gene 2 2 6 2.32766 0 6 2.32766 1
gene 2 6 4 -3.83782 0 7 -3.83782 0
gene 1 3 9 3.72255 0 13 3.72255 1
gene 1 9 4 -6.71012 0 14 -6.71012 1
gene 1 9 6 3.86116 0 40 3.86116 1
gene 2 1 6 3.61371 0 176 3.61371 1
gene 2 6 63 3.08276 0 201 3.08276 1
gene 2 63 4 -3.01696 0 202 -3.01696 1
genomeend 119

/* Species #20 : (Size 10) (AF 7.58894) (Age 9)  */


/* Organism #120 Fitness: 9 Error: 1 */
genomestart 120
trait 1 0.371619 0 0 0 0.240975 0.100118 0.377453 0.397599 
trait 2 0.2 0 0 0 0 0 0 0 
trait 3 0.3 0 0 0.687181 0.807802 0.127195 0 0 
node 1 2 1 3
node 2 2 1 1
node 3 2 1 1
node 4 1 0 2
node 6 1 0 0
node 9 1 0 0
node 17 1 0 0
node 21 1 0 0
node 68 1 0 0
gene 2 1 4 -3.89477 0 1 -3.89477 1
gene 2 2 4 8 0 2 8 1
gene 1 3 4 -6.38011 0 3 -6.38011 1
gene 2 2 6 2.38893 0 6 2.38893 1
gene 2 6 4 1.84107 0 7 1.84107 1
gene 1 3 9 2.9283 0 13 2.9283 1
gene 1 9 4 -2.34664 0 14 -2.34664 0
gene 1 9 17 0.502547 0 38 0.502547 0
gene 1 17 4 -5.80515 0 39 -5.80515 1
gene 2 2 21 7.20436 0 49 7.20436 1
gene 2 21 6 -2.04699 0 50 -2.04699 1
gene 3 21 9 -2.72147 0 59 -2.72147 1
gene 3 1 6 -1.85513 0 147 -1.85513 1
gene 1 9 68 -0.822657 0 221 -0.822657 1
gene 1 68 17 -2.39039 0 222 -2.39039 1
genomeend 120

/* Organism #121 Fitness: 5.17148 Error: 1.72591 */
genomestart 121
trait 1 0.371619 0 0 0 0.240975 0.100118 0.377453 0.397599 
trait 2 0.2 0 0 0 0 0 0 0 
trait 3 0.3 0 0 0.687181 0.807802 0.127195 0 0 
node 1 2 1 3
node 2 2 1 1
node 3 2 1 1
node 4 1 0 2
node 6 1 0 0
node 9 1 0 0
node 17 1 0 0
node 21 1 0 0
node 68 1 0 0
gene 2 1 4 -2.88402 0 1 -2.88402 1
gene 2 2 4 7.95104 0 2 7.95104 1
gene 1 3 4 -4.66636 0 3 -4.66636 1
gene 2 2 6 0.477436 0 6 0.477436 1
gene 2 6 4 3.95007 0 7 3.95007 1
gene 1 3 9 -2.43713 0 13 -2.43713 1
gene 1 9 4 -2.64302 0 14 -2.64302 0
gene 1 9 17 -1.28185 0 38 -1.28185 0
gene 1 17 4 -4.68018 0 39 -4.68018 1
gene 2 2 21 7.09267 0 49 7.09267 1
gene 2 21 6 -3.30986 0 50 -3.30986 1
gene 3 21 9 -3.09488 0 59 -3.09488 1
gene 3 1 6 -1.09005 0 147 -1.09005 1
gene 1 9 68 -1.7204 0 221 -1.7204 1
gene 1 68 17 -1.25673 0 222 -1.25673 1
genomeend 121

/* Organism #122 Fitness: 9 Error: 1 */
genomestart 122
trait 1 0.371619 0 0 0 0.240975 0.100118 0.377453 0.397599 
trait 2 0.2 0 0 0 0 0 0 0 
trait 3 0.3 0 0 0.687181 0.807802 0.127195 0 0 
node 1 2 1 3
node 2 2 1 1
node 3 2 1 1
node 4 1 0 2
node 6 1 0 0
node 9 1 0 0
node 17 1 0 0
node 21 1 0 0
node 68 1 0 0
gene 2 1 4 -3.89477 0 1 -3.89477 1
gene 2 2 4 8 0 2 8 1
gene 1 3 4 -6.38011 0 3 -6.38011 1
gene 2 2 6 2.38893 0 6 2.38893 1
gene 2 6 4 1.84107 0 7 1.84107 1
gene 1 3 9 2.9283 0 13 2.9283 1
gene 1 9 4 -2.34664 0 14 -2.34664 0
gene 1 9 17 0.502547 0 38 0.502547 0
gene 1 17 4 -5.80515 0 39 -5.80515 1
gene 2 2 21 7.20436 0 49 7.20436 1
gene 2 21 6 -2.04699 0 50 -2.04699 1
gene 3 21 9 -2.72147 0 59 -2.72147 1
gene 3 1 6 -1.85513 0 147 -1.85513 1
gene 1 9 68 -0.822657 0 221 -0.822657 1
gene 1 68 17 -2.39039 0 222 -2.39039 1
genomeend 122

/* Organism #123 Fitness: 8.99997 Error: 1.00001 */
genomestart 123
trait 1 0.371619 0 0 0 0.240975 0.100118 0.377453 0.397599 
trait 2 0.2 0 0 0 0 0 0 0 
trait 3 0.3 0 0 0.687181 0.807802 0.127195 0 0 
node 1 2 1 3
node 2 2 1 1
node 3 2 1 1
node 4 1 0 2
node 6 1 0 0
node 9 1 0 0
node 17 1 0 0
node 21 1 0 0
node 68 1 0 0
gene 2 1 4 -4.91574 0 1 -4.91574 1
gene 2 2 4 7.43312 0 2 7.43312 1
gene 1 3 4 -5.94852 0 3 -5.94852 1
gene 2 2 6 1.35915 0 6 1.35915 1
gene 2 6 4 2.73227 0 7 2.73227 1
gene 1 3 9 6.44863 0 13 6.44863 1
gene 1 9 4 -4.54761 0 14 -4.54761 0
gene 1 9 17 2.81872 0 38 2.81872 0
gene 1 17 4 -3.66779 0 39 -3.66779 1
gene 2 2 21 8 0 49 8 1
gene 2 21 6 -3.87877 0 50 -3.87877 1
gene 3 21 9 -3.24017 0 59 -3.24017 1
gene 3 1 6 0.203481 0 147 0.203481 1
gene 1 9 68 -0.917061 0 221 -0.917061 1
gene 1 68 17 -1.73338 0 222 -1.73338 1
genomeend 123

/* Organism #124 Fitness: 8.99097 Error: 1.00151 */
genomestart 124
trait 1 0.371619 0 0 0 0.240975 0.100118 0.377453 0.397599 
trait 2 0.2 0 0 0 0 0 0 0 
trait 3 0.3 0 0 0.687181 0.807802 0.127195 0 0 
node 1 2 1 3
node 2 2 1 1
node 3 2 1 1
node 4 1 0 2
node 6 1 0 0
node 9 1 0 0
node 17 1 0 0
node 21 1 0 0
node 68 1 0 0
gene 2 1 4 -3.0825 0 1 -3.0825 1
gene 2 2 4 8 0 2 8 1
gene 1 3 4 -7.64355 0 3 -7.64355 1
gene 2 2 6 2.20237 0 6 2.20237 1
gene 2 6 4 1.10008 0 7 1.10008 1
gene 1 3 9 2.10053 0 13 2.10053 1
gene 1 9 4 -1.12379 0 14 -1.12379 0
gene 1 9 17 -1.33551 0 38 -1.33551 0
gene 1 17 4 0.309419 0 39 0.309419 1
gene 2 2 21 7.07388 0 49 7.07388 1
gene 2 21 6 -0.934743 0 50 -0.934743 1
gene 3 21 9 -2.57234 0 59 -2.57234 1
gene 3 1 6 0.198589 0 147 0.198589 1
gene 1 9 68 1.11331 0 221 1.11331 1
gene 1 68 17 1.56563 0 222 1.56563 1
genomeend 124

/* Organism #125 Fitness: 8.7377 Error: 1.04404 */
genomestart 125
trait 1 0.371619 0 0 0 0.240975 0.100118 0.377453 0.397599 
trait 2 0.2 0 0 0 0 0 0 0 
trait 3 0.3 0 0 0.687181 0.807802 0.127195 0 0 
node 1 2 1 3
node 2 2 1 1
node 3 2 1 1
node 4 1 0 2
node 6 1 0 0
node 9 1 0 0
node 17 1 0 0
node 21 1 0 0
node 68 1 0 0
gene 2 1 4 -1.81599 0 1 -1.81599 1
gene 2 2 4 7.62012 0 2 7.62012 1
gene 1 3 4 -6.38011 0 3 -6.38011 1
gene 2 2 6 -0.0811442 0 6 -0.0811442 1
gene 2 6 4 0.788502 0 7 0.788502 1
gene 1 3 9 3.31067 0 13 3.31067 1
gene 1 9 4 -3.39174 0 14 -3.39174 0
gene 1 9 17 0.502547 0 38 0.502547 0
gene 1 17 4 -0.72647 0 39 -0.72647 1
gene 2 2 21 8 0 49 8 1
gene 2 21 6 -0.423522 0 50 -0.423522 1
gene 3 21 9 -1.65189 0 59 -1.65189 1
gene 3 1 6 -3.33975 0 147 -3.33975 1
gene 1 9 68 -0.254789 0 221 -0.254789 1
gene 1 68 17 -2.39039 0 222 -2.39039 1
genomeend 125

/* Organism #126 Fitness: 8.99982 Error: 1.00003 */
genomestart 126
trait 1 0.371619 0 0 0 0.240975 0.100118 0.377453 0.397599 
trait 2 0.2 0 0 0 0 0 0 0 
trait 3 0.3 0 0 0.687181 0.807802 0.127195 0 0 
node 1 2 1 3
node 2 2 1 1
node 3 2 1 1
node 4 1 0 2
node 6 1 0 0
node 9 1 0 0
node 17 1 0 0
node 21 1 0 0
node 68 1 0 0
gene 2 1 4 -5.77313 0 1 -5.77313 1
gene 2 2 4 8 0 2 8 1
gene 1 3 4 -8 0 3 -8 1
gene 2 2 6 2.07382 0 6 2.07382 1
gene 2 6 4 -0.273922 0 7 -0.273922 1
gene 1 3 9 1.85316 0 13 1.85316 1
gene 1 9 4 -2.44647 0 14 -2.44647 0
gene 1 9 17 -0.640644 0 38 -0.640644 0
gene 1 17 4 -3.45512 0 39 -3.45512 1
gene 2 2 21 6.67279 0 49 6.67279 1
gene 2 21 6 -2.63925 0 50 -2.63925 1
gene 3 21 9 -4.07777 0 59 -4.07777 1
gene 3 1 6 -4.14085 0 147 -4.14085 1
gene 1 9 68 -1.68351 0 221 -1.68351 1
gene 1 68 17 -1.36245 0 222 -1.36245 1
genomeend 126

/* Organism #127 Fitness: 8.9891 Error: 1.00182 */
genomestart 127
trait 1 0.371619 0 0 0 0.240975 0.100118 0.377453 0.397599 
trait 2 0.2 0 0 0 0 0 0 0 
trait 3 0.3 0 0 0.687181 0.807802 0.127195 0 0 
node 1 2 1 3
node 2 2 1 1
node 3 2 1 1
node 4 1 0 2
node 6 1 0 0
node 9 1 0 0
node 17 1 0 0
node 21 1 0 0
node 68 1 0 0
gene 2 1 4 -3.23208 0 1 -3.23208 1
gene 2 2 4 8 0 2 8 1
gene 1 3 4 -3.92502 0 3 -3.92502 1
gene 2 2 6 4.51281 0 6 4.51281 1
gene 2 6 4 0.138254 0 7 0.138254 1
gene 1 3 9 3.63586 0 13 3.63586 1
gene 1 9 4 -1.89105 0 14 -1.89105 0
gene 1 9 17 1.96612 0 38 1.96612 0
gene 1 17 4 -4.97412 0 39 -4.97412 1
gene 2 2 21 6.06488 0 49 6.06488 1
gene 2 21 6 -1.62694 0 50 -1.62694 1
gene 3 21 9 -2.79645 0 59 -2.79645 1
gene 3 1 6 -3.65985 0 147 -3.65985 1
gene 1 9 68 -0.822657 0 221 -0.822657 1
gene 1 68 17 0.335215 0 222 0.335215 1
genomeend 127

/* Organism #128 Fitness: 4.00036 Error: 1.99991 */
genomestart 128
trait 1 0.371619 0 0 0 0.240975 0.100118 0.377453 0.397599 
trait 2 0.2 0 0 0 0 0 0 0 
trait 3 0.3 0 0 0.687181 0.807802 0.127195 0 0 
node 1 2 1 3
node 2 2 1 1
node 3 2 1 1
node 4 1 0 2
node 6 1 0 0
node 9 1 0 0
node 17 1 0 0
node 21 1 0 0
node 68 1 0 0
gene 2 1 4 -1.71952 0 1 -1.71952 1
gene 2 2 4 5.45698 0 2 5.45698 1
gene 1 3 4 -7.24259 0 3 -7.24259 1
gene 2 2 6 0.246096 0 6 0.246096 1
gene 2 6 4 4.30435 0 7 4.30435 1
gene 1 3 9 5.54724 0 13 5.54724 1
gene 1 9 4 -0.612574 0 14 -0.612574 1
gene 1 9 17 0.258086 0 38 0.258086 0
gene 1 17 4 -8 0 39 -8 1
gene 2 2 21 4.93768 0 49 4.93768 1
gene 2 21 6 -0.334549 0 50 -0.334549 1
gene 3 21 9 -4.39353 0 59 -4.39353 1
gene 3 1 6 0.503597 0 147 0.503597 1
gene 1 9 68 -2.67532 0 221 -2.67532 1
gene 1 68 17 -3.83093 0 222 -3.83093 1
genomeend 128

/* Organism #129 Fitness: 4 Error: 2 */
genomestart 129
trait 1 0.371619 0 0 0 0.240975 0.100118 0.377453 0.397599 
trait 2 0.2 0 0 0 0 0 0 0 
trait 3 0.3 0 0 0.687181 0.807802 0.127195 0 0 
node 1 2 1 3
node 2 2 1 1
node 3 2 1 1
node 4 1 0 2
node 6 1 0 0
node 9 1 0 0
node 17 1 0 0
node 21 1 0 0
node 68 1 0 0
gene 2 1 4 -6.0164 0 1 -6.0164 1
gene 2 2 4 7.90208 0 2 7.90208 1
gene 1 3 4 -5.13204 0 3 -5.13204 1
gene 2 2 6 2.20237 0 6 2.20237 1
gene 2 6 4 -1.14831 0 7 -1.14831 1
gene 1 3 9 4.35929 0 13 4.35929 1
gene 1 9 4 -4.29876 0 14 -4.29876 1
gene 1 9 17 1.00296 0 38 1.00296 0
gene 1 17 4 -5.85717 0 39 -5.85717 1
gene 2 2 21 8 0 49 8 1
gene 2 21 6 -0.394806 0 50 -0.394806 1
gene 3 21 9 1.48547 0 59 1.48547 1
gene 3 1 6 -3.74805 0 147 -3.74805 1
gene 1 9 68 -0.917061 0 221 -0.917061 1
gene 1 68 17 -4.24656 0 222 -4.24656 1
genomeend 129

/* Species #21 : (Size 8) (AF 5.90363) (Age 6)  */


/* Organism #130 Fitness: 8.98255 Error: 1.00291 */
genomestart 130
trait 1 0.1 0 0 0 0 0 0 0 
trait 2 0.2 0 0 0 0 0 0 0 
trait 3 0.414816 0.458577 0 0.00964779 0.56032 0.337235 0 0 
node 1 2 1 3
node 2 3 1 1
node 3 3 1 1
node 4 3 0 2
node 18 1 0 0
node 81 1 0 0
gene 1 1 4 2.26794 0 1 2.26794 1
gene 2 2 4 4.93395 0 2 4.93395 1
gene 2 3 4 5.19658 0 3 5.19658 1
gene 2 2 18 8 0 41 8 0
gene 2 18 4 -3.45321 0 42 -3.45321 1
gene 3 1 18 1.92167 0 57 1.92167 1
gene 2 2 81 4.35704 0 265 4.35704 1
gene 2 81 18 1.55827 0 266 1.55827 1
genomeend 130

/* Organism #131 Fitness: 4.2752 Error: 1.93234 */
genomestart 131
trait 1 0.1 0 0 0 0 0 0 0 
trait 2 0.2 0 0 0 0 0 0 0 
trait 3 0.414816 0.458577 0 0.00964779 0.56032 0.337235 0 0 
node 1 2 1 3
node 2 3 1 1
node 3 3 1 1
node 4 3 0 2
node 18 1 0 0
node 81 1 0 0
gene 1 1 4 3.19917 0 1 3.19917 1
gene 2 2 4 3.99409 0 2 3.99409 1
gene 2 3 4 5.95971 0 3 5.95971 1
gene 2 2 18 7.0797 0 41 7.0797 0
gene 2 18 4 -2.66645 0 42 -2.66645 1
gene 3 1 18 3.1766 0 57 3.1766 1
gene 2 2 81 3.46455 0 265 3.46455 1
gene 2 81 18 1.00661 0 266 1.00661 1
genomeend 131

/* Organism #132 Fitness: 4.00561 Error: 1.9986 */
genomestart 132
trait 1 0.1 0 0 0 0 0 0 0 
trait 2 0.2 0 0 0 0 0 0 0 
trait 3 0.414816 0.458577 0 0.00964779 0.56032 0.337235 0 0 
node 1 2 1 3
node 2 3 1 1
node 3 3 1 1
node 4 3 0 2
node 18 1 0 0
node 81 1 0 0
gene 1 1 4 3.65806 0 1 3.65806 1
gene 2 2 4 2.88451 0 2 2.88451 1
gene 2 3 4 6.75481 0 3 6.75481 1
gene 2 2 18 8 0 41 8 0
gene 2 18 4 -2.32403 0 42 -2.32403 1
gene 3 1 18 2.21751 0 57 2.21751 1
gene 2 2 81 3.58753 0 265 3.58753 1
gene 2 81 18 2.16255 0 266 2.16255 1
genomeend 132

/* Organism #133 Fitness: 4.00011 Error: 1.99997 */
genomestart 133
trait 1 0.1 0 0 0 0 0 0 0 
trait 2 0.2 0 0 0 0 0 0 0 
trait 3 0.414816 0.458577 0 0.00964779 0.56032 0.337235 0 0 
node 1 2 1 3
node 2 3 1 1
node 3 3 1 1
node 4 3 0 2
node 18 1 0 0
node 81 1 0 0
gene 1 1 4 1.8784 0 1 1.8784 1
gene 2 2 4 -0.288207 0 2 -0.288207 1
gene 2 3 4 5.87885 0 3 5.87885 1
gene 2 2 18 1.15696 0 41 1.15696 0
gene 2 18 4 -5.38817 0 42 -5.38817 1
gene 3 1 18 3.69285 0 57 3.69285 1
gene 2 2 81 6.29534 0 265 6.29534 1
gene 2 81 18 0.786643 0 266 0.786643 1
genomeend 133

/* Organism #134 Fitness: 4 Error: 2 */
genomestart 134
trait 1 0.1 0 0 0 0 0 0 0 
trait 2 0.2 0 0 0 0 0 0 0 
trait 3 0.414816 0.458577 0 0.00964779 0.56032 0.337235 0 0 
node 1 2 1 3
node 2 3 1 1
node 3 3 1 1
node 4 3 0 2
node 18 1 0 0
node 81 1 0 0
gene 1 1 4 4.35375 0 1 4.35375 1
gene 2 2 4 3.8136 0 2 3.8136 1
gene 2 3 4 5.4992 0 3 5.4992 1
gene 2 2 18 8 0 41 8 0
gene 2 18 4 -1.03411 0 42 -1.03411 1
gene 3 1 18 2.18849 0 57 2.18849 1
gene 2 2 81 4.29756 0 265 4.29756 1
gene 2 81 18 3.28951 0 266 3.28951 1
genomeend 134

/* Organism #135 Fitness: 4.03253 Error: 1.99188 */
genomestart 135
trait 1 0.1 0 0 0 0 0 0 0 
trait 2 0.2 0 0 0 0 0 0 0 
trait 3 0.414816 0.458577 0 0.00964779 0.56032 0.337235 0 0 
node 1 2 1 3
node 2 3 1 1
node 3 3 1 1
node 4 3 0 2
node 18 1 0 0
node 81 1 0 0
gene 1 1 4 1.34231 0 1 1.34231 1
gene 2 2 4 3.73103 0 2 3.73103 1
gene 2 3 4 5.50845 0 3 5.50845 1
gene 2 2 18 8 0 41 8 0
gene 2 18 4 -0.366375 0 42 -0.366375 1
gene 3 1 18 0.310221 0 57 0.310221 1
gene 2 2 81 5.2238 0 265 5.2238 1
gene 2 81 18 3.70266 0 266 3.70266 1
genomeend 135

/* Organism #136 Fitness: 8.9505 Error: 1.00826 */
genomestart 136
trait 1 0.1 0 0 0 0 0 0 0 
trait 2 0.2 0 0 0 0 0 0 0 
trait 3 0.414816 0.458577 0 0.00964779 0.56032 0.337235 0 0 
node 1 2 1 3
node 2 3 1 1
node 3 3 1 1
node 4 3 0 2
node 18 1 0 0
node 81 1 0 0
gene 1 1 4 2.0606 0 1 2.0606 1
gene 2 2 4 6.15841 0 2 6.15841 1
gene 2 3 4 3.57528 0 3 3.57528 1
gene 2 2 18 6.43495 0 41 6.43495 0
gene 2 18 4 -4.6635 0 42 -4.6635 1
gene 3 1 18 4.41773 0 57 4.41773 1
gene 2 2 81 5.46629 0 265 5.46629 1
gene 2 81 18 3.08594 0 266 3.08594 1
genomeend 136

/* Organism #137 Fitness: 8.98255 Error: 1.00291 */
genomestart 137
trait 1 0.1 0 0 0 0 0 0 0 
trait 2 0.2 0 0 0 0 0 0 0 
trait 3 0.414816 1 0 0.00964779 0.89887 0.337235 0 0 
node 1 2 1 3
node 2 3 1 1
node 3 3 1 1
node 4 3 0 2
node 18 1 0 0
node 81 1 0 0
gene 1 1 4 2.26794 0 1 2.26794 1
gene 3 2 4 4.93395 0 2 4.93395 1
gene 2 3 4 5.19658 0 3 5.19658 1
gene 2 2 18 8 0 41 8 0
gene 2 18 4 -3.45321 0 42 -3.45321 1
gene 3 1 18 1.92167 0 57 1.92167 1
gene 2 2 81 4.35704 0 265 4.35704 1
gene 2 81 18 1.55827 0 266 1.55827 1
genomeend 137

/* Species #22 : (Size 10) (AF 6.78224) (Age 5)  */


/* Organism #138 Fitness: 8.99961 Error: 1.00007 */
genomestart 138
trait 1 0.1 0 0 0 0 0 0 0 
trait 2 0.500936 0 0 0.663575 0.653853 0.19601 0 0 
trait 3 0.3 0 0 0 0 0 0 0 
node 1 1 1 3
node 2 2 1 1
node 3 3 1 1
node 4 2 0 2
node 8 1 0 0
node 77 1 0 0
gene 1 1 4 -0.0866882 0 1 -0.0866882 1
gene 2 2 4 1.63251 0 2 1.63251 0
gene 1 3 4 6.07531 0 3 6.07531 1
gene 2 2 8 -2.33144 0 10 -2.33144 1
gene 2 8 4 -7.59449 0 11 -7.59449 1
gene 1 3 8 -0.882468 0 48 -0.882468 1
gene 2 2 77 1 0 253 0 1
gene 2 77 4 3.85452 0 254 0 1
genomeend 138

/* Organism #139 Fitness: 8.99961 Error: 1.00007 */
genomestart 139
trait 1 0.1 0 0 0 0 0 0 0 
trait 2 0.500936 0 0 0.663575 0.653853 0.19601 0 0 
trait 3 0.3 0 0 0 0 0 0 0 
node 1 1 1 3
node 2 2 1 1
node 3 3 1 1
node 4 2 0 2
node 8 1 0 0
node 77 1 0 0
gene 1 1 4 -0.0866882 0 1 -0.0866882 1
gene 2 2 4 3.85452 0 2 3.85452 0
gene 1 3 4 6.07531 0 3 6.07531 1
gene 2 2 8 -2.33144 0 10 -2.33144 1
gene 2 8 4 -7.59449 0 11 -7.59449 1
gene 1 3 8 -1.97529 0 48 -1.97529 1
gene 2 2 77 1 0 253 0 1
gene 2 77 4 3.85452 0 254 0 1
genomeend 139

/* Organism #140 Fitness: 4.04142 Error: 1.98967 */
genomestart 140
trait 1 0.1 0 0 0 0 0 0 0 
trait 2 0.500936 0 0 0.663575 0.653853 0.19601 0 0 
trait 3 0.3 0 0 0 0 0 0 0 
node 1 1 1 3
node 2 2 1 1
node 3 3 1 1
node 4 2 0 2
node 8 1 0 0
node 77 1 0 0
gene 1 1 4 0.293428 0 1 0.293428 1
gene 2 2 4 2.90336 0 2 2.90336 0
gene 1 3 4 3.83742 0 3 3.83742 1
gene 2 2 8 -2.72833 0 10 -2.72833 1
gene 2 8 4 -0.22944 0 11 -0.22944 1
gene 1 3 8 -0.151964 0 48 -0.151964 1
gene 2 2 77 1.95926 0 253 1.95926 1
gene 2 77 4 1.48953 0 254 1.48953 1
genomeend 140

/* Organism #141 Fitness: 8.99275 Error: 1.00121 */
genomestart 141
trait 1 0.1 0 0 0 0 0 0 0 
trait 2 0.500936 0 0 0.663575 0.653853 0.19601 0 0 
trait 3 0.3 0 0 0 0 0 0 0 
node 1 1 1 3
node 2 2 1 1
node 3 3 1 1
node 4 2 0 2
node 8 1 0 0
node 77 1 0 0
gene 1 1 4 0.553945 0 1 0.553945 1
gene 2 2 4 0.887814 0 2 0.887814 0
gene 1 3 4 7.04517 0 3 7.04517 1
gene 2 2 8 -4.13431 0 10 -4.13431 1
gene 2 8 4 -5.23582 0 11 -5.23582 1
gene 1 3 8 -1.80731 0 48 -1.80731 1
gene 2 2 77 3.45257 0 253 3.45257 1
gene 2 77 4 1.37363 0 254 1.37363 1
genomeend 141

/* Organism #142 Fitness: 8.98313 Error: 1.00281 */
genomestart 142
trait 1 0.1 0 0 0 0 0 0 0 
trait 2 0.500936 0 0 0.663575 0.653853 0.19601 0 0 
trait 3 0.3 0 0 0 0 0 0 0 
node 1 1 1 3
node 2 2 1 1
node 3 3 1 1
node 4 2 0 2
node 8 1 0 0
node 77 1 0 0
gene 1 1 4 -0.0866882 0 1 -0.0866882 1
gene 2 2 4 1.63251 0 2 1.63251 1
gene 1 3 4 6.07531 0 3 6.07531 1
gene 2 2 8 -2.33144 0 10 -2.33144 1
gene 2 8 4 -7.59449 0 11 -7.59449 1
gene 1 3 8 -0.882468 0 48 -0.882468 1
gene 2 2 77 1 0 253 0 1
gene 2 77 4 3.85452 0 254 0 1
gene 3 1 77 0.170444 0 310 0.170444 1
genomeend 142

/* Organism #143 Fitness: 8.99989 Error: 1.00002 */
genomestart 143
trait 1 0.1 0 0 0 0 0 0 0 
trait 2 0.500936 0 0 0.663575 0.653853 0.19601 0 0 
trait 3 0.3 0 0 0 0 0 0 0 
node 1 1 1 3
node 2 2 1 1
node 3 3 1 1
node 4 2 0 2
node 8 1 0 0
node 77 1 0 0
gene 1 1 4 -0.582668 0 1 -0.582668 1
gene 2 2 4 6.16317 0 2 6.16317 0
gene 1 3 4 3.58691 0 3 3.58691 1
gene 2 2 8 -2.69687 0 10 -2.69687 1
gene 2 8 4 -6.65773 0 11 -6.65773 1
gene 1 3 8 -1.82782 0 48 -1.82782 1
gene 2 2 77 2.86465 0 253 2.86465 1
gene 2 77 4 2.86155 0 254 2.86155 1
genomeend 143

/* Organism #144 Fitness: 4.00012 Error: 1.99997 */
genomestart 144
trait 1 0.1 0 0 0 0 0 0 0 
trait 2 0.500936 0 0 0.663575 0.653853 0.19601 0 0 
trait 3 0.3 0 0 0 0 0 0 0 
node 1 1 1 3
node 2 2 1 1
node 3 3 1 1
node 4 2 0 2
node 8 1 0 0
node 77 1 0 0
gene 1 1 4 0.777559 0 1 0.777559 1
gene 2 2 4 3.882 0 2 3.882 0
gene 1 3 4 2.07275 0 3 2.07275 1
gene 2 2 8 -2.33144 0 10 -2.33144 1
gene 2 8 4 -8 0 11 -8 1
gene 1 3 8 0.213293 0 48 0.213293 1
gene 2 2 77 1 0 253 1 1
gene 2 77 4 2.19819 0 254 2.19819 1
genomeend 144

/* Organism #145 Fitness: 4.53863 Error: 1.86959 */
genomestart 145
trait 1 0.1 0 0 0 0 0 0 0 
trait 2 0.500936 0 0 0.663575 0.653853 0.19601 0 0 
trait 3 0.3 0 0 0 0 0 0 0 
node 1 1 1 3
node 2 2 1 1
node 3 3 1 1
node 4 2 0 2
node 8 1 0 0
node 77 1 0 0
gene 1 1 4 -2.279 0 1 -2.279 1
gene 2 2 4 6.34348 0 2 6.34348 0
gene 1 3 4 4.03933 0 3 4.03933 1
gene 2 2 8 -0.646826 0 10 -0.646826 1
gene 2 8 4 -5.27175 0 11 -5.27175 1
gene 1 3 8 2.48173 0 48 2.48173 1
gene 2 2 77 -1.78693 0 253 -1.78693 1
gene 2 77 4 6.25268 0 254 6.25268 1
genomeend 145

/* Organism #146 Fitness: 6.26612 Error: 1.49678 */
genomestart 146
trait 1 0.1 0 0 0 0 0 0 0 
trait 2 0.500936 0 0 0.663575 0.653853 0.19601 0 0 
trait 3 0.3 0 0 0 0 0 0 0 
node 1 1 1 3
node 2 2 1 1
node 3 3 1 1
node 4 2 0 2
node 8 1 0 0
node 77 1 0 0
gene 1 1 4 -0.429995 0 1 -0.429995 1
gene 2 2 4 5.65128 0 2 5.65128 0
gene 1 3 4 -1.49432 0 3 -1.49432 1
gene 2 2 8 -2.33144 0 10 -2.33144 1
gene 2 8 4 -7.67758 0 11 -7.67758 1
gene 1 3 8 -0.364849 0 48 -0.364849 1
gene 2 2 77 2.37143 0 253 2.37143 1
gene 2 77 4 6.04182 0 254 6.04182 1
genomeend 146

/* Organism #147 Fitness: 4.00117 Error: 1.99971 */
genomestart 147
trait 1 0.1 0 0 0 0 0 0 0 
trait 2 0.500936 0 0 0.663575 0.653853 0.19601 0 0 
trait 3 0.3 0 0 0 0 0 0 0 
node 1 1 1 3
node 2 2 1 1
node 3 3 1 1
node 4 2 0 2
node 8 1 0 0
node 77 1 0 0
gene 1 1 4 0.607947 0 1 0.607947 1
gene 2 2 4 4.91921 0 2 4.91921 0
gene 1 3 4 4.99618 0 3 4.99618 1
gene 2 2 8 -2.33144 0 10 -2.33144 1
gene 2 8 4 0.296469 0 11 0.296469 1
gene 1 3 8 -2.53797 0 48 -2.53797 1
gene 2 2 77 2.89399 0 253 2.89399 1
gene 2 77 4 1.78351 0 254 1.78351 1
genomeend 147

/* Species #23 : (Size 1) (AF 9) (Age 1)  */


/* Organism #148 Fitness: 9 Error: 1 */
genomestart 148
trait 1 0.1 0 0 0 0 0 0 0 
trait 2 0.2 0 0 0 0 0.125689 0 0 
trait 3 0.414816 0 0 0.00964779 0 0 0 0 
node 1 3 1 3
node 2 1 1 1
node 3 2 1 1
node 4 3 0 2
node 11 1 0 0
node 89 1 0 0
gene 1 1 4 -4.84755 0 1 -4.84755 1
gene 2 2 4 7.15019 0 2 7.15019 1
gene 2 3 4 6.65023 0 3 6.65023 1
gene 1 2 11 3.31207 0 18 3.31207 1
gene 2 11 4 5.15482 0 19 5.15482 1
gene 1 1 11 -2.41504 0 150 -2.41504 1
gene 2 3 11 3.69067 0 188 3.69067 0
gene 2 3 89 1 0 287 0 1
gene 2 89 11 3.69067 0 288 0 1
gene 3 89 4 -0.0607035 0 302 -0.0607035 1
genomeend 148

/* Species #24 : (Size 1) (AF 8.98588) (Age 1)  */


/* Organism #149 Fitness: 8.98588 Error: 1.00235 */
genomestart 149
trait 1 0.1 0 0 0 0 0 0 0 
trait 2 0.2 0 0 0 0 0.125689 0 0 
trait 3 0.414816 0 0 0.00964779 0 0 0 0 
node 1 3 1 3
node 2 1 1 1
node 3 2 1 1
node 4 3 0 2
node 11 1 0 0
node 89 1 0 0
node 93 1 0 0
gene 1 1 4 -4.84755 0 1 -4.84755 1
gene 2 2 4 7.15019 0 2 7.15019 1
gene 2 3 4 6.65023 0 3 6.65023 0
gene 1 2 11 3.31207 0 18 3.31207 1
gene 2 11 4 5.15482 0 19 5.15482 1
gene 1 1 11 -2.41504 0 150 -2.41504 1
gene 2 3 11 3.69067 0 188 3.69067 0
gene 2 3 89 1 0 287 0 1
gene 2 89 11 3.69067 0 288 0 1
gene 2 3 93 1 0 300 0 1
gene 2 93 4 6.65023 0 301 0 1
genomeend 149
