
/* Species #1 : (Size 8) (AF 7.76781) (Age 22)  */


/* Organism #0 Fitness: 9 Error: 1 */
genomestart 0
trait 1 0.0958984 0.00142674 0.0200905 0.0013916 0.313323 0.0380833 0 0.0058032 
trait 2 0.156109 0.00211195 0.472343 0 0.00243777 0 0.159967 0.0582743 
trait 3 0.308203 0.214927 0.0789785 0.00550104 0.000800271 0 0 0.00786006 
node 1 2 1 3
node 2 1 1 1
node 3 1 1 1
node 4 3 0 2
gene 2 1 4 -3.91678 0 1 -3.91678 1
gene 3 2 4 8 0 2 8 1
gene 2 3 4 8 0 3 8 1
genomeend 0

/* Organism #1 Fitness: 3.91875 Error: 2.02042 */
genomestart 1
trait 1 0.0957275 0.00148619 0.0209276 0.00144958 0.311972 0.0396701 0 0.006045 
trait 2 0.158447 0.00219995 0.413603 0 0.00335194 0 0.177663 0.05099 
trait 3 0.308545 0.188061 0.0691062 0.00573025 0.000833616 0 0 0.00818756 
node 1 2 1 3
node 2 1 1 1
node 3 1 1 1
node 4 3 0 2
gene 2 1 4 -4.97776 0 1 -4.97776 1
gene 3 2 4 0.932899 0 2 0.932899 1
gene 3 3 4 5.76166 0 3 5.76166 1
genomeend 1

/* Organism #2 Fitness: 9 Error: 1 */
genomestart 2
trait 1 0.0957275 0.00148619 0.0209276 0.00144958 0.311972 0.0396701 0 0.006045 
trait 2 0.158447 0.00219995 0.413603 0 0.00335194 0 0.177663 0.05099 
trait 3 0.308545 0.188061 0.0691062 0.00573025 0.000833616 0 0 0.00818756 
node 1 2 1 3
node 2 1 1 1
node 3 1 1 1
node 4 3 0 2
gene 2 1 4 -3.70177 0 1 -3.70177 1
gene 3 2 4 8 0 2 8 1
gene 3 3 4 8 0 3 8 1
genomeend 2

/* Organism #3 Fitness: 4.23441 Error: 1.94223 */
genomestart 3
trait 1 0.0958984 0.00142674 0.0200905 0.0013916 0.313323 0.0380833 0 0.0058032 
trait 2 0.156109 0.00211195 0.472343 0 0.00243777 0 0.159967 0.0582743 
trait 3 0.308203 0.214927 0.0789785 0.00550104 0.000800271 0 0 0.00786006 
node 1 2 1 3
node 2 1 1 1
node 3 1 1 1
node 4 3 0 2
gene 2 1 4 -6.27197 0 1 -6.27197 1
gene 1 2 4 8 0 2 8 1
gene 2 3 4 5.70577 0 3 5.70577 1
genomeend 3

/* Organism #4 Fitness: 9 Error: 1 */
genomestart 4
trait 1 0.095813 0.00145646 0.0205091 0.00142059 0.312647 0.0388767 0 0.0059241 
trait 2 0.157278 0.00215595 0.442973 0 0.00289486 0 0.168815 0.0546321 
trait 3 0.308374 0.201494 0.0740424 0.00561565 0.000816943 0 0 0.00802381 
node 1 2 1 3
node 2 2 1 1
node 3 1 1 1
node 4 3 0 2
gene 2 1 4 -3.80927 0 1 -3.80927 1
gene 3 2 4 8 0 2 8 1
gene 3 3 4 8 0 3 8 1
genomeend 4

/* Organism #5 Fitness: 8.99985 Error: 1.00003 */
genomestart 5
trait 1 0.095813 0.00145646 0.0205091 0.00142059 0.312647 0.0388767 0 0.0059241 
trait 2 0.157278 0.00215595 0.442973 0 0.00289486 0 0.168815 0.0546321 
trait 3 0.308374 0.201494 0.0740424 0.00561565 0.000816943 0 0 0.00802381 
node 1 2 1 3
node 2 1 1 1
node 3 1 1 1
node 4 3 0 2
gene 2 1 4 -2.14668 0 1 -2.14668 1
gene 3 2 4 5.93806 0 2 5.93806 1
gene 2 3 4 8 0 3 8 1
genomeend 5

/* Organism #6 Fitness: 8.9895 Error: 1.00175 */
genomestart 6
trait 1 0.095813 0.00145646 0.0205091 0.00142059 0.312647 0.0388767 0 0.0059241 
trait 2 0.157278 0.00215595 0.442973 0 0.00289486 0 0.168815 0.0546321 
trait 3 0.308374 0.201494 0.0740424 0.00561565 0.000816943 0 0 0.00802381 
node 1 2 1 3
node 2 1 1 1
node 3 1 1 1
node 4 3 0 2
gene 2 1 4 -1.28879 0 1 -1.28879 1
gene 3 2 4 6.97591 0 2 6.97591 1
gene 2 3 4 7.66625 0 3 7.66625 1
genomeend 6

/* Organism #7 Fitness: 9 Error: 1 */
genomestart 7
trait 1 0.095813 0.00145646 0.0205091 0.00142059 0.312647 0.0388767 0 0.0059241 
trait 2 0.157278 0.00215595 0.442973 0 0.00289486 0 0.168815 0.0546321 
trait 3 0.308374 0.201494 0.0740424 0.00561565 0.000816943 0 0 0.00802381 
node 1 2 1 3
node 2 1 1 1
node 3 1 1 1
node 4 3 0 2
gene 2 1 4 -3.70177 0 1 -3.70177 1
gene 3 2 4 8 0 2 8 1
gene 3 3 4 8 0 3 8 1
genomeend 7

/* Species #2 : (Size 5) (AF 7.71609) (Age 20)  */


/* Organism #8 Fitness: 9 Error: 1 */
genomestart 8
trait 1 0.1 0 0 0 0 0 0 0 
trait 2 0.2 0.0428178 0 0 0 0 0 0 
trait 3 0.3 0 0 0 0 0 0 0 
node 1 3 1 3
node 2 3 1 1
node 3 3 1 1
node 4 2 0 2
node 8 1 0 0
gene 2 1 4 3.78906 0 1 3.78906 1
gene 1 2 4 -6.86262 0 2 -6.86262 1
gene 3 3 4 -1.51102 0 3 -1.51102 0
gene 1 3 8 -5.01082 0 10 -5.01082 1
gene 3 8 4 -7.95024 0 11 -7.95024 1
gene 3 1 8 1.84968 0 103 1.84968 1
genomeend 8

/* Organism #9 Fitness: 8.02036 Error: 1.16798 */
genomestart 9
trait 1 0.1 0 0 0 0 0 0 0 
trait 2 0.2 0.0856356 0 0 0 0 0 0 
trait 3 0.3 0 0 0.30015 0 0.734372 0 0 
node 1 3 1 3
node 2 3 1 1
node 3 3 1 1
node 4 2 0 2
node 8 1 0 0
gene 1 1 4 5.62468 0 1 5.62468 1
gene 1 2 4 -6.86262 0 2 -6.86262 1
gene 3 3 4 -1.12743 0 3 -1.12743 1
gene 1 3 8 -4.02816 0 10 -4.02816 1
gene 3 8 4 1.57737 0 11 1.57737 1
gene 3 1 8 0.950546 0 103 0.950546 1
genomeend 9

/* Organism #10 Fitness: 8.80924 Error: 1.03196 */
genomestart 10
trait 1 0.1 0 0 0 0 0 0 0 
trait 2 0.2 0.0428178 0 0 0 0 0 0 
trait 3 0.3 0 0 0 0 0 0 0 
node 1 3 1 3
node 2 3 1 1
node 3 3 1 1
node 4 2 0 2
node 8 1 0 0
gene 2 1 4 6.09844 0 1 6.09844 1
gene 1 2 4 -6.86262 0 2 -6.86262 1
gene 3 3 4 2.3373 0 3 2.3373 0
gene 1 3 8 -4.37295 0 10 -4.37295 1
gene 3 8 4 -7.04655 0 11 -7.04655 1
gene 3 1 8 2.26601 0 103 2.26601 1
genomeend 10

/* Organism #11 Fitness: 8.63303 Error: 1.0618 */
genomestart 11
trait 1 0.1 0 0 0 0 0 0 0 
trait 2 0.2 0.0428178 0 0 0 0 0 0 
trait 3 0.3 0 0 0 0 0 0 0 
node 1 3 1 3
node 2 3 1 1
node 3 3 1 1
node 4 2 0 2
node 8 1 0 0
gene 2 1 4 6.20546 0 1 6.20546 1
gene 1 2 4 -5.29993 0 2 -5.29993 1
gene 3 3 4 -3.23434 0 3 -3.23434 0
gene 1 3 8 -4.25248 0 10 -4.25248 1
gene 3 8 4 -7.33572 0 11 -7.33572 1
gene 3 1 8 3.97174 0 103 3.97174 1
genomeend 11

/* Organism #12 Fitness: 4.11783 Error: 1.97076 */
genomestart 12
trait 1 0.1 0 0 0 0 0 0 0 
trait 2 0.2 0.0856356 0 0 0 0 0 0 
trait 3 0.3 0 0 0 0 0 0 0 
node 1 3 1 3
node 2 3 1 1
node 3 3 1 1
node 4 2 0 2
node 8 1 0 0
gene 2 1 4 1.54348 0 1 1.54348 1
gene 1 2 4 -8 0 2 -8 1
gene 3 3 4 -2.1103 0 3 -2.1103 1
gene 1 3 8 -4.37784 0 10 -4.37784 1
gene 3 8 4 -8 0 11 -8 1
gene 3 1 8 3.56633 0 103 3.56633 1
genomeend 12

/* Species #3 : (Size 8) (AF 6.30812) (Age 20)  */


/* Organism #13 Fitness: 8.98659 Error: 1.00224 */
genomestart 13
trait 1 0.1 0 0.0781148 0 0 0 0.0527469 0 
trait 2 0.2 0 0 0 0 0 0 0 
trait 3 0.3 0 0 0 0 0 0 0 
node 1 2 1 3
node 2 1 1 1
node 3 3 1 1
node 4 3 0 2
node 7 1 0 0
gene 3 1 4 1.31992 0 1 1.31992 1
gene 2 2 4 -3.30275 0 2 -3.30275 0
gene 1 3 4 -3.49876 0 3 -3.49876 1
gene 2 2 7 -1.7271 0 8 -1.7271 1
gene 2 7 4 -5.58811 0 9 -5.58811 1
genomeend 13

/* Organism #14 Fitness: 3.99998 Error: 2.00001 */
genomestart 14
trait 1 0.1 0 0.0781148 0 0 0 0.0527469 0 
trait 2 0.2 0 0 0 0 0 0 0 
trait 3 0.3 0 0 0 0 0 0 0 
node 1 2 1 3
node 2 1 1 1
node 3 3 1 1
node 4 3 0 2
node 7 1 0 0
gene 3 1 4 -0.429599 0 1 -0.429599 1
gene 2 2 4 -5.39278 0 2 -5.39278 0
gene 1 3 4 -3.81468 0 3 -3.81468 1
gene 2 2 7 0.336917 0 8 0.336917 1
gene 2 7 4 -4.01745 0 9 -4.01745 1
genomeend 14

/* Organism #15 Fitness: 7.70456 Error: 1.22429 */
genomestart 15
trait 1 0.1 0 0.0781148 0 0 0 0.0527469 0 
trait 2 0.2 0 0 0 0 0 0 0 
trait 3 0.3 0 0 0 0 0 0 0 
node 1 2 1 3
node 2 1 1 1
node 3 3 1 1
node 4 3 0 2
node 7 1 0 0
gene 3 1 4 0.961555 0 1 0.961555 1
gene 2 2 4 -2.08699 0 2 -2.08699 0
gene 1 3 4 -1.26888 0 3 -1.26888 1
gene 2 2 7 -3.34995 0 8 -3.34995 1
gene 2 7 4 -3.26766 0 9 -3.26766 1
genomeend 15

/* Organism #16 Fitness: 3.99008 Error: 2.00248 */
genomestart 16
trait 1 0.1 0 0.0781148 0 0 0 0.0527469 0 
trait 2 0.2 0 0 0 0 0 0 0 
trait 3 0.3 0 0 0 0 0 0 0 
node 1 2 1 3
node 2 1 1 1
node 3 3 1 1
node 4 3 0 2
node 7 1 0 0
gene 3 1 4 0.720084 0 1 0.720084 1
gene 2 2 4 -3.04702 0 2 -3.04702 0
gene 1 3 4 -3.22699 0 3 -3.22699 1
gene 2 2 7 0.699925 0 8 0.699925 1
gene 2 7 4 -3.87554 0 9 -3.87554 1
genomeend 16

/* Organism #17 Fitness: 8.97752 Error: 1.00375 */
genomestart 17
trait 1 0.1 0 0.0781148 0 0 0 0.0527469 0 
trait 2 0.2 0 0 0 0 0 0 0 
trait 3 0.3 0 0 0 0 0 0 0 
node 1 2 1 3
node 2 1 1 1
node 3 3 1 1
node 4 3 0 2
node 7 1 0 0
gene 3 1 4 1.15426 0 1 1.15426 1
gene 2 2 4 -4.90282 0 2 -4.90282 0
gene 1 3 4 -3.82769 0 3 -3.82769 1
gene 2 2 7 -1.18677 0 8 -1.18677 1
gene 2 7 4 -6.8119 0 9 -6.8119 1
genomeend 17

/* Organism #18 Fitness: 3.89875 Error: 2.02547 */
genomestart 18
trait 1 0.1 0 0.0781148 0 0 0 0.0527469 0 
trait 2 0.2 0 0 0 0 0 0 0 
trait 3 0.3 0 0 0 0 0 0 0 
node 1 2 1 3
node 2 1 1 1
node 3 3 1 1
node 4 3 0 2
node 7 1 0 0
gene 3 1 4 2.62673 0 1 2.62673 1
gene 2 2 4 -4.52312 0 2 -4.52312 0
gene 1 3 4 -3.43839 0 3 -3.43839 1
gene 2 2 7 0.0261402 0 8 0.0261402 1
gene 2 7 4 -3.86875 0 9 -3.86875 1
genomeend 18

/* Organism #19 Fitness: 8.94647 Error: 1.00893 */
genomestart 19
trait 1 0.1 0 1 0 0 0 0.0527469 0 
trait 2 0.2 0 0 0 0 0 0 0 
trait 3 0.3 0 0 0 0 0 0 0 
node 1 2 1 3
node 2 1 1 1
node 3 3 1 1
node 4 3 0 2
node 7 1 0 0
gene 3 1 4 1.49157 0 1 1.49157 1
gene 2 2 4 -2.57733 0 2 -2.57733 0
gene 1 3 4 -2.46015 0 3 -2.46015 1
gene 2 2 7 -1.57516 0 8 -1.57516 1
gene 2 7 4 -8 0 9 -8 1
genomeend 19

/* Organism #20 Fitness: 3.96102 Error: 2.00977 */
genomestart 20
trait 1 0.1 0 0.0781148 0 0 0 0.0527469 0 
trait 2 0.2 0 0 0 0 0 0 0 
trait 3 0.3 0 0 0 0 0 0 0 
node 1 2 1 3
node 2 1 1 1
node 3 3 1 1
node 4 3 0 2
node 7 1 0 0
gene 3 1 4 1.19302 0 1 1.19302 1
gene 2 2 4 -4.34777 0 2 -4.34777 1
gene 1 3 4 -3.46857 0 3 -3.46857 1
gene 2 2 7 -1.4698 0 8 -1.4698 1
gene 2 7 4 -4.26199 0 9 -4.26199 1
genomeend 20

/* Species #4 : (Size 9) (AF 7.8874) (Age 19)  */


/* Organism #21 Fitness: 9 Error: 1 */
genomestart 21
trait 1 0.137905 0 0.0193711 0 0 0 0.217991 0.0951567 
trait 2 0.2 0 0 0 0 0 0 0 
trait 3 0.3 0 0 0 0 0 0 0 
node 1 1 1 3
node 2 3 1 1
node 3 2 1 1
node 4 1 0 2
node 9 1 0 0
gene 3 1 4 -0.282704 0 1 -0.282704 1
gene 3 2 4 8 0 2 8 1
gene 2 3 4 4.89062 0 3 4.89062 1
gene 1 3 9 -7.39927 0 12 -7.39927 1
gene 1 9 4 -5.85342 0 13 -5.85342 1
gene 3 2 9 0.210847 0 20 0.210847 0
genomeend 21

/* Organism #22 Fitness: 4.00335 Error: 1.99916 */
genomestart 22
trait 1 0.137905 0 0.0193711 0 0 0 0.217991 0.0951567 
trait 2 0.2 0 0 0 0 0 0 0 
trait 3 0.3 0 0 0 0 0 0 0 
node 1 1 1 3
node 2 3 1 1
node 3 2 1 1
node 4 1 0 2
node 9 1 0 0
gene 3 1 4 -1.75512 0 1 -1.75512 1
gene 3 2 4 1.46896 0 2 1.46896 1
gene 2 3 4 -1.41341 0 3 -1.41341 1
gene 2 3 9 -7.39927 0 12 -7.39927 1
gene 1 9 4 -2.20514 0 13 -2.20514 1
gene 3 2 9 0.974299 0 20 0.974299 0
genomeend 22

/* Organism #23 Fitness: 9 Error: 1 */
genomestart 23
trait 1 0.137905 0 0.0193711 0 0 0 0.217991 0.0951567 
trait 2 0.2 0 0 0 0 0 0 0 
trait 3 0.3 0 0 0 0 0 0 0 
node 1 1 1 3
node 2 3 1 1
node 3 2 1 1
node 4 1 0 2
node 9 1 0 0
gene 3 1 4 -0.282704 0 1 -0.282704 1
gene 3 2 4 8 0 2 8 1
gene 2 3 4 4.89062 0 3 4.89062 1
gene 1 3 9 -7.39927 0 12 -7.39927 1
gene 1 9 4 -5.85468 0 13 -5.85468 1
gene 3 2 9 0.210847 0 20 0.210847 0
genomeend 23

/* Organism #24 Fitness: 8.99827 Error: 1.00029 */
genomestart 24
trait 1 0.137905 0 0.0193711 0 0 0 0.217991 0.0951567 
trait 2 0.2 0 0 0 0 0 0 0 
trait 3 0.3 0 0 0 0 0 0 0 
node 1 1 1 3
node 2 3 1 1
node 3 2 1 1
node 4 1 0 2
node 9 1 0 0
gene 1 1 4 1.42411 0 1 1.42411 1
gene 3 2 4 8 0 2 8 1
gene 2 3 4 3.20052 0 3 3.20052 1
gene 1 3 9 -7.59322 0 12 -7.59322 1
gene 1 9 4 -6.15852 0 13 -6.15852 1
gene 3 2 9 0.974299 0 20 0.974299 0
genomeend 24

/* Organism #25 Fitness: 8.99999 Error: 1 */
genomestart 25
trait 1 0.137905 0 0.0193711 0 0 0 0.217991 0.0951567 
trait 2 0.2 0 0 0 0 0 0 0 
trait 3 0.3 0 0 0 0 0 0 0 
node 1 1 1 3
node 2 3 1 1
node 3 2 1 1
node 4 1 0 2
node 9 1 0 0
gene 3 1 4 0.442561 0 1 0.442561 1
gene 3 2 4 8 0 2 8 1
gene 2 3 4 5.85379 0 3 5.85379 1
gene 2 3 9 -5.38412 0 12 -5.38412 1
gene 1 9 4 -6.23839 0 13 -6.23839 1
gene 3 2 9 -1.00325 0 20 -1.00325 0
genomeend 25

/* Organism #26 Fitness: 8.99942 Error: 1.0001 */
genomestart 26
trait 1 0.137905 0 0.0193711 0 0 0 0.217991 0.0951567 
trait 2 0.2 0 0 0 0 0 0 0 
trait 3 0.3 0 0 0 0 0 0 0 
node 1 1 1 3
node 2 3 1 1
node 3 2 1 1
node 4 1 0 2
node 9 1 0 0
gene 1 1 4 1.05067 0 1 1.05067 1
gene 3 2 4 8 0 2 8 1
gene 2 3 4 4.08262 0 3 4.08262 1
gene 1 3 9 -8 0 12 -8 1
gene 1 9 4 -5.85468 0 13 -5.85468 1
gene 3 2 9 0.974299 0 20 0.974299 0
genomeend 26

/* Organism #27 Fitness: 8.99955 Error: 1.00007 */
genomestart 27
trait 1 0.137905 0 0.0193711 0 0 0 0.217991 0.0951567 
trait 2 0.2 0 0 0 0 0 0 0 
trait 3 0.3 0 0 0 0 0 0 0 
node 1 1 1 3
node 2 3 1 1
node 3 2 1 1
node 4 1 0 2
node 9 1 0 0
gene 3 1 4 1.78678 0 1 1.78678 1
gene 3 2 4 8 0 2 8 1
gene 2 3 4 3.13694 0 3 3.13694 1
gene 2 3 9 -5.78679 0 12 -5.78679 1
gene 1 9 4 -7.43135 0 13 -7.43135 1
gene 3 2 9 -0.373359 0 20 -0.373359 0
genomeend 27

/* Organism #28 Fitness: 8.98599 Error: 1.00234 */
genomestart 28
trait 1 0.137905 0 0.0193711 0 0 0 0.217991 0.0951567 
trait 2 0.2 0 0 0 0 0 0 0 
trait 3 0.3 0 0 0 0 0 0 0 
node 1 1 1 3
node 2 3 1 1
node 3 2 1 1
node 4 1 0 2
node 9 1 0 0
gene 3 1 4 1.55546 0 1 1.55546 1
gene 3 2 4 8 0 2 8 1
gene 2 3 4 6.18648 0 3 6.18648 1
gene 2 3 9 -6.87653 0 12 -6.87653 1
gene 1 9 4 -5.5711 0 13 -5.5711 1
gene 3 2 9 -1.78473 0 20 -1.78473 0
genomeend 28

/* Organism #29 Fitness: 4 Error: 2 */
genomestart 29
trait 1 0.127825 0 0.0347927 0.114946 0 0 0.108996 0.0648159 
trait 2 0.2 0 0 0 0 0 0 0 
trait 3 0.3 0 0.0193455 0 0 0 0 0.0270115 
node 1 1 1 3
node 2 3 1 1
node 3 2 1 1
node 4 1 0 2
node 9 1 0 0
gene 2 1 4 0.579653 0 1 0.579653 1
gene 3 2 4 8 0 2 8 0
gene 2 3 4 5.06219 0 3 5.06219 0
gene 1 3 9 -7.52426 0 12 -7.52426 1
gene 1 9 4 -5.76896 0 13 -5.76896 1
gene 3 2 9 -1.24529 0 20 -1.24529 0
genomeend 29

/* Species #5 : (Size 7) (AF 4.05672) (Age 15)  */


/* Organism #30 Fitness: 4.397 Error: 1.9031 */
genomestart 30
trait 1 0.797945 0 0.100428 0.585681 0 0 0 0 
trait 2 0.2 0 0 0 0 0 0 0 
trait 3 1 0 0.191534 0 0 0 0 0 
node 1 3 1 3
node 2 3 1 1
node 3 3 1 1
node 4 2 0 2
node 8 1 0 0
node 16 1 0 0
node 54 1 0 0
gene 2 1 4 1.12967 0 1 1.12967 1
gene 1 2 4 -1.8713 0 2 -1.8713 0
gene 3 3 4 -0.251083 0 3 -0.251083 0
gene 3 3 8 1.92832 0 10 1.92832 1
gene 3 8 4 0.0502533 0 11 0.0502533 0
gene 3 8 16 -0.866727 0 38 -0.866727 1
gene 3 16 4 -1.92169 0 39 -1.92169 1
gene 1 2 54 -1.59521 0 155 -1.59521 1
gene 1 54 4 -1.27658 0 156 -1.27658 1
genomeend 30

/* Organism #31 Fitness: 4 Error: 2 */
genomestart 31
trait 1 0.117745 0 0.100428 0.459785 0 0 0 0 
trait 2 0.2 0 0 0 0 0 0 0 
trait 3 1 0 0.191534 0 0 0 0 0 
node 1 3 1 3
node 2 3 1 1
node 3 3 1 1
node 4 2 0 2
node 8 1 0 0
node 16 1 0 0
node 54 1 0 0
gene 2 1 4 2.62126 0 1 2.62126 1
gene 1 2 4 2.17549 0 2 2.17549 0
gene 3 3 4 -3.97907 0 3 -3.97907 0
gene 3 3 8 -2.01433 0 10 -2.01433 1
gene 3 8 4 -1.4422 0 11 -1.4422 0
gene 3 8 16 -3.71103 0 38 -3.71103 1
gene 3 16 4 -0.482104 0 39 -0.482104 1
gene 1 2 54 5.85252 0 155 5.85252 1
gene 1 54 4 1.91851 0 156 1.91851 1
genomeend 31

/* Organism #32 Fitness: 4 Error: 2 */
genomestart 32
trait 1 0.117745 0 0.100428 0.459785 0 0 0 0 
trait 2 0.2 0 0 0 0 0 0 0 
trait 3 1 0 0.191534 0 0 0 0 0 
node 1 3 1 3
node 2 1 1 1
node 3 3 1 1
node 4 2 0 2
node 8 1 0 0
node 16 1 0 0
node 54 1 0 0
gene 2 1 4 -1.32648 0 1 -1.32648 1
gene 1 2 4 1.33071 0 2 1.33071 0
gene 3 3 4 -3.81922 0 3 -3.81922 0
gene 3 3 8 4.2263 0 10 4.2263 1
gene 3 8 4 -3.39237 0 11 -3.39237 0
gene 3 8 16 -3.68464 0 38 -3.68464 1
gene 3 16 4 -4.4281 0 39 -4.4281 1
gene 1 2 54 5.59051 0 155 5.59051 1
gene 1 54 4 -1.42071 0 156 -1.42071 1
genomeend 32

/* Organism #33 Fitness: 4 Error: 2 */
genomestart 33
trait 1 0.117745 0 0.100428 0.459785 0 0 0 0 
trait 2 0.2 0 0 0 0 0 0 0 
trait 3 1 0 0.191534 0 0 0 0 0 
node 1 3 1 3
node 2 3 1 1
node 3 3 1 1
node 4 2 0 2
node 8 1 0 0
node 16 1 0 0
node 54 1 0 0
gene 2 1 4 8 0 1 8 1
gene 3 2 4 3.63574 0 2 3.63574 0
gene 3 3 4 -4.99406 0 3 -4.99406 0
gene 3 3 8 3.60869 0 10 3.60869 1
gene 3 8 4 1.75117 0 11 1.75117 0
gene 3 8 16 -0.432957 0 38 -0.432957 1
gene 3 16 4 -3.61707 0 39 -3.61707 1
gene 1 2 54 3.88857 0 155 3.88857 1
gene 1 54 4 2.26082 0 156 2.26082 1
genomeend 33

/* Organism #34 Fitness: 4 Error: 2 */
genomestart 34
trait 1 0.117745 0 0.100428 0.459785 0 0 0 0 
trait 2 0.2 0 0 0 0 0 0 0 
trait 3 1 0 0.191534 0 0 0 0 0 
node 1 3 1 3
node 2 3 1 1
node 3 3 1 1
node 4 2 0 2
node 8 1 0 0
node 16 1 0 0
node 54 1 0 0
gene 2 1 4 4.54604 0 1 4.54604 1
gene 1 2 4 2.00368 0 2 2.00368 0
gene 3 3 4 0.748664 0 3 0.748664 0
gene 3 3 8 1.95725 0 10 1.95725 1
gene 3 8 4 2.37959 0 11 2.37959 0
gene 3 8 16 -3.82399 0 38 -3.82399 1
gene 3 16 4 -5.4859 0 39 -5.4859 1
gene 1 2 54 2.2777 0 155 2.2777 1
gene 1 54 4 -1.85965 0 156 -1.85965 1
genomeend 34

/* Organism #35 Fitness: 4.00001 Error: 2 */
genomestart 35
trait 1 0.117745 0 0.100428 0.459785 0 0 0 0 
trait 2 0.2 0 0 0 0 0 0 0 
trait 3 1 0 0.191534 0 0 0 0 0 
node 1 3 1 3
node 2 3 1 1
node 3 3 1 1
node 4 2 0 2
node 8 1 0 0
node 16 1 0 0
node 54 1 0 0
gene 2 1 4 -1.77835 0 1 -1.77835 1
gene 1 2 4 1.82846 0 2 1.82846 0
gene 3 3 4 -4.41729 0 3 -4.41729 0
gene 3 3 8 1.30888 0 10 1.30888 1
gene 3 8 4 -0.724865 0 11 -0.724865 0
gene 3 8 16 -1.90758 0 38 -1.90758 1
gene 3 16 4 -3.18331 0 39 -3.18331 1
gene 1 2 54 4.06083 0 155 4.06083 1
gene 1 54 4 -0.915049 0 156 -0.915049 1
genomeend 35

/* Organism #36 Fitness: 4 Error: 2 */
genomestart 36
trait 1 0.117745 0 0.100428 0.459785 0 0 0 0 
trait 2 0.2 0 0 0 0 0 0 0 
trait 3 1 0 0.191534 0 0 0 0 0 
node 1 3 1 3
node 2 3 1 1
node 3 3 1 1
node 4 2 0 2
node 8 1 0 0
node 16 1 0 0
node 54 1 0 0
gene 2 1 4 7.734 0 1 7.734 1
gene 1 2 4 2.73594 0 2 2.73594 0
gene 3 3 4 -4.52865 0 3 -4.52865 0
gene 3 3 8 3.33019 0 10 3.33019 1
gene 3 8 4 1.41802 0 11 1.41802 0
gene 3 8 16 -3.23291 0 38 -3.23291 1
gene 3 16 4 -6.05771 0 39 -6.05771 1
gene 1 2 54 6.55735 0 155 6.55735 1
gene 1 54 4 2.56868 0 156 2.56868 1
genomeend 36

/* Species #6 : (Size 8) (AF 5.05487) (Age 15)  */


/* Organism #37 Fitness: 8.99705 Error: 1.00049 */
genomestart 37
trait 1 0.1 0 0 0 0 0 0 0 
trait 2 0.553645 0 0 0 0.216352 0 0 0.166681 
trait 3 0.3 0 0 0 0 0 0 0 
node 1 1 1 3
node 2 3 1 1
node 3 2 1 1
node 4 2 0 2
node 9 1 0 0
node 14 1 0 0
node 19 1 0 0
gene 3 1 4 -1.76987 0 1 -1.76987 1
gene 3 2 4 4.06382 0 2 4.06382 1
gene 1 3 4 1.07502 0 3 1.07502 0
gene 1 3 9 2.1827 0 12 2.1827 1
gene 1 9 4 -3.88047 0 13 -3.88047 1
gene 1 2 9 -6.83042 0 20 -6.83042 0
gene 1 2 14 0.190143 0 33 0.190143 1
gene 1 14 9 -1.61212 0 34 -1.61212 0
gene 1 14 19 0.198412 0 46 0.198412 1
gene 1 19 9 -0.740144 0 47 -0.740144 1
genomeend 37

/* Organism #38 Fitness: 4.10696 Error: 1.97344 */
genomestart 38
trait 1 0.1 0 0 0 0 0 0 0 
trait 2 0.553645 0 0 0 0.216352 0 0 0.166681 
trait 3 0.3 0 0 0 0 0 0 0 
node 1 1 1 3
node 2 3 1 1
node 3 2 1 1
node 4 2 0 2
node 9 1 0 0
node 14 1 0 0
node 19 1 0 0
gene 3 1 4 -0.118438 0 1 -0.118438 1
gene 3 2 4 4.93377 0 2 4.93377 1
gene 1 3 4 1.04452 0 3 1.04452 0
gene 1 3 9 3.46251 0 12 3.46251 1
gene 1 9 4 -4.0842 0 13 -4.0842 1
gene 1 2 9 -1.66321 0 20 -1.66321 0
gene 1 2 14 2.05586 0 33 2.05586 1
gene 1 14 9 0.404517 0 34 0.404517 0
gene 1 14 19 -1.96228 0 46 -1.96228 1
gene 1 19 9 -0.210786 0 47 -0.210786 1
genomeend 38

/* Organism #39 Fitness: 2.38838 Error: 2.45456 */
genomestart 39
trait 1 0.1 0 0 0 0 0 0 0 
trait 2 0.553645 0 0 0 0.216352 0 0 0.166681 
trait 3 0.3 0 0 0 0 0 0 0 
node 1 1 1 3
node 2 3 1 1
node 3 2 1 1
node 4 2 0 2
node 9 1 0 0
node 14 1 0 0
node 19 1 0 0
gene 3 1 4 -1.37336 0 1 -1.37336 1
gene 3 2 4 5.16089 0 2 5.16089 1
gene 1 3 4 -1.42621 0 3 -1.42621 0
gene 1 3 9 -0.0745902 0 12 -0.0745902 1
gene 1 9 4 -8 0 13 -8 1
gene 1 2 9 -5.11292 0 20 -5.11292 0
gene 1 2 14 3.1998 0 33 3.1998 1
gene 1 14 9 0.399723 0 34 0.399723 0
gene 1 14 19 -0.177915 0 46 -0.177915 1
gene 1 19 9 0.186163 0 47 0.186163 1
genomeend 39

/* Organism #40 Fitness: 8.94658 Error: 1.00892 */
genomestart 40
trait 1 0.1 0 0 0 0 0 0 0 
trait 2 0.553645 0 0 0 0.216352 0 0 0.166681 
trait 3 0.3 0 0 0 0 0 0 0 
node 1 1 1 3
node 2 3 1 1
node 3 2 1 1
node 4 2 0 2
node 9 1 0 0
node 14 1 0 0
node 19 1 0 0
gene 3 1 4 -2.10193 0 1 -2.10193 1
gene 3 2 4 6.09503 0 2 6.09503 1
gene 1 3 4 -1.86647 0 3 -1.86647 0
gene 1 3 9 0.568472 0 12 0.568472 1
gene 1 9 4 -6.06316 0 13 -6.06316 1
gene 1 2 9 -3.303 0 20 -3.303 0
gene 1 2 14 2.44596 0 33 2.44596 1
gene 1 14 9 0.189426 0 34 0.189426 0
gene 1 14 19 -2.46579 0 46 -2.46579 1
gene 1 19 9 0.908179 0 47 0.908179 1
genomeend 40

/* Organism #41 Fitness: 3.99966 Error: 2.00008 */
genomestart 41
trait 1 0.1 0 0 0 0 0 0 0 
trait 2 0.553645 0 0 0 0.216352 0 0 0.166681 
trait 3 0.3 0 0 0 0 0 0 0 
node 1 1 1 3
node 2 3 1 1
node 3 2 1 1
node 4 2 0 2
node 9 1 0 0
node 14 1 0 0
node 19 1 0 0
gene 3 1 4 -3.11341 0 1 -3.11341 1
gene 3 2 4 1.65369 0 2 1.65369 1
gene 1 3 4 -0.551778 0 3 -0.551778 0
gene 1 3 9 3.83373 0 12 3.83373 1
gene 1 9 4 0.379792 0 13 0.379792 1
gene 1 2 9 -7.30631 0 20 -7.30631 0
gene 1 2 14 0.262091 0 33 0.262091 1
gene 1 14 9 -2.27506 0 34 -2.27506 0
gene 1 14 19 0.198412 0 46 0.198412 1
gene 1 19 9 1.38739 0 47 1.38739 1
genomeend 41

/* Organism #42 Fitness: 4 Error: 2 */
genomestart 42
trait 1 0.1 0 0 0 0 0 0 0 
trait 2 0.553645 0 0 0 0.216352 0 0 0.166681 
trait 3 0.3 0 0 0 0 0 0 0 
node 1 1 1 3
node 2 3 1 1
node 3 2 1 1
node 4 2 0 2
node 9 1 0 0
node 14 1 0 0
node 19 1 0 0
gene 3 1 4 -0.992698 0 1 -0.992698 1
gene 3 2 4 6.87139 0 2 6.87139 1
gene 1 3 4 -2.96679 0 3 -2.96679 0
gene 1 3 9 0.0571717 0 12 0.0571717 1
gene 1 9 4 -3.8722 0 13 -3.8722 1
gene 1 2 9 -1.85277 0 20 -1.85277 0
gene 1 2 14 2.37579 0 33 2.37579 1
gene 1 14 9 1.57492 0 34 1.57492 0
gene 1 14 19 -1.96796 0 46 -1.96796 1
gene 1 19 9 1.18671 0 47 1.18671 1
genomeend 42

/* Organism #43 Fitness: 3.99998 Error: 2.00001 */
genomestart 43
trait 1 0.1 0 0 0 0 0 0 0 
trait 2 0.553645 0 0 0 0.216352 0 0 0.166681 
trait 3 0.3 0 0 0 0 0 0 0 
node 1 1 1 3
node 2 3 1 1
node 3 2 1 1
node 4 2 0 2
node 9 1 0 0
node 14 1 0 0
node 19 1 0 0
gene 3 1 4 -0.0114973 0 1 -0.0114973 1
gene 3 2 4 4.94864 0 2 4.94864 1
gene 1 3 4 -3.64475 0 3 -3.64475 0
gene 1 3 9 2.8394 0 12 2.8394 1
gene 1 9 4 -7.91834 0 13 -7.91834 1
gene 1 2 9 -3.68061 0 20 -3.68061 1
gene 1 2 14 1.21813 0 33 1.21813 1
gene 1 14 9 2.32127 0 34 2.32127 0
gene 1 14 19 -0.254055 0 46 -0.254055 1
gene 1 19 9 -0.471627 0 47 -0.471627 1
genomeend 43

/* Organism #44 Fitness: 4.00037 Error: 1.99991 */
genomestart 44
trait 1 0.1 0 0 0 0 0 0 0 
trait 2 0.553645 0 0 0 0.216352 0 0 0.166681 
trait 3 0.3 0 0 0 0 0 0 0 
node 1 1 1 3
node 2 3 1 1
node 3 2 1 1
node 4 2 0 2
node 9 1 0 0
node 14 1 0 0
node 19 1 0 0
gene 3 1 4 -1.83474 0 1 -1.83474 1
gene 3 2 4 3.22073 0 2 3.22073 1
gene 1 3 4 -3.68464 0 3 -3.68464 0
gene 1 3 9 2.35363 0 12 2.35363 1
gene 1 9 4 -2.29369 0 13 -2.29369 1
gene 1 2 9 -5.05826 0 20 -5.05826 0
gene 1 2 14 -0.124915 0 33 -0.124915 1
gene 1 14 9 -0.449987 0 34 -0.449987 0
gene 1 14 19 1.99062 0 46 1.99062 1
gene 1 19 9 1.51467 0 47 1.51467 1
genomeend 44

/* Species #7 : (Size 8) (AF 7.30864) (Age 14)  */


/* Organism #45 Fitness: 8.99582 Error: 1.0007 */
genomestart 45
trait 1 0.1 0 0 0 0 0 0 0 
trait 2 0.259936 0 0 0 0 0 0 0.762435 
trait 3 0.3 0.949561 0.214098 0 0.700079 0.446322 0.511656 0.655099 
node 1 3 1 3
node 2 3 1 1
node 3 3 1 1
node 4 2 0 2
node 8 1 0 0
node 22 1 0 0
gene 2 1 4 -1.49752 0 1 -1.49752 1
gene 1 2 4 3.52782 0 2 3.52782 1
gene 3 3 4 -4.3999 0 3 -4.3999 1
gene 1 3 8 -3.11056 0 10 -3.11056 0
gene 3 8 4 5.16224 0 11 5.16224 1
gene 1 2 8 -0.887414 0 37 -0.887414 1
gene 1 3 22 -4.62374 0 52 -4.62374 1
gene 1 22 8 -2.89841 0 53 -2.89841 1
genomeend 45

/* Organism #46 Fitness: 3.04095 Error: 2.25617 */
genomestart 46
trait 1 0.1 0 0 0 0 0 0 0 
trait 2 0.259936 0 0 0 0 0 0 0.762435 
trait 3 0.3 0.949561 0.214098 0 0.700079 0.446322 0.511656 0.655099 
node 1 3 1 3
node 2 3 1 1
node 3 3 1 1
node 4 2 0 2
node 8 1 0 0
node 22 1 0 0
gene 2 1 4 -0.216611 0 1 -0.216611 1
gene 1 2 4 5.87089 0 2 5.87089 1
gene 3 3 4 -6.32767 0 3 -6.32767 1
gene 1 3 8 -2.95155 0 10 -2.95155 0
gene 3 8 4 6.75236 0 11 6.75236 1
gene 1 2 8 0.614819 0 37 0.614819 1
gene 1 3 22 -2.25638 0 52 -2.25638 1
gene 1 22 8 -4.38864 0 53 -4.38864 1
genomeend 46

/* Organism #47 Fitness: 4.00056 Error: 1.99986 */
genomestart 47
trait 1 0.1 0 0 0 0 0 0 0 
trait 2 0.259936 0 0 0 0 0 0 0.762435 
trait 3 0.3 0.949561 0.214098 0 0.700079 0.446322 0.511656 0.655099 
node 1 3 1 3
node 2 3 1 1
node 3 3 1 1
node 4 2 0 2
node 8 1 0 0
node 22 1 0 0
gene 2 1 4 -1.49752 0 1 -1.49752 1
gene 1 2 4 3.52782 0 2 3.52782 1
gene 3 3 4 -4.3999 0 3 -4.3999 0
gene 1 3 8 -3.11056 0 10 -3.11056 0
gene 3 8 4 5.16224 0 11 5.16224 1
gene 1 2 8 -0.887414 0 37 -0.887414 1
gene 1 3 22 -4.62374 0 52 -4.62374 1
gene 1 22 8 -2.89841 0 53 -2.89841 1
gene 1 1 8 -0.97965 0 211 -0.97965 1
genomeend 47

/* Organism #48 Fitness: 6.71143 Error: 1.40936 */
genomestart 48
trait 1 0.1 0 0 0 0 0 0 0 
trait 2 0.259936 0 0 0 0 0 0 0.762435 
trait 3 0.3 0.949561 0.214098 0 0.700079 0.446322 0.511656 0.655099 
node 1 3 1 3
node 2 3 1 1
node 3 3 1 1
node 4 2 0 2
node 8 1 0 0
node 22 1 0 0
gene 2 1 4 -0.453971 0 1 -0.453971 1
gene 1 2 4 3.52782 0 2 3.52782 1
gene 2 3 4 -3.24407 0 3 -3.24407 1
gene 1 3 8 -2.77346 0 10 -2.77346 0
gene 3 8 4 3.08551 0 11 3.08551 1
gene 1 2 8 -2.06575 0 37 -2.06575 1
gene 1 3 22 -3.49627 0 52 -3.49627 1
gene 1 22 8 -1.97207 0 53 -1.97207 1
genomeend 48

/* Organism #49 Fitness: 13.8851 Error: 0.273726 */
/* ##------$ WINNER 49 SPECIES #7 $------## */
genomestart 49
trait 1 0.1 0 0 0 0 0 0 0 
trait 2 0.259936 0 0 0 0 0 0 0.762435 
trait 3 0.3 0.949561 0.214098 0 0.700079 0.446322 0.511656 0.655099 
node 1 3 1 3
node 2 3 1 1
node 3 3 1 1
node 4 2 0 2
node 8 1 0 0
node 22 1 0 0
gene 2 1 4 -2.19432 0 1 -2.19432 1
gene 1 2 4 1.97255 0 2 1.97255 1
gene 3 3 4 -2.06597 0 3 -2.06597 0
gene 1 3 8 -3.87765 0 10 -3.87765 0
gene 3 8 4 7.02637 0 11 7.02637 1
gene 1 2 8 -3.37644 0 37 -3.37644 1
gene 1 3 22 -5.62836 0 52 -5.62836 1
gene 1 22 8 -4.08612 0 53 -4.08612 1
gene 1 22 4 2.07668 0 205 2.07668 1
genomeend 49

/* Organism #50 Fitness: 8.96736 Error: 1.00544 */
genomestart 50
trait 1 0.1 0 0 0 0 0 0 0 
trait 2 0.259936 0 0 0 0 0 0 0.762435 
trait 3 0.3 0.949561 0.214098 0 0.700079 0.446322 0.511656 0.655099 
node 1 3 1 3
node 2 3 1 1
node 3 3 1 1
node 4 2 0 2
node 8 1 0 0
node 22 1 0 0
gene 2 1 4 -1.49752 0 1 -1.49752 1
gene 1 2 4 3.52782 0 2 3.52782 1
gene 3 3 4 -4.3999 0 3 -4.3999 0
gene 1 3 8 -3.11056 0 10 -3.11056 0
gene 3 8 4 5.16224 0 11 5.16224 1
gene 1 2 8 -0.887414 0 37 -0.887414 1
gene 1 3 22 -4.62374 0 52 -4.62374 1
gene 1 22 8 -2.89841 0 53 -2.89841 1
genomeend 50

/* Organism #51 Fitness: 8.31517 Error: 1.1164 */
genomestart 51
trait 1 0.1 0 0 0 0 0 0 0 
trait 2 0.259936 0 0 0 0 0 0 0.762435 
trait 3 0.3 0.949561 0.214098 0 0.700079 0.446322 0.511656 0.655099 
node 1 3 1 3
node 2 3 1 1
node 3 3 1 1
node 4 2 0 2
node 8 1 0 0
node 22 1 0 0
gene 2 1 4 -1.67566 0 1 -1.67566 1
gene 1 2 4 5.54397 0 2 5.54397 1
gene 3 3 4 -1.8175 0 3 -1.8175 0
gene 1 3 8 -2.9871 0 10 -2.9871 0
gene 3 8 4 5.6885 0 11 5.6885 1
gene 1 2 8 -2.52415 0 37 -2.52415 1
gene 1 3 22 -5.40808 0 52 -5.40808 1
gene 1 22 8 -1.10422 0 53 -1.10422 1
gene 1 22 4 1.81144 0 205 1.81144 1
genomeend 51

/* Organism #52 Fitness: 4.55271 Error: 1.86629 */
genomestart 52
trait 1 0.1 0 0 0 0 0 0 0 
trait 2 0.259936 0 0 0 0 0 0 0.762435 
trait 3 0.3 0.949561 0.214098 0 0.700079 0.446322 0.511656 0.655099 
node 1 3 1 3
node 2 3 1 1
node 3 3 1 1
node 4 2 0 2
node 8 1 0 0
node 22 1 0 0
gene 2 1 4 0.379424 0 1 0.379424 1
gene 1 2 4 1.56533 0 2 1.56533 1
gene 3 3 4 -3.6265 0 3 -3.6265 0
gene 1 3 8 -5.43368 0 10 -5.43368 0
gene 3 8 4 5.57763 0 11 5.57763 1
gene 1 2 8 -1.54663 0 37 -1.54663 1
gene 1 3 22 -4.45232 0 52 -4.45232 1
gene 1 22 8 -4.87375 0 53 -4.87375 1
genomeend 52

/* Species #9 : (Size 7) (AF 6.12909) (Age 13)  */


/* Organism #53 Fitness: 8.99865 Error: 1.00023 */
genomestart 53
trait 1 0.05 0 0.306091 0 0 0.487933 0 0 
trait 2 0.2 0 0 0 0 0 0 0 
trait 3 0.3 0 0 0 0 0 0 0 
node 1 1 1 3
node 2 3 1 1
node 3 2 1 1
node 4 1 0 2
node 9 1 0 0
node 14 1 0 0
node 19 1 0 0
node 27 1 0 0
node 50 1 0 0
gene 3 1 4 -1.79915 0 1 -1.79915 1
gene 3 2 4 3.9356 0 2 3.9356 1
gene 1 3 4 1.99776 0 3 1.99776 0
gene 1 3 9 1.79469 0 12 1.79469 1
gene 1 9 4 3.97717 0 13 3.97717 1
gene 1 2 9 3.56997 0 20 3.56997 0
gene 1 2 14 0.740883 0 33 0.740883 1
gene 1 14 9 -5.73868 0 34 -5.73868 0
gene 1 14 19 3.4705 0 46 3.4705 0
gene 1 19 9 -1.88447 0 47 -1.88447 1
gene 2 3 14 -0.554791 0 58 -0.554791 0
gene 1 14 27 1.53216 0 70 1.53216 1
gene 1 27 19 2.11836 0 71 2.11836 0
gene 3 3 27 -0.651594 0 116 -0.651594 1
gene 1 27 50 1 0 141 1 1
gene 1 50 19 0.0969134 0 142 0.0969134 1
genomeend 53

/* Organism #54 Fitness: 8.99176 Error: 1.00137 */
genomestart 54
trait 1 0.0625 0 0.229568 0 0 0.36595 0 0 
trait 2 0.2 0 0 0 0 0 0 0 
trait 3 0.3 0 0 0 0 0 0 0 
node 1 1 1 3
node 2 3 1 1
node 3 2 1 1
node 4 1 0 2
node 9 1 0 0
node 14 1 0 0
node 19 1 0 0
node 27 1 0 0
node 50 1 0 0
gene 3 1 4 -1.79915 0 1 -1.79915 1
gene 3 2 4 3.9356 0 2 3.9356 1
gene 1 3 4 1.99776 0 3 1.99776 0
gene 1 3 9 2.89808 0 12 2.89808 1
gene 1 9 4 3.16755 0 13 3.16755 1
gene 1 2 9 3.56997 0 20 3.56997 0
gene 1 2 14 -2.5457 0 33 -2.5457 1
gene 1 14 9 -5.73868 0 34 -5.73868 0
gene 1 14 19 3.4705 0 46 3.4705 0
gene 1 19 9 -1.26891 0 47 -1.26891 1
gene 2 3 14 -0.554791 0 58 -0.554791 0
gene 1 14 27 1.31695 0 70 1.31695 1
gene 1 27 19 2.11836 0 71 2.11836 0
gene 3 3 27 2.61248 0 116 2.61248 1
gene 1 27 50 1 0 141 1 1
gene 1 50 19 0.0969134 0 142 0.0969134 1
gene 1 27 9 -0.737342 0 212 -0.737342 1
genomeend 54

/* Organism #55 Fitness: 3.91723 Error: 2.0208 */
genomestart 55
trait 1 0.05625 0 0.26783 0 0 0.426941 0 0 
trait 2 0.2 0 0 0 0 0 0 0 
trait 3 0.3 0 0 0 0 0 0 0 
node 1 1 1 3
node 2 3 1 1
node 3 2 1 1
node 4 1 0 2
node 9 1 0 0
node 14 1 0 0
node 19 1 0 0
node 27 1 0 0
node 50 1 0 0
gene 3 1 4 1.64984 0 1 1.64984 1
gene 3 2 4 -2.29218 0 2 -2.29218 1
gene 1 3 4 2.60368 0 3 2.60368 0
gene 1 3 9 1.79469 0 12 1.79469 1
gene 1 9 4 2.36347 0 13 2.36347 1
gene 1 2 9 1.38772 0 20 1.38772 0
gene 1 2 14 -1.11189 0 33 -1.11189 1
gene 1 14 9 -5.73868 0 34 -5.73868 0
gene 1 14 19 4.46798 0 46 4.46798 0
gene 1 19 9 0.153798 0 47 0.153798 1
gene 2 3 14 0.089296 0 58 0.089296 0
gene 1 14 27 -0.503882 0 70 -0.503882 1
gene 1 27 19 3.35374 0 71 3.35374 0
gene 3 3 27 3.54546 0 116 3.54546 1
gene 1 27 50 -1.38792 0 141 -1.38792 1
gene 1 50 19 1.1491 0 142 1.1491 1
genomeend 55

/* Organism #56 Fitness: 8.99176 Error: 1.00137 */
genomestart 56
trait 1 0.0625 0 0.229568 0 0 0.36595 0 0 
trait 2 0.2 0 0 0 0 0 0 0 
trait 3 0.3 0 0 0 0 0 0 0 
node 1 1 1 3
node 2 3 1 1
node 3 2 1 1
node 4 1 0 2
node 9 1 0 0
node 14 1 0 0
node 19 1 0 0
node 27 1 0 0
node 50 1 0 0
gene 3 1 4 -1.79915 0 1 -1.79915 1
gene 3 2 4 3.9356 0 2 3.9356 1
gene 1 3 4 1.99776 0 3 1.99776 0
gene 1 3 9 2.89808 0 12 2.89808 1
gene 1 9 4 3.16755 0 13 3.16755 1
gene 1 2 9 3.56997 0 20 3.56997 0
gene 1 2 14 -2.5457 0 33 -2.5457 1
gene 1 14 9 -5.73868 0 34 -5.73868 0
gene 1 14 19 3.4705 0 46 3.4705 0
gene 1 19 9 -1.26891 0 47 -1.26891 1
gene 2 3 14 -0.554791 0 58 -0.554791 0
gene 1 14 27 1.31695 0 70 1.31695 1
gene 1 27 19 2.11836 0 71 2.11836 0
gene 3 3 27 2.61248 0 116 2.61248 1
gene 1 27 50 1 0 141 1 1
gene 1 50 19 0.0969134 0 142 0.0969134 1
gene 1 27 9 -0.737342 0 212 0 1
genomeend 56

/* Organism #57 Fitness: 4.00034 Error: 1.99992 */
genomestart 57
trait 1 0.05625 0 0.26783 0 0 0.426941 0 0 
trait 2 0.2 0 0 0 0 0 0 0 
trait 3 0.3 0 0 0 0 0 0 0 
node 1 1 1 3
node 2 3 1 1
node 3 2 1 1
node 4 1 0 2
node 9 1 0 0
node 14 1 0 0
node 19 1 0 0
node 27 1 0 0
node 50 1 0 0
gene 3 1 4 -3.43457 0 1 -3.43457 1
gene 3 2 4 4.44019 0 2 4.44019 1
gene 1 3 4 3.87779 0 3 3.87779 0
gene 1 3 9 -0.513613 0 12 -0.513613 1
gene 1 9 4 1.81066 0 13 1.81066 1
gene 1 2 9 3.91504 0 20 3.91504 0
gene 1 2 14 -3.71637 0 33 -3.71637 1
gene 1 14 9 -4.29606 0 34 -4.29606 0
gene 1 14 19 3.05995 0 46 3.05995 0
gene 1 19 9 -1.98181 0 47 -1.98181 1
gene 2 3 14 -1.62932 0 58 -1.62932 0
gene 1 14 27 0.407645 0 70 0.407645 1
gene 1 27 19 2.62361 0 71 2.62361 0
gene 3 3 27 -1.50191 0 116 -1.50191 1
gene 1 27 50 1.83103 0 141 1.83103 1
gene 1 50 19 0.133011 0 142 0.133011 1
genomeend 57

/* Organism #58 Fitness: 4.00084 Error: 1.99979 */
genomestart 58
trait 1 0.0625 0 0.229568 0 0 0.36595 0 0 
trait 2 0.2 0 0 0 0 0 0 0 
trait 3 0.3 0 0 0 0 0 0 0 
node 1 1 1 3
node 2 3 1 1
node 3 2 1 1
node 4 1 0 2
node 9 1 0 0
node 14 1 0 0
node 19 1 0 0
node 27 1 0 0
node 50 1 0 0
gene 3 1 4 -2.45761 0 1 -2.45761 1
gene 3 2 4 3.87758 0 2 3.87758 1
gene 1 3 4 1.07407 0 3 1.07407 0
gene 1 3 9 -0.714641 0 12 -0.714641 1
gene 1 9 4 1.14623 0 13 1.14623 1
gene 1 2 9 4.42292 0 20 4.42292 0
gene 1 2 14 -1.3213 0 33 -1.3213 1
gene 1 14 9 -5.81139 0 34 -5.81139 0
gene 1 14 19 2.13001 0 46 2.13001 0
gene 1 19 9 -0.605786 0 47 -0.605786 1
gene 2 3 14 0.0341242 0 58 0.0341242 0
gene 1 14 27 -1.78312 0 70 -1.78312 1
gene 1 27 19 4.04566 0 71 4.04566 0
gene 3 3 27 3.96197 0 116 3.96197 1
gene 1 27 50 1.21631 0 141 1.21631 1
gene 1 50 19 2.56757 0 142 2.56757 1
genomeend 58

/* Organism #59 Fitness: 4.00306 Error: 1.99924 */
genomestart 59
trait 1 0.0625 0 0.229568 0 0 0.36595 0 0 
trait 2 0.2 0 0 0 0 0 0 0 
trait 3 0.3 0 0 0 0 0 0 0 
node 1 1 1 3
node 2 3 1 1
node 3 2 1 1
node 4 1 0 2
node 9 1 0 0
node 14 1 0 0
node 19 1 0 0
node 27 1 0 0
node 50 1 0 0
gene 3 1 4 -1.92338 0 1 -1.92338 1
gene 3 2 4 0.635521 0 2 0.635521 1
gene 1 3 4 0.792927 0 3 0.792927 0
gene 1 3 9 2.54986 0 12 2.54986 1
gene 1 9 4 2.96131 0 13 2.96131 1
gene 1 2 9 4.78047 0 20 4.78047 0
gene 1 2 14 -2.5457 0 33 -2.5457 1
gene 1 14 9 -4.58935 0 34 -4.58935 0
gene 1 14 19 3.4705 0 46 3.4705 0
gene 1 19 9 -2.56737 0 47 -2.56737 1
gene 2 3 14 -1.95384 0 58 -1.95384 0
gene 1 14 27 -1.53376 0 70 -1.53376 1
gene 1 27 19 1.16677 0 71 1.16677 0
gene 3 3 27 4.9092 0 116 4.9092 1
gene 1 27 50 3.49134 0 141 3.49134 1
gene 1 50 19 -0.305362 0 142 -0.305362 1
genomeend 59

/* Species #10 : (Size 6) (AF 6.15142) (Age 12)  */


/* Organism #60 Fitness: 11.5706 Error: 0.598444 */
genomestart 60
trait 1 0.1 0 0 0 0 0 0 0 
trait 2 0.2 0 0 0 0 0 0 0 
trait 3 0.3 0 0 0 0 0 0.0231711 0 
node 1 1 1 3
node 2 3 1 1
node 3 2 1 1
node 4 2 0 2
node 9 1 0 0
node 25 1 0 0
gene 3 1 4 2.41321 0 1 2.41321 1
gene 3 2 4 1.30259 0 2 1.30259 0
gene 1 3 4 -0.919422 0 3 -0.919422 1
gene 2 3 9 -1.16892 0 12 -1.16892 1
gene 1 9 4 -6.01957 0 13 -6.01957 1
gene 1 2 9 -0.544018 0 20 -0.544018 1
gene 3 2 25 0.865284 0 64 0.865284 1
gene 3 25 4 -1.49394 0 65 -1.49394 1
gene 3 25 9 -0.0426025 0 176 -0.0426025 1
genomeend 60

/* Organism #61 Fitness: 7.71832 Error: 1.22181 */
genomestart 61
trait 1 0.1 0 0 0 0 0 0 0 
trait 2 0.2 0 0 0 0 0 0 0 
trait 3 0.3 0 0 0 0 0 0.0231711 0 
node 1 1 1 3
node 2 3 1 1
node 3 2 1 1
node 4 2 0 2
node 9 1 0 0
node 25 1 0 0
gene 3 1 4 2.4356 0 1 2.4356 1
gene 3 2 4 -1.10303 0 2 -1.10303 0
gene 1 3 4 -3.2905 0 3 -3.2905 1
gene 2 3 9 -0.678818 0 12 -0.678818 1
gene 1 9 4 -7.30725 0 13 -7.30725 1
gene 1 2 9 -2.37839 0 20 -2.37839 1
gene 3 2 25 3.11968 0 64 3.11968 1
gene 1 25 4 -2.17722 0 65 -2.17722 1
gene 3 25 9 0.825856 0 176 0.825856 1
genomeend 61

/* Organism #62 Fitness: 4.30721 Error: 1.92462 */
genomestart 62
trait 1 0.1 0 0 0 0 0 0 0 
trait 2 0.2 0 0 0 0 0 0 0 
trait 3 0.3 0 0 0 0 0 0.0231711 0 
node 1 1 1 3
node 2 3 1 1
node 3 2 1 1
node 4 2 0 2
node 9 1 0 0
node 25 1 0 0
gene 3 1 4 1.28376 0 1 1.28376 1
gene 3 2 4 -0.319752 0 2 -0.319752 0
gene 1 3 4 0.0206376 0 3 0.0206376 1
gene 2 3 9 -0.288358 0 12 -0.288358 1
gene 1 9 4 -8 0 13 -8 1
gene 1 2 9 -0.0115924 0 20 -0.0115924 1
gene 3 2 25 3.16402 0 64 3.16402 1
gene 3 25 4 -1.78846 0 65 -1.78846 1
gene 3 25 9 -0.265323 0 176 -0.265323 1
genomeend 62

/* Organism #63 Fitness: 4.15763 Error: 1.96097 */
genomestart 63
trait 1 0.1 0 0 0 0 0 0 0 
trait 2 0.2 0 0 0 0 0 0 0 
trait 3 0.3 0 0 0 0 0 0.0231711 0 
node 1 1 1 3
node 2 3 1 1
node 3 2 1 1
node 4 1 0 2
node 9 1 0 0
node 25 1 0 0
gene 3 1 4 2.41321 0 1 2.41321 1
gene 3 2 4 3.69007 0 2 3.69007 0
gene 1 3 4 -0.530707 0 3 -0.530707 1
gene 2 3 9 1.92104 0 12 1.92104 1
gene 1 9 4 -4.32765 0 13 -4.32765 1
gene 1 2 9 -1.16084 0 20 -1.16084 1
gene 3 2 25 3.34554 0 64 3.34554 1
gene 3 25 4 0.57395 0 65 0.57395 1
gene 3 25 9 -0.0426025 0 176 -0.0426025 1
genomeend 63

/* Organism #64 Fitness: 4.00074 Error: 1.99981 */
genomestart 64
trait 1 0.1 0 0 0 0 0 0 0 
trait 2 0.2 0 0 0 0 0 0 0 
trait 3 0.3 0 0 0 0 0 0.0231711 0 
node 1 1 1 3
node 2 3 1 1
node 3 2 1 1
node 4 2 0 2
node 9 1 0 0
node 25 1 0 0
gene 3 1 4 2.00019 0 1 2.00019 1
gene 3 2 4 2.69945 0 2 2.69945 0
gene 1 3 4 -1.91509 0 3 -1.91509 1
gene 2 3 9 -1.06271 0 12 -1.06271 1
gene 1 9 4 -5.50349 0 13 -5.50349 1
gene 1 2 9 0.434001 0 20 0.434001 1
gene 3 2 25 2.67886 0 64 2.67886 1
gene 3 25 4 -3.44155 0 65 -3.44155 1
gene 3 25 9 0.543165 0 176 0.543165 1
genomeend 64

/* Organism #65 Fitness: 5.15405 Error: 1.72975 */
genomestart 65
trait 1 0.1 0 0 0 0 0 0 0 
trait 2 0.2 0 0 0 0 0 0 0 
trait 3 0.3 0 0 0 0 0 0.0231711 0 
node 1 1 1 3
node 2 3 1 1
node 3 2 1 1
node 4 2 0 2
node 9 1 0 0
node 25 1 0 0
gene 3 1 4 1.84505 0 1 1.84505 1
gene 3 2 4 -0.0397651 0 2 -0.0397651 0
gene 1 3 4 -1.80657 0 3 -1.80657 1
gene 2 3 9 -2.7822 0 12 -2.7822 1
gene 1 9 4 -7.7692 0 13 -7.7692 1
gene 1 2 9 -2.88667 0 20 -2.88667 1
gene 3 2 25 1.2489 0 64 1.2489 1
gene 3 25 4 -0.223041 0 65 -0.223041 1
gene 3 25 9 -0.623547 0 176 -0.623547 1
genomeend 65

/* Species #12 : (Size 7) (AF 8.28517) (Age 11)  */


/* Organism #66 Fitness: 9 Error: 1 */
genomestart 66
trait 1 0.1 0 0 0 0 0.425607 0 0.200155 
trait 2 0.2 0 0 0 0 0 0 0 
trait 3 0.3 0 0 0 0 0 0 0 
node 1 3 1 3
node 2 3 1 1
node 3 3 1 1
node 4 2 0 2
node 8 1 0 0
node 30 1 0 0
node 58 1 0 0
gene 2 1 4 5.62577 0 1 5.62577 1
gene 1 2 4 -6.04772 0 2 -6.04772 1
gene 3 3 4 0.104354 0 3 0.104354 0
gene 1 3 8 -5.3436 0 10 -5.3436 1
gene 3 8 4 -7.31285 0 11 -7.31285 1
gene 1 1 8 0.612606 0 75 0.612606 1
gene 1 2 30 4.68905 0 82 4.68905 1
gene 1 30 4 -3.65977 0 83 -3.65977 1
gene 3 3 58 -1.35637 0 164 -1.35637 1
gene 3 58 4 -0.36721 0 165 -0.36721 1
genomeend 66

/* Organism #67 Fitness: 9 Error: 1 */
genomestart 67
trait 1 0.1 0 0 0 0 0.425607 0 0.200155 
trait 2 0.2 0 0 0 0 0 0 0 
trait 3 0.3 0 0 0 0 0 0 0 
node 1 3 1 3
node 2 3 1 1
node 3 3 1 1
node 4 2 0 2
node 8 1 0 0
node 30 1 0 0
node 58 1 0 0
gene 2 1 4 5.6663 0 1 5.6663 1
gene 1 2 4 -6.04772 0 2 -6.04772 1
gene 3 3 4 -0.0400215 0 3 -0.0400215 0
gene 1 3 8 -5.64266 0 10 -5.64266 1
gene 3 8 4 -7.31285 0 11 -7.31285 1
gene 1 1 8 0.819683 0 75 0.819683 1
gene 1 2 30 4.1355 0 82 4.1355 1
gene 1 30 4 -3.65977 0 83 -3.65977 1
gene 3 3 58 -1.35637 0 164 -1.35637 1
gene 3 58 4 -0.192154 0 165 -0.183605 1
genomeend 67

/* Organism #68 Fitness: 4.08516 Error: 1.97882 */
genomestart 68
trait 1 0.1 0 0 0 0 0.425607 0 0.200155 
trait 2 0.2 0 0 0 0 0 0 0 
trait 3 0.3 0 0 0 0 0 0 0 
node 1 3 1 3
node 2 3 1 1
node 3 3 1 1
node 4 2 0 2
node 8 1 0 0
node 30 1 0 0
node 58 1 0 0
gene 2 1 4 8 0 1 8 1
gene 1 2 4 0.911116 0 2 0.911116 1
gene 3 3 4 -2.21787 0 3 -2.21787 0
gene 1 3 8 -3.47926 0 10 -3.47926 1
gene 3 8 4 -7.36278 0 11 -7.36278 1
gene 1 1 8 2.33504 0 75 2.33504 1
gene 1 2 30 4.1355 0 82 4.1355 1
gene 1 30 4 -0.553793 0 83 -0.553793 1
gene 3 3 58 1.65574 0 164 1.65574 1
gene 3 58 4 0.817031 0 165 0.817031 1
genomeend 68

/* Organism #69 Fitness: 9 Error: 1 */
genomestart 69
trait 1 0.1 0 0 0 0 0.425607 0 0.200155 
trait 2 0.2 0 0 0 0 0 0 0 
trait 3 0.3 0 0 0 0 0 0 0 
node 1 3 1 3
node 2 3 1 1
node 3 3 1 1
node 4 2 0 2
node 8 1 0 0
node 30 1 0 0
node 58 1 0 0
gene 2 1 4 5.6663 0 1 5.6663 1
gene 1 2 4 -6.04772 0 2 -6.04772 1
gene 3 3 4 -0.0400215 0 3 -0.0400215 0
gene 1 3 8 -5.3436 0 10 -5.3436 1
gene 3 8 4 -7.31285 0 11 -7.31285 1
gene 1 1 8 0.819683 0 75 0.819683 1
gene 1 2 30 4.68905 0 82 4.68905 1
gene 1 30 4 -3.65977 0 83 -3.65977 1
gene 3 3 58 -1.35637 0 164 -1.35637 1
gene 3 58 4 -0.192154 0 165 -0.183605 1
genomeend 69

/* Organism #70 Fitness: 8.99994 Error: 1.00001 */
genomestart 70
trait 1 0.1 0 0 0 0 0.425607 0 0.200155 
trait 2 0.2 0 0 0 0 0 0 0 
trait 3 0.3 0 0 0 0 0 0 0 
node 1 3 1 3
node 2 3 1 1
node 3 3 1 1
node 4 2 0 2
node 8 1 0 0
node 30 1 0 0
node 58 1 0 0
gene 2 1 4 5.2257 0 1 5.2257 1
gene 1 2 4 -8 0 2 -8 1
gene 3 3 4 0.528827 0 3 0.528827 0
gene 1 3 8 -6.85154 0 10 -6.85154 1
gene 3 8 4 -8 0 11 -8 1
gene 1 1 8 1.06556 0 75 1.06556 1
gene 1 2 30 2.8796 0 82 2.8796 1
gene 1 30 4 -6.68372 0 83 -6.68372 1
gene 3 3 58 0.230067 0 164 0.230067 1
gene 3 58 4 0.595411 0 165 0.595411 1
genomeend 70

/* Organism #71 Fitness: 9 Error: 1 */
genomestart 71
trait 1 0.1 0 0 0 0 0.425607 0 0.200155 
trait 2 0.2 0 0 0 0 0 0 0 
trait 3 0.3 0 0 0 0 0 0 0 
node 1 3 1 3
node 2 3 1 1
node 3 3 1 1
node 4 2 0 2
node 8 1 0 0
node 30 1 0 0
node 58 1 0 0
gene 2 1 4 5.62577 0 1 5.62577 1
gene 1 2 4 -6.68498 0 2 -6.68498 1
gene 3 3 4 0.104354 0 3 0.104354 0
gene 1 3 8 -5.64266 0 10 -5.64266 1
gene 3 8 4 -7.31285 0 11 -7.31285 1
gene 1 1 8 0.612606 0 75 0.612606 1
gene 1 2 30 4.1355 0 82 4.1355 1
gene 1 30 4 -4.79897 0 83 -4.79897 1
gene 3 3 58 -1.35637 0 164 -1.35637 1
gene 3 58 4 -0.36721 0 165 -0.36721 1
genomeend 71

/* Organism #72 Fitness: 8.91111 Error: 1.01485 */
genomestart 72
trait 1 0.1 0 0 0 0 0.425607 0 0.200155 
trait 2 0.2 0 0 0 0 0 0 0 
trait 3 0.3 0 0 0 0 0 0 0 
node 1 3 1 3
node 2 3 1 1
node 3 3 1 1
node 4 2 0 2
node 8 1 0 0
node 30 1 0 0
node 58 1 0 0
gene 2 1 4 7.10535 0 1 7.10535 1
gene 1 2 4 -4.47149 0 2 -4.47149 1
gene 3 3 4 0.632814 0 3 0.632814 0
gene 1 3 8 -5.51692 0 10 -5.51692 1
gene 3 8 4 -8 0 11 -8 1
gene 1 1 8 0.331246 0 75 0.331246 1
gene 1 2 30 6.39547 0 82 6.39547 1
gene 1 30 4 -3.48878 0 83 -3.48878 1
gene 3 3 58 -1.58311 0 164 -1.58311 1
gene 3 58 4 -0.723659 0 165 -0.723659 1
genomeend 72

/* Species #13 : (Size 8) (AF 4.86291) (Age 11)  */


/* Organism #73 Fitness: 8.98367 Error: 1.00272 */
genomestart 73
trait 1 0.1 0 0 0 0 0 0 0 
trait 2 0.2 0 0 0 0 0 0 0 
trait 3 0.3 0 0 0 0 0 0 0 
node 1 1 1 3
node 2 3 1 1
node 3 2 1 1
node 4 1 0 2
node 9 1 0 0
node 30 1 0 0
gene 3 1 4 0.543267 0 1 0.543267 1
gene 3 2 4 0.841738 0 2 0.841738 0
gene 2 3 4 1.46393 0 3 1.46393 1
gene 1 3 9 -0.444071 0 12 -0.444071 1
gene 1 9 4 -8 0 13 -8 1
gene 1 2 9 0.361378 0 20 0.361378 1
gene 3 2 30 2.05939 0 82 2.05939 1
gene 3 30 4 -2.5102 0 83 -2.5102 1
gene 2 3 30 -1.64835 0 177 -1.64835 1
genomeend 73

/* Organism #74 Fitness: 3.91545 Error: 2.02125 */
genomestart 74
trait 1 0.1 0 0 0 0 0 0 0 
trait 2 0.2 0 0 0 0 0 0 0 
trait 3 0.3 0 0 0 0 0 0 0 
node 1 1 1 3
node 2 3 1 1
node 3 2 1 1
node 4 1 0 2
node 9 1 0 0
node 30 1 0 0
gene 3 1 4 1.0584 0 1 1.0584 1
gene 3 2 4 -3.4707 0 2 -3.4707 0
gene 2 3 4 2.30099 0 3 2.30099 1
gene 1 3 9 0.625866 0 12 0.625866 1
gene 1 9 4 -6.33509 0 13 -6.33509 1
gene 1 2 9 -1.63428 0 20 -1.63428 1
gene 3 2 30 1.78553 0 82 1.78553 1
gene 3 30 4 -0.278522 0 83 -0.278522 1
gene 2 3 30 -2.73255 0 177 -2.73255 1
genomeend 74

/* Organism #75 Fitness: 1.06467 Error: 2.96817 */
genomestart 75
trait 1 0.1 0 0 0 0 0 0 0 
trait 2 0.2 0 0 0 0 0 0 0 
trait 3 0.3 0 0 0 0 0 0 0 
node 1 1 1 3
node 2 3 1 1
node 3 2 1 1
node 4 1 0 2
node 9 1 0 0
node 30 1 0 0
gene 3 1 4 4.39051 0 1 4.39051 1
gene 3 2 4 0.86319 0 2 0.86319 0
gene 2 3 4 2.14878 0 3 2.14878 1
gene 1 3 9 -2.52054 0 12 -2.52054 1
gene 1 9 4 -4.38705 0 13 -4.38705 1
gene 1 2 9 0.0521524 0 20 0.0521524 1
gene 3 2 30 3.08184 0 82 3.08184 1
gene 3 30 4 -2.83721 0 83 -2.83721 1
gene 2 3 30 -2.87994 0 177 -2.87994 1
genomeend 75

/* Organism #76 Fitness: 4.07167 Error: 1.98216 */
genomestart 76
trait 1 0.1 0 0 0 0 0 0 0 
trait 2 0.2 0 0 0 0 0 0 0 
trait 3 0.3 0 0 0 0 0 0.403065 0 
node 1 1 1 3
node 2 3 1 1
node 3 2 1 1
node 4 1 0 2
node 9 1 0 0
node 30 1 0 0
gene 3 1 4 0.536132 0 1 0.536132 1
gene 3 2 4 -1.58157 0 2 -1.58157 0
gene 2 3 4 0.23055 0 3 0.23055 1
gene 1 3 9 -1.9916 0 12 -1.9916 1
gene 1 9 4 -8 0 13 -8 1
gene 1 2 9 1.14434 0 20 1.14434 1
gene 3 2 30 2.59154 0 82 2.59154 1
gene 3 30 4 -2.5102 0 83 -2.5102 1
gene 2 3 30 -4.11222 0 177 -4.11222 1
genomeend 76

/* Organism #77 Fitness: 4.06242 Error: 1.98446 */
genomestart 77
trait 1 0.1 0 0 0 0 0 0 0 
trait 2 0.2 0 0 0 0 0 0 0 
trait 3 0.3 0 0 0 0 0 0 0 
node 1 1 1 3
node 2 3 1 1
node 3 2 1 1
node 4 1 0 2
node 9 1 0 0
node 30 1 0 0
gene 3 1 4 -0.631314 0 1 -0.631314 1
gene 1 2 4 -2.28185 0 2 -2.28185 0
gene 2 3 4 3.1127 0 3 3.1127 1
gene 1 3 9 -2.65526 0 12 -2.65526 1
gene 1 9 4 -8 0 13 -8 1
gene 1 2 9 -0.988259 0 20 -0.988259 1
gene 3 2 30 2.08565 0 82 2.08565 1
gene 3 30 4 -0.149996 0 83 -0.149996 1
gene 2 3 30 -2.76322 0 177 -2.76322 1
genomeend 77

/* Organism #78 Fitness: 3.99999 Error: 2 */
genomestart 78
trait 1 0.1 0 0 0 0 0 0 0 
trait 2 0.2 0 0 0 0 0 0 0 
trait 3 0.3 0 0 0 0 0 0 0 
node 1 1 1 3
node 2 3 1 1
node 3 2 1 1
node 4 1 0 2
node 9 1 0 0
node 30 1 0 0
gene 3 1 4 3.07618 0 1 3.07618 1
gene 3 2 4 -3.09296 0 2 -3.09296 1
gene 2 3 4 3.11347 0 3 3.11347 1
gene 1 3 9 -4.18461 0 12 -4.18461 1
gene 1 9 4 -8 0 13 -8 1
gene 1 2 9 -2.36763 0 20 -2.36763 1
gene 3 2 30 1.79301 0 82 1.79301 1
gene 3 30 4 -3.45032 0 83 -3.45032 1
gene 2 3 30 -2.96611 0 177 -2.96611 1
genomeend 78

/* Organism #79 Fitness: 8.80454 Error: 1.03276 */
genomestart 79
trait 1 0.1 0 0 0 0 0 0 0 
trait 2 0.2 0 0 0 0 0 0 0 
trait 3 0.3 0 0 0 0 0 0 0 
node 1 1 1 3
node 2 3 1 1
node 3 2 1 1
node 4 1 0 2
node 9 1 0 0
node 30 1 0 0
gene 3 1 4 0.687474 0 1 0.687474 1
gene 3 2 4 0.0021968 0 2 0.0021968 0
gene 2 3 4 0.779942 0 3 0.779942 1
gene 1 3 9 -4.43429 0 12 -4.43429 1
gene 1 9 4 -8 0 13 -8 1
gene 1 2 9 -3.05338 0 20 -3.05338 1
gene 3 2 30 -2.71448 0 82 -2.71448 1
gene 3 30 4 0.43474 0 83 0.43474 1
gene 2 3 30 -1.31021 0 177 -1.31021 1
genomeend 79

/* Organism #80 Fitness: 4.00086 Error: 1.99979 */
genomestart 80
trait 1 0.1 0 0 0 0 0 0 0 
trait 2 0.2 0 0 0 0 0 0 0 
trait 3 0.3 0 0 0 0 0 0 0 
node 1 1 1 3
node 2 3 1 1
node 3 2 1 1
node 4 1 0 2
node 9 1 0 0
node 30 1 0 0
gene 3 1 4 1.55857 0 1 1.55857 1
gene 3 2 4 -0.194914 0 2 -0.194914 1
gene 2 3 4 1.88246 0 3 1.88246 1
gene 1 3 9 -1.54966 0 12 -1.54966 1
gene 1 9 4 -7.16754 0 13 -7.16754 1
gene 1 2 9 -0.31344 0 20 -0.31344 1
gene 3 2 30 0.910527 0 82 0.910527 1
gene 3 30 4 -1.83701 0 83 -1.83701 1
gene 2 3 30 -1.85388 0 177 -1.85388 1
genomeend 80

/* Species #14 : (Size 6) (AF 6.21066) (Age 10)  */


/* Organism #81 Fitness: 8.99937 Error: 1.00011 */
genomestart 81
trait 1 0 0 0.0898844 0 0 0 0 0 
trait 2 0.2 0 0 0 0 0 0 0 
trait 3 0.3 0 0 0 0 0 0 0 
node 1 3 1 3
node 2 3 1 1
node 3 3 1 1
node 4 2 0 2
node 8 1 0 0
node 34 1 0 0
node 52 1 0 0
gene 2 1 4 -1.89779 0 1 -1.89779 1
gene 1 2 4 -2.96603 0 2 -2.96603 0
gene 3 3 4 -6.07028 0 3 -6.07028 0
gene 1 3 8 -0.525718 0 10 -0.525718 0
gene 3 8 4 4.18647 0 11 4.18647 1
gene 2 2 8 3.40578 0 84 3.40578 1
gene 1 3 34 1.87315 0 93 1.87315 1
gene 1 34 8 -5.09215 0 94 -5.09215 1
gene 1 2 52 -1.30177 0 146 -1.30177 1
gene 1 52 4 0.839101 0 147 0.839101 1
genomeend 81

/* Organism #82 Fitness: 8.97764 Error: 1.00373 */
genomestart 82
trait 1 0 0 0.0898844 0 0 0 0 0 
trait 2 0.2 0 0 0 0 0 0 0 
trait 3 0.3 0 0 0 0 0 0 0 
node 1 3 1 3
node 2 3 1 1
node 3 3 1 1
node 4 2 0 2
node 8 1 0 0
node 34 1 0 0
node 52 1 0 0
gene 2 1 4 -3.28773 0 1 -3.28773 1
gene 1 2 4 -5.06257 0 2 -5.06257 0
gene 3 3 4 -4.69023 0 3 -4.69023 0
gene 1 3 8 -2.77932 0 10 -2.77932 0
gene 3 8 4 4.48836 0 11 4.48836 1
gene 2 2 8 3.99282 0 84 3.99282 1
gene 1 3 34 1.03053 0 93 1.03053 1
gene 1 34 8 -6.27717 0 94 -6.27717 1
gene 1 2 52 -1.72444 0 146 -1.72444 1
gene 1 52 4 0.0192096 0 147 0.0192096 1
genomeend 82

/* Organism #83 Fitness: 4.00002 Error: 2 */
genomestart 83
trait 1 0 0 0.0898844 0 0 0 0 0 
trait 2 0.2 0 0 0 0 0 0 0 
trait 3 0.3 0 0 0 0 0 0 0 
node 1 3 1 3
node 2 3 1 1
node 3 3 1 1
node 4 2 0 2
node 8 1 0 0
node 34 1 0 0
node 52 1 0 0
gene 2 1 4 0.24215 0 1 0.24215 1
gene 1 2 4 -4.68915 0 2 -4.68915 0
gene 3 3 4 -4.34974 0 3 -4.34974 0
gene 1 3 8 -2.21705 0 10 -2.21705 0
gene 3 8 4 1.87556 0 11 1.87556 1
gene 2 2 8 3.63073 0 84 3.63073 1
gene 1 3 34 0.538002 0 93 0.538002 1
gene 1 34 8 -6.24276 0 94 -6.24276 1
gene 1 2 52 0.919717 0 146 0.919717 1
gene 1 52 4 2.28371 0 147 2.28371 1
genomeend 83

/* Organism #84 Fitness: 4.44631 Error: 1.89137 */
genomestart 84
trait 1 0.05 0 0.0449422 0 0 0 0 0 
trait 2 0.2 0 0 0 0 0 0 0 
trait 3 0.3 0 0 0 0 0 0 0 
node 1 3 1 3
node 2 3 1 1
node 3 3 1 1
node 4 2 0 2
node 8 1 0 0
node 34 1 0 0
node 52 1 0 0
gene 2 1 4 3.10997 0 1 3.10997 1
gene 1 2 4 -3.00948 0 2 -3.00948 0
gene 3 3 4 -6.26539 0 3 -6.26539 0
gene 1 3 8 -0.525718 0 10 -0.525718 0
gene 3 8 4 2.33107 0 11 2.33107 1
gene 2 2 8 -0.472307 0 84 -0.472307 1
gene 1 3 34 -1.57405 0 93 -1.57405 1
gene 1 34 8 -2.64208 0 94 -2.64208 1
gene 1 2 52 -1.28913 0 146 -1.28913 1
gene 1 52 4 -5.37372 0 147 -5.37372 1
genomeend 84

/* Organism #85 Fitness: 6.84057 Error: 1.38455 */
genomestart 85
trait 1 0 0 0.0898844 0 0 0 0 0 
trait 2 0.2 0 0 0 0 0 0 0 
trait 3 0.3 0 0 0 0 0 0 0 
node 1 3 1 3
node 2 3 1 1
node 3 3 1 1
node 4 2 0 2
node 8 1 0 0
node 34 1 0 0
node 52 1 0 0
gene 2 1 4 -1.10371 0 1 -1.10371 1
gene 1 2 4 -5.0473 0 2 -5.0473 0
gene 3 3 4 -4.15543 0 3 -4.15543 0
gene 1 3 8 -0.668664 0 10 -0.668664 0
gene 3 8 4 2.20268 0 11 2.20268 1
gene 2 2 8 4.42687 0 84 4.42687 1
gene 1 3 34 0.972876 0 93 0.972876 1
gene 1 34 8 -4.49979 0 94 -4.49979 1
gene 1 2 52 -3.71504 0 146 -3.71504 1
gene 1 52 4 -1.15544 0 147 -1.15544 1
genomeend 85

/* Organism #86 Fitness: 4.00009 Error: 1.99998 */
genomestart 86
trait 1 0.05 0 0.0449422 0 0 0 0 0 
trait 2 0.2 0 0 0 0 0 0 0 
trait 3 0.3 0 0 0 0 0 0 0 
node 1 3 1 3
node 2 3 1 1
node 3 3 1 1
node 4 2 0 2
node 8 1 0 0
node 34 1 0 0
node 52 1 0 0
gene 2 1 4 -1.89779 0 1 -1.89779 1
gene 1 2 4 -2.96603 0 2 -2.96603 0
gene 3 3 4 -6.07028 0 3 -6.07028 0
gene 1 3 8 -0.525718 0 10 -0.525718 0
gene 3 8 4 4.18647 0 11 4.18647 1
gene 2 2 8 3.40578 0 84 3.40578 1
gene 1 3 34 1.87315 0 93 1.87315 1
gene 1 34 8 -2.86012 0 94 -2.86012 1
gene 1 2 52 -1.30177 0 146 -1.30177 1
gene 1 52 4 0.839101 0 147 0.839101 1
genomeend 86

/* Species #15 : (Size 8) (AF 5.8684) (Age 10)  */


/* Organism #87 Fitness: 8.99999 Error: 1 */
genomestart 87
trait 1 0.1 0 0 0 0 0 0 0 
trait 2 0.2 0 0 0 0 0 0 0 
trait 3 0.3 0 0 0 0 0 0.0115856 0 
node 1 1 1 3
node 2 3 1 1
node 3 2 1 1
node 4 1 0 2
node 9 1 0 0
node 20 1 0 0
gene 3 1 4 4.31233 0 1 4.31233 1
gene 3 2 4 1.01572 0 2 1.01572 0
gene 1 3 4 0.117131 0 3 0.117131 0
gene 1 3 9 4.02538 0 12 4.02538 1
gene 1 9 4 -7.03661 0 13 -7.03661 1
gene 1 2 9 -5.8249 0 20 -5.8249 1
gene 1 2 20 4.94985 0 48 4.94985 1
gene 1 20 9 3.7386 0 49 3.7386 1
genomeend 87

/* Organism #88 Fitness: 4 Error: 2 */
genomestart 88
trait 1 0.1 0 0 0 0 0 0 0 
trait 2 0.2 0 0 0 0 0 0 0 
trait 3 0.3 0 0 0 0 0 0.0115856 0 
node 1 1 1 3
node 2 3 1 1
node 3 2 1 1
node 4 1 0 2
node 9 1 0 0
node 20 1 0 0
gene 3 1 4 4.31233 0 1 4.31233 1
gene 3 2 4 -0.561653 0 2 -0.561653 0
gene 1 3 4 2.0816 0 3 2.0816 0
gene 1 3 9 0.655856 0 12 0.655856 1
gene 1 9 4 -7.03661 0 13 -7.03661 1
gene 1 2 9 -3.46518 0 20 -3.46518 1
gene 1 2 20 6.05863 0 48 6.05863 1
gene 1 20 9 5.61968 0 49 5.61968 1
genomeend 88

/* Organism #89 Fitness: 4 Error: 2 */
genomestart 89
trait 1 0.1 0.730771 0 0 0.129854 0.351746 0 0 
trait 2 0.2 0 0 0 0 0 0 0 
trait 3 0.3 0 0 0 0 0 0.0115856 0 
node 1 1 1 3
node 2 3 1 1
node 3 2 1 1
node 4 1 0 2
node 9 1 0 0
node 20 1 0 0
gene 3 1 4 4.89945 0 1 4.89945 1
gene 3 2 4 0.991375 0 2 0.991375 0
gene 1 3 4 -1.26684 0 3 -1.26684 0
gene 1 3 9 5.50352 0 12 5.50352 1
gene 1 9 4 -8 0 13 -8 1
gene 1 2 9 -2.35682 0 20 -2.35682 1
gene 1 2 20 6.06686 0 48 6.06686 1
gene 1 20 9 3.34867 0 49 3.34867 1
genomeend 89

/* Organism #90 Fitness: 4 Error: 2 */
genomestart 90
trait 1 0.1 0 0 0 0 0 0 0 
trait 2 0.2 0 0 0 0 0 0 0 
trait 3 0.3 0 0 0 0 0 0.0115856 0 
node 1 1 1 3
node 2 3 1 1
node 3 2 1 1
node 4 1 0 2
node 9 1 0 0
node 20 1 0 0
gene 3 1 4 4.51593 0 1 4.51593 1
gene 3 2 4 0.907086 0 2 0.907086 0
gene 1 3 4 -1.2598 0 3 -1.2598 0
gene 1 3 9 2.56819 0 12 2.56819 1
gene 1 9 4 -8 0 13 -8 1
gene 1 2 9 -1.93149 0 20 -1.93149 1
gene 1 2 20 3.99352 0 48 3.99352 1
gene 1 20 9 3.51432 0 49 3.51432 1
genomeend 90

/* Organism #91 Fitness: 4.00015 Error: 1.99996 */
genomestart 91
trait 1 0.1 0 0 0 0 0 0 0 
trait 2 0.2 0 0 0 0 0 0 0 
trait 3 0.3 0 0 0 0 0 0.0115856 0 
node 1 1 1 3
node 2 3 1 1
node 3 2 1 1
node 4 1 0 2
node 9 1 0 0
node 20 1 0 0
gene 3 1 4 6.60427 0 1 6.60427 1
gene 3 2 4 2.25458 0 2 2.25458 0
gene 1 3 4 -1.19606 0 3 -1.19606 0
gene 1 3 9 1.57713 0 12 1.57713 1
gene 1 9 4 -7.76819 0 13 -7.76819 1
gene 1 2 9 -6.39552 0 20 -6.39552 1
gene 1 2 20 5.1608 0 48 5.1608 1
gene 1 20 9 4.88775 0 49 4.88775 1
genomeend 91

/* Organism #92 Fitness: 4.00005 Error: 1.99999 */
genomestart 92
trait 1 0.1 0 0 0 0 0 0 0 
trait 2 0.2 0 0 0 0 0 0 0 
trait 3 0.3 0 0 0 0 0 0.0115856 0 
node 1 1 1 3
node 2 3 1 1
node 3 2 1 1
node 4 1 0 2
node 9 1 0 0
node 20 1 0 0
gene 3 1 4 2.25007 0 1 2.25007 1
gene 3 2 4 1.05788 0 2 1.05788 0
gene 1 3 4 -0.734735 0 3 -0.734735 0
gene 1 3 9 1.88436 0 12 1.88436 1
gene 1 9 4 -8 0 13 -8 1
gene 1 2 9 -3.37946 0 20 -3.37946 1
gene 1 2 20 6.01976 0 48 6.01976 1
gene 1 20 9 0.652639 0 49 0.652639 1
genomeend 92

/* Organism #93 Fitness: 8.9998 Error: 1.00003 */
genomestart 93
trait 1 0.1 0 0 0 0 0 0 0 
trait 2 0.2 0 0 0 0 0 0 0 
trait 3 0.3 0 0 0 0 0 0.0115856 0 
node 1 1 1 3
node 2 3 1 1
node 3 2 1 1
node 4 1 0 2
node 9 1 0 0
node 20 1 0 0
gene 3 1 4 4.032 0 1 4.032 1
gene 3 2 4 0.654432 0 2 0.654432 1
gene 1 3 4 0.0792656 0 3 0.0792656 0
gene 1 3 9 4.00161 0 12 4.00161 1
gene 1 9 4 -6.77966 0 13 -6.77966 1
gene 1 2 9 -4.86982 0 20 -4.86982 1
gene 1 2 20 4.77391 0 48 4.77391 1
gene 1 20 9 2.81348 0 49 2.81348 1
gene 2 3 20 0.524928 0 213 0.524928 1
genomeend 93

/* Organism #94 Fitness: 8.94719 Error: 1.00881 */
genomestart 94
trait 1 0.1 0 0 0 0 0 0 0 
trait 2 0.2 0 0 0 0 0 0 0 
trait 3 0.3 0 0 0 0 0 0.0115856 0 
node 1 1 1 3
node 2 3 1 1
node 3 2 1 1
node 4 1 0 2
node 9 1 0 0
node 20 1 0 0
gene 3 1 4 4.57037 0 1 4.57037 1
gene 3 2 4 -2.13119 0 2 -2.13119 0
gene 1 3 4 -1.15269 0 3 -1.15269 0
gene 1 3 9 4.27731 0 12 4.27731 1
gene 1 9 4 -5.54327 0 13 -5.54327 1
gene 1 2 9 -3.68645 0 20 -3.68645 1
gene 1 2 20 6.51356 0 48 6.51356 1
gene 1 20 9 2.43219 0 49 2.43219 1
genomeend 94

/* Species #16 : (Size 10) (AF 8.48993) (Age 10)  */


/* Organism #95 Fitness: 8.99996 Error: 1.00001 */
genomestart 95
trait 1 0.1 0 0 0 0 0 0 0 
trait 2 0.482916 0 0 0 0.173082 0 0 0.133345 
trait 3 0.3 0 0 0 0 0 0 0 
node 1 1 1 3
node 2 3 1 1
node 3 2 1 1
node 4 1 0 2
node 9 1 0 0
node 14 1 0 0
node 19 1 0 0
node 31 1 0 0
gene 1 1 4 2.21016 0 1 2.21016 1
gene 3 2 4 6.42475 0 2 6.42475 1
gene 1 3 4 5.96582 0 3 5.96582 1
gene 1 3 9 -2.15978 0 12 -2.15978 0
gene 1 9 4 -5.73357 0 13 -5.73357 1
gene 1 2 9 -3.76563 0 20 -3.76563 1
gene 2 2 14 2.66762 0 33 2.66762 1
gene 1 14 9 -2.18887 0 34 -2.18887 1
gene 1 14 19 3.50194 0 46 3.50194 1
gene 1 19 9 2.73932 0 47 2.73932 1
gene 1 3 31 -3.88953 0 86 -3.88953 1
gene 1 31 9 1.93239 0 87 1.93239 1
gene 2 1 31 -2.82854 0 97 -2.82854 1
genomeend 95

/* Organism #96 Fitness: 8.99993 Error: 1.00001 */
genomestart 96
trait 1 0.1 0 0 0 0 0 0 0 
trait 2 0.482916 0.0456217 0.587752 0 1 0.467463 0 0.753009 
trait 3 0.3 0 0 0 0 0 0 0 
node 1 1 1 3
node 2 3 1 1
node 3 2 1 1
node 4 1 0 2
node 9 1 0 0
node 14 1 0 0
node 19 1 0 0
node 31 1 0 0
gene 1 1 4 2.64348 0 1 2.64348 1
gene 3 2 4 -0.203294 0 2 -0.203294 1
gene 1 3 4 7.41489 0 3 7.41489 1
gene 1 3 9 -1.81128 0 12 -1.81128 0
gene 1 9 4 -5.58354 0 13 -5.58354 1
gene 1 2 9 -3.86487 0 20 -3.86487 1
gene 2 2 14 1.78082 0 33 1.78082 1
gene 1 14 9 0.0861746 0 34 0.0861746 1
gene 1 14 19 1.38135 0 46 1.38135 1
gene 1 19 9 0.454117 0 47 0.454117 1
gene 1 3 31 -3.23134 0 86 -3.23134 1
gene 1 31 9 4.07509 0 87 4.07509 1
gene 2 1 31 -2.82854 0 97 -2.82854 1
genomeend 96

/* Organism #97 Fitness: 8.99962 Error: 1.00006 */
genomestart 97
trait 1 0.1 0 0 0 0 0 0 0 
trait 2 0.482916 0 0 0 0.173082 0 0 0.133345 
trait 3 0.3 0 0 0 0 0 0 0 
node 1 1 1 3
node 2 3 1 1
node 3 2 1 1
node 4 1 0 2
node 9 1 0 0
node 14 1 0 0
node 19 1 0 0
node 31 1 0 0
gene 1 1 4 1.95669 0 1 1.95669 1
gene 3 2 4 8 0 2 8 1
gene 1 3 4 7.81799 0 3 7.81799 1
gene 1 3 9 -3.70522 0 12 -3.70522 0
gene 1 9 4 -3.91968 0 13 -3.91968 1
gene 1 2 9 -4.95546 0 20 -4.95546 1
gene 2 2 14 4.73614 0 33 4.73614 1
gene 1 14 9 -0.171322 0 34 -0.171322 1
gene 1 14 19 2.79343 0 46 2.79343 1
gene 1 19 9 4.33636 0 47 4.33636 1
gene 1 3 31 -3.17593 0 86 -3.17593 1
gene 1 31 9 1.93239 0 87 1.93239 1
gene 2 1 31 -2.30549 0 97 -2.30549 1
genomeend 97

/* Organism #98 Fitness: 4 Error: 2 */
genomestart 98
trait 1 0.1 0 0 0 0 0 0 0 
trait 2 0.482916 0 0 0 0.173082 0 0 0.133345 
trait 3 0.3 0 0 0 0 0 0 0 
node 1 1 1 3
node 2 3 1 1
node 3 2 1 1
node 4 1 0 2
node 9 1 0 0
node 14 1 0 0
node 19 1 0 0
node 31 1 0 0
gene 1 1 4 4.19018 0 1 4.19018 1
gene 3 2 4 2.2552 0 2 2.2552 1
gene 1 3 4 7.68231 0 3 7.68231 1
gene 1 3 9 0.323943 0 12 0.323943 0
gene 1 9 4 -6.67698 0 13 -6.67698 1
gene 1 2 9 -1.60445 0 20 -1.60445 1
gene 2 2 14 3.21018 0 33 3.21018 1
gene 1 14 9 -1.41688 0 34 -1.41688 1
gene 1 14 19 0.810925 0 46 0.810925 1
gene 1 19 9 -0.769764 0 47 -0.769764 1
gene 1 3 31 1.15439 0 86 1.15439 1
gene 1 31 9 4.07509 0 87 4.07509 1
gene 2 1 31 -2.13392 0 97 -2.13392 1
genomeend 98

/* Organism #99 Fitness: 9 Error: 1 */
genomestart 99
trait 1 0.1 0 0 0 0 0 0 0 
trait 2 0.482916 0 0 0 0.173082 0 0 0.133345 
trait 3 0.3 0 0 0 0 0 0 0 
node 1 1 1 3
node 2 3 1 1
node 3 2 1 1
node 4 1 0 2
node 9 1 0 0
node 14 1 0 0
node 19 1 0 0
node 31 1 0 0
gene 1 1 4 2.42682 0 1 2.42682 1
gene 3 2 4 3.11073 0 2 3.11073 1
gene 1 3 4 6.69036 0 3 6.69036 1
gene 1 3 9 -1.98553 0 12 -1.98553 0
gene 1 9 4 -5.65856 0 13 -5.65856 1
gene 1 2 9 -3.81525 0 20 -3.81525 1
gene 2 2 14 2.22422 0 33 2.22422 1
gene 1 14 9 -1.05135 0 34 -1.05135 1
gene 1 14 19 2.44164 0 46 2.44164 1
gene 1 19 9 1.59672 0 47 1.59672 1
gene 1 3 31 -3.56043 0 86 -3.56043 1
gene 1 31 9 3.00374 0 87 3.00374 1
gene 2 1 31 -2.82854 0 97 -2.82854 1
gene 2 2 19 0.127897 0 214 0.127897 1
genomeend 99

/* Organism #100 Fitness: 8.90015 Error: 1.01669 */
genomestart 100
trait 1 0.1 0 0 0 0 0 0 0 
trait 2 0.482916 0 0 0 0.173082 0 0 0.133345 
trait 3 0.3 0 0 0 0 0 0 0 
node 1 1 1 3
node 2 3 1 1
node 3 2 1 1
node 4 1 0 2
node 9 1 0 0
node 14 1 0 0
node 19 1 0 0
node 31 1 0 0
gene 1 1 4 2.50874 0 1 2.50874 1
gene 3 2 4 0.745535 0 2 0.745535 1
gene 1 3 4 4.52429 0 3 4.52429 1
gene 1 3 9 -3.25885 0 12 -3.25885 0
gene 1 9 4 -3.33652 0 13 -3.33652 1
gene 1 2 9 -5.34753 0 20 -5.34753 1
gene 2 2 14 0.654428 0 33 0.654428 1
gene 1 14 9 -2.95388 0 34 -2.95388 1
gene 1 14 19 3.31082 0 46 3.31082 1
gene 1 19 9 4.3038 0 47 4.3038 1
gene 1 3 31 -4.46706 0 86 -4.46706 1
gene 1 31 9 2.39849 0 87 2.39849 1
gene 2 1 31 -3.68679 0 97 -3.68679 1
genomeend 100

/* Organism #101 Fitness: 9 Error: 1 */
genomestart 101
trait 1 0.1 0 0 0 0 0 0 0 
trait 2 0.482916 0 0 0 0.173082 0 0 0.133345 
trait 3 0.3 0 0 0 0 0 0 0 
node 1 1 1 3
node 2 3 1 1
node 3 2 1 1
node 4 1 0 2
node 9 1 0 0
node 14 1 0 0
node 19 1 0 0
node 31 1 0 0
gene 1 1 4 2.42682 0 1 2.42682 1
gene 3 2 4 3.11073 0 2 3.11073 1
gene 1 3 4 6.69036 0 3 6.69036 1
gene 1 3 9 -1.98553 0 12 -1.98553 0
gene 1 9 4 -5.65856 0 13 -5.65856 1
gene 1 2 9 -3.81525 0 20 -3.81525 1
gene 2 2 14 2.22422 0 33 2.22422 1
gene 1 14 9 -1.05135 0 34 -1.05135 1
gene 1 14 19 2.44164 0 46 2.44164 1
gene 1 19 9 1.59672 0 47 1.59672 1
gene 1 3 31 -3.56043 0 86 -3.56043 1
gene 1 31 9 3.00374 0 87 3.00374 1
gene 2 1 31 -2.82854 0 97 -2.82854 1
genomeend 101

/* Organism #102 Fitness: 8.99975 Error: 1.00004 */
genomestart 102
trait 1 0.1 0 0 0 0 0 0 0 
trait 2 0.482916 0 0 0 0.173082 0 0 0.133345 
trait 3 0.3 0 0 0 0 0 0 0 
node 1 1 1 3
node 2 3 1 1
node 3 2 1 1
node 4 1 0 2
node 9 1 0 0
node 14 1 0 0
node 19 1 0 0
node 31 1 0 0
gene 1 1 4 2.21016 0 1 2.21016 1
gene 3 2 4 6.42475 0 2 6.42475 1
gene 1 3 4 5.96582 0 3 5.96582 1
gene 1 3 9 -2.15978 0 12 -2.15978 0
gene 1 9 4 -5.73357 0 13 -5.73357 1
gene 1 2 9 -3.76563 0 20 -3.76563 1
gene 2 2 14 2.66762 0 33 2.66762 1
gene 1 14 9 -2.18887 0 34 -2.18887 1
gene 1 14 19 3.50194 0 46 3.50194 1
gene 1 19 9 2.73932 0 47 2.73932 1
gene 1 3 31 -3.88953 0 86 -3.88953 1
gene 1 31 9 1.93239 0 87 1.93239 1
gene 2 1 31 -2.82854 0 97 -2.82854 1
gene 3 14 4 -0.784049 0 215 -0.784049 1
genomeend 102

/* Organism #103 Fitness: 8.99988 Error: 1.00002 */
genomestart 103
trait 1 0.1 0 0 0 0 0 0 0 
trait 2 0.482916 0 0 0 0.173082 0 0 0.133345 
trait 3 0.3 0 0 0 0 0 0 0 
node 1 1 1 3
node 2 3 1 1
node 3 1 1 1
node 4 1 0 2
node 9 1 0 0
node 14 1 0 0
node 19 1 0 0
node 31 1 0 0
gene 1 1 4 1.30443 0 1 1.30443 1
gene 3 2 4 5.7427 0 2 5.7427 1
gene 1 3 4 7.48868 0 3 7.48868 1
gene 1 3 9 -0.0906091 0 12 -0.0906091 0
gene 1 9 4 -3.50397 0 13 -3.50397 1
gene 1 2 9 -2.01283 0 20 -2.01283 1
gene 2 2 14 2.4983 0 33 2.4983 1
gene 1 14 9 -0.471128 0 34 -0.471128 1
gene 1 14 19 4.07998 0 46 4.07998 1
gene 2 19 9 4.55599 0 47 4.55599 1
gene 1 3 31 -2.66177 0 86 -2.66177 1
gene 1 31 9 2.72932 0 87 2.72932 1
gene 2 1 31 2.32622 0 97 2.32622 1
genomeend 103

/* Organism #104 Fitness: 8.99999 Error: 1 */
genomestart 104
trait 1 0.1 0 0 0 0 0 0 0 
trait 2 0.482916 0 0 0 0.173082 0 0 0.133345 
trait 3 0.3 0 0 0 0 0 0 0 
node 1 1 1 3
node 2 3 1 1
node 3 2 1 1
node 4 1 0 2
node 9 1 0 0
node 14 1 0 0
node 19 1 0 0
node 31 1 0 0
gene 1 1 4 2.64348 0 1 2.64348 1
gene 3 2 4 6.42475 0 2 6.42475 1
gene 1 3 4 5.96582 0 3 5.96582 1
gene 1 3 9 -1.81128 0 12 -1.81128 0
gene 1 9 4 -5.58354 0 13 -5.58354 1
gene 1 2 9 -3.76563 0 20 -3.76563 1
gene 2 2 14 1.78082 0 33 1.78082 1
gene 1 14 9 -2.18887 0 34 -2.18887 1
gene 1 14 19 1.38135 0 46 1.38135 1
gene 1 19 9 2.73932 0 47 2.73932 1
gene 1 3 31 -3.23134 0 86 -3.23134 1
gene 1 31 9 1.93239 0 87 1.93239 1
gene 2 1 31 -2.82854 0 97 -2.82854 1
genomeend 104

/* Species #17 : (Size 3) (AF 3.94297) (Age 9)  */


/* Organism #105 Fitness: 3.97569 Error: 2.00609 */
genomestart 105
trait 1 0.117745 0 0.0502142 0.229892 0 0 0 0.0344751 
trait 2 0.2 0 0 0 0 0 0 0 
trait 3 0.3 0 0.038691 0 0 0 0 0.0540229 
node 1 3 1 3
node 2 3 1 1
node 3 3 1 1
node 4 2 0 2
node 8 1 0 0
node 16 1 0 0
node 35 1 0 0
node 38 1 0 0
gene 2 1 4 0.581548 0 1 0.581548 1
gene 1 2 4 0.988838 0 2 0.988838 0
gene 3 3 4 -2.35636 0 3 -2.35636 0
gene 3 3 8 -2.44181 0 10 -2.44181 0
gene 3 8 4 -1.44922 0 11 -1.44922 0
gene 3 8 16 -2.54783 0 38 -2.54783 1
gene 3 16 4 -3.82235 0 39 -3.82235 1
gene 1 2 35 1.55745 0 95 1.55745 1
gene 1 35 4 0.836424 0 96 0.836424 1
gene 3 3 38 -1.17389 0 108 -1.17389 1
gene 3 38 8 1.09406 0 109 1.09406 1
gene 3 38 35 1.0625 0 150 1.0625 1
genomeend 105

/* Organism #106 Fitness: 3.85319 Error: 2.03704 */
genomestart 106
trait 1 0.117745 0 0.0502142 0.229892 0 0 0 0.0344751 
trait 2 0.2 0 0 0 0 0 0 0 
trait 3 0.3 0 0.038691 0 0 0 0 0.0540229 
node 1 3 1 3
node 2 3 1 1
node 3 3 1 1
node 4 2 0 2
node 8 1 0 0
node 16 1 0 0
node 35 1 0 0
node 38 1 0 0
gene 2 1 4 0.388265 0 1 0.388265 1
gene 1 2 4 -1.60993 0 2 -1.60993 0
gene 3 3 4 -3.0471 0 3 -3.0471 0
gene 3 3 8 -0.814591 0 10 -0.814591 0
gene 3 8 4 0.240105 0 11 0.240105 0
gene 3 8 16 -2.15517 0 38 -2.15517 1
gene 3 16 4 -1.72867 0 39 -1.72867 1
gene 1 2 35 -1.00779 0 95 -1.00779 1
gene 1 35 4 -2.63554 0 96 -2.63554 1
gene 3 3 38 -0.170492 0 108 -0.170492 1
gene 3 38 8 2.54122 0 109 2.54122 1
gene 3 38 35 -2.47205 0 150 -2.47205 1
genomeend 106

/* Organism #107 Fitness: 4.00002 Error: 2 */
genomestart 107
trait 1 0.117745 0 0.0502142 0.229892 0 0 0 0.0344751 
trait 2 0.2 0 0 0 0 0 0 0 
trait 3 0.3 0 0.038691 0 0 0 0 0.0540229 
node 1 3 1 3
node 2 3 1 1
node 3 3 1 1
node 4 2 0 2
node 8 1 0 0
node 16 1 0 0
node 35 1 0 0
node 38 1 0 0
gene 2 1 4 0.576039 0 1 0.576039 1
gene 1 2 4 -0.69218 0 2 -0.69218 0
gene 3 3 4 -3.97061 0 3 -3.97061 0
gene 3 3 8 -2.13437 0 10 -2.13437 0
gene 3 8 4 -3.09736 0 11 -3.09736 0
gene 3 8 16 -0.804839 0 38 -0.804839 1
gene 3 16 4 -3.82235 0 39 -3.82235 1
gene 1 2 35 1.2364 0 95 1.2364 1
gene 1 35 4 0.011342 0 96 0.011342 1
gene 3 3 38 0.132014 0 108 0.132014 1
gene 3 38 8 -1.43497 0 109 -1.43497 1
gene 3 38 35 1.19739 0 150 1.19739 1
genomeend 107

/* Species #18 : (Size 4) (AF 4.00006) (Age 6)  */


/* Organism #108 Fitness: 4.0001 Error: 1.99998 */
genomestart 108
trait 1 0.398931 0.170049 0.0390574 0 0.302059 0 0.0527469 0 
trait 2 0.2 0 0 0 0 0 0 0 
trait 3 0.3 0 0 0 0 0 0 0 
node 1 1 1 3
node 2 1 1 1
node 3 3 1 1
node 4 3 0 2
node 7 1 0 0
node 49 1 0 0
gene 3 1 4 -0.10201 0 1 -0.10201 1
gene 2 2 4 -3.50653 0 2 -3.50653 0
gene 1 3 4 -5.61192 0 3 -5.61192 0
gene 2 2 7 -2.5112 0 8 -2.5112 1
gene 2 7 4 0.750199 0 9 0.750199 1
gene 1 1 7 -2.05821 0 126 -2.05821 1
gene 1 3 49 -2.16269 0 137 -2.16269 1
gene 1 49 4 1.22769 0 138 1.22769 1
genomeend 108

/* Organism #109 Fitness: 4 Error: 2 */
genomestart 109
trait 1 0.398931 0.170049 0.0390574 0 0.302059 0 0.0527469 0 
trait 2 0.2 0 0 0 0 0 0 0 
trait 3 1 0 0 0.414755 0 0 0 0 
node 1 1 1 3
node 2 1 1 1
node 3 3 1 1
node 4 3 0 2
node 7 1 0 0
node 49 1 0 0
gene 3 1 4 1.46687 0 1 1.46687 1
gene 2 2 4 -3.94616 0 2 -3.94616 0
gene 1 3 4 -5.51724 0 3 -5.51724 0
gene 2 2 7 0.173922 0 8 0.173922 1
gene 2 7 4 1.41994 0 9 1.41994 1
gene 1 1 7 1.1982 0 126 1.1982 1
gene 1 3 49 -2.32044 0 137 -2.32044 1
gene 1 49 4 0.444345 0 138 0.444345 1
genomeend 109

/* Organism #110 Fitness: 4.00013 Error: 1.99997 */
genomestart 110
trait 1 0.398931 0.170049 0.0390574 0 0.302059 0 0.0527469 0 
trait 2 0.2 0 0 0 0 0 0 0 
trait 3 0.3 0 0 0 0 0 0 0 
node 1 1 1 3
node 2 1 1 1
node 3 3 1 1
node 4 3 0 2
node 7 1 0 0
node 49 1 0 0
gene 3 1 4 -1.58123 0 1 -1.58123 1
gene 2 2 4 -3.64153 0 2 -3.64153 0
gene 1 3 4 -4.78615 0 3 -4.78615 0
gene 2 2 7 -2.20966 0 8 -2.20966 1
gene 2 7 4 0.728184 0 9 0.728184 1
gene 1 1 7 -1.19456 0 126 -1.19456 1
gene 1 3 49 -1.06842 0 137 -1.06842 1
gene 1 49 4 -0.559097 0 138 -0.559097 1
gene 3 3 7 0.423081 0 216 0.423081 1
genomeend 110

/* Organism #111 Fitness: 4 Error: 2 */
genomestart 111
trait 1 0.398931 0.170049 0.0390574 0 0.302059 0 0.0527469 0 
trait 2 0.2 0 0 0 0 0 0 0 
trait 3 0.3 0 0 0 0 0 0 0 
node 1 1 1 3
node 2 1 1 1
node 3 3 1 1
node 4 3 0 2
node 7 1 0 0
node 49 1 0 0
gene 3 1 4 2.25351 0 1 2.25351 1
gene 2 2 4 -2.80012 0 2 -2.80012 0
gene 1 3 4 -5.84651 0 3 -5.84651 0
gene 2 2 7 -0.291983 0 8 -0.291983 1
gene 2 7 4 -0.664756 0 9 -0.664756 1
gene 1 1 7 -3.53323 0 126 -3.53323 1
gene 1 3 49 -1.95522 0 137 -1.95522 1
gene 1 49 4 2.82728 0 138 2.82728 1
genomeend 111

/* Species #19 : (Size 8) (AF 7.75199) (Age 5)  */


/* Organism #112 Fitness: 8.99999 Error: 1 */
genomestart 112
trait 1 0.1 0 0 0 0 0 0 0 
trait 2 0.2 0 0 0 0 0 0 0 
trait 3 0.3 0 0 0 0 0 0 0 
node 1 1 1 3
node 2 3 1 1
node 3 2 1 1
node 4 1 0 2
node 9 1 0 0
gene 3 1 4 3.35464 0 1 3.35464 1
gene 3 2 4 -6.25875 0 2 -6.25875 1
gene 2 3 4 1.01783 0 3 1.01783 0
gene 1 3 9 -3.62398 0 12 -3.62398 1
gene 1 9 4 -6.1185 0 13 -6.1185 1
gene 1 2 9 -7.72272 0 20 -7.72272 0
gene 1 1 9 3.14537 0 154 3.14537 1
genomeend 112

/* Organism #113 Fitness: 4 Error: 2 */
genomestart 113
trait 1 0.1 0 0 0 0 0 0 0 
trait 2 0.2 0 0 0 0 0 0 0 
trait 3 0.3 0 0 0 0 0 0 0 
node 1 1 1 3
node 2 3 1 1
node 3 2 1 1
node 4 1 0 2
node 9 1 0 0
gene 3 1 4 2.15095 0 1 2.15095 1
gene 3 2 4 -6.25875 0 2 -6.25875 1
gene 2 3 4 1.01783 0 3 1.01783 0
gene 1 3 9 -4.21363 0 12 -4.21363 1
gene 1 9 4 -7.85248 0 13 -7.85248 1
gene 1 2 9 -7.72272 0 20 -7.72272 0
gene 1 1 9 -2.14766 0 154 -2.14766 1
genomeend 113

/* Organism #114 Fitness: 8.99646 Error: 1.00059 */
genomestart 114
trait 1 0.1 0 0 0 0 0 0 0 
trait 2 0.2 0 0 0 0 0 0 0 
trait 3 0.3 0 0 0 0 0 0 0 
node 1 1 1 3
node 2 3 1 1
node 3 2 1 1
node 4 1 0 2
node 9 1 0 0
gene 3 1 4 1.50995 0 1 1.50995 1
gene 3 2 4 -7.75068 0 2 -7.75068 1
gene 2 3 4 2.65371 0 3 2.65371 0
gene 1 3 9 -5.38715 0 12 -5.38715 1
gene 1 9 4 -6.61273 0 13 -6.61273 1
gene 1 2 9 -8 0 20 -8 0
gene 1 1 9 3.26721 0 154 3.26721 1
genomeend 114

/* Organism #115 Fitness: 4.02113 Error: 1.99472 */
genomestart 115
trait 1 0.1 0 0 0 0 0 0 0 
trait 2 0.2 0 0 0 0 0 0 0 
trait 3 0.3 0 0 0 0 0 0 0 
node 1 1 1 3
node 2 3 1 1
node 3 2 1 1
node 4 2 0 2
node 9 1 0 0
gene 3 1 4 1.93792 0 1 1.93792 1
gene 3 2 4 -8 0 2 -8 1
gene 2 3 4 3.05263 0 3 3.05263 0
gene 1 3 9 -1.46306 0 12 -1.46306 1
gene 1 9 4 -4.58696 0 13 -4.58696 1
gene 1 2 9 -6.31421 0 20 -6.31421 0
gene 1 1 9 -0.292974 0 154 -0.292974 1
genomeend 115

/* Organism #116 Fitness: 8.99948 Error: 1.00009 */
genomestart 116
trait 1 0.1 0 0 0 0 0 0 0 
trait 2 0.2 0 0 0 0 0 0 0 
trait 3 0.3 0 0 0 0 0 0 0 
node 1 1 1 3
node 2 3 1 1
node 3 1 1 1
node 4 1 0 2
node 9 1 0 0
gene 3 1 4 2.67713 0 1 2.67713 1
gene 3 2 4 -7.03635 0 2 -7.03635 1
gene 2 3 4 3.4425 0 3 3.4425 0
gene 1 3 9 -1.66312 0 12 -1.66312 1
gene 1 9 4 -4.6156 0 13 -4.6156 1
gene 1 2 9 -8 0 20 -8 0
gene 1 1 9 1.05333 0 154 1.05333 1
genomeend 116

/* Organism #117 Fitness: 8.99999 Error: 1 */
genomestart 117
trait 1 0.1 0 0 0 0 0 0 0 
trait 2 0.2 0 0 0 0 0 0 0 
trait 3 0.3 0 0 0 0 0 0 0 
node 1 1 1 3
node 2 3 1 1
node 3 2 1 1
node 4 1 0 2
node 9 1 0 0
gene 3 1 4 3.35464 0 1 3.35464 1
gene 3 2 4 -6.25875 0 2 -6.25875 1
gene 2 3 4 1.01783 0 3 1.01783 0
gene 1 3 9 -3.62398 0 12 -3.62398 1
gene 1 9 4 -6.1185 0 13 -6.1185 1
gene 1 2 9 -7.72272 0 20 -7.72272 0
gene 1 1 9 3.14537 0 154 3.14537 1
genomeend 117

/* Organism #118 Fitness: 8.99894 Error: 1.00018 */
genomestart 118
trait 1 0.1 0 0 0 0 0 0 0 
trait 2 0.2 0 0 0 0 0 0 0 
trait 3 0.3 0 0 0 0 0 0 0 
node 1 1 1 3
node 2 3 1 1
node 3 2 1 1
node 4 1 0 2
node 9 1 0 0
gene 3 1 4 2.33833 0 1 2.33833 1
gene 3 2 4 -6.24747 0 2 -6.24747 1
gene 2 3 4 2.29625 0 3 2.29625 0
gene 1 3 9 -1.46853 0 12 -1.46853 1
gene 1 9 4 -5.069 0 13 -5.069 1
gene 1 2 9 -7.19514 0 20 -7.19514 0
gene 1 1 9 1.05333 0 154 1.05333 1
genomeend 118

/* Organism #119 Fitness: 8.99991 Error: 1.00001 */
genomestart 119
trait 1 0.1 0 0 0 0 0 0 0 
trait 2 0.2 0 0 0 0 0 0 0 
trait 3 0.3 0 0 0 0 0 0 0 
node 1 1 1 3
node 2 3 1 1
node 3 2 1 1
node 4 1 0 2
node 9 1 0 0
gene 3 1 4 2.98191 0 1 2.98191 1
gene 3 2 4 -8 0 2 -8 1
gene 2 3 4 0.108316 0 3 0.108316 0
gene 1 3 9 -2.36146 0 12 -2.36146 1
gene 1 9 4 -5.26134 0 13 -5.26134 1
gene 1 2 9 -5.87324 0 20 -5.87324 1
gene 1 1 9 1.41879 0 154 1.41879 1
genomeend 119

/* Species #20 : (Size 5) (AF 3.42201) (Age 5)  */


/* Organism #120 Fitness: 3.96356 Error: 2.00913 */
genomestart 120
trait 1 0.1 0 0 0 0 0 0 0 
trait 2 0.259936 0 0 0 0 0 0 0.762435 
trait 3 0.3 0.949561 0.214098 0 0.700079 0.446322 0.511656 0.655099 
node 1 2 1 3
node 2 3 1 1
node 3 3 1 1
node 4 2 0 2
node 8 1 0 0
node 22 1 0 0
node 56 1 0 0
gene 2 1 4 -1.69448 0 1 -1.69448 1
gene 1 2 4 -0.816254 0 2 -0.816254 1
gene 3 3 4 -4.08699 0 3 -4.08699 0
gene 1 3 8 0.318728 0 10 0.318728 0
gene 3 8 4 3.95428 0 11 3.95428 1
gene 1 2 8 0.287775 0 37 0.287775 1
gene 1 3 22 -2.82217 0 52 -2.82217 1
gene 1 22 8 -1.68971 0 53 -1.68971 0
gene 2 2 22 1.59681 0 140 1.59681 1
gene 1 22 56 -0.787775 0 160 -0.787775 1
gene 1 56 8 0.913449 0 161 0.913449 1
genomeend 120

/* Organism #121 Fitness: 4.05702 Error: 1.9858 */
genomestart 121
trait 1 0.1 0 0 0 0 0 0 0 
trait 2 0.259936 0 0 0 0 0 0 0.762435 
trait 3 0.3 0.949561 0.214098 0 0.700079 0.446322 0.511656 0.655099 
node 1 2 1 3
node 2 3 1 1
node 3 3 1 1
node 4 2 0 2
node 8 1 0 0
node 22 1 0 0
node 56 1 0 0
gene 2 1 4 -1.29508 0 1 -1.29508 1
gene 1 2 4 1.33573 0 2 1.33573 1
gene 3 3 4 -3.4038 0 3 -3.4038 1
gene 1 3 8 -2.29161 0 10 -2.29161 1
gene 3 8 4 4.39322 0 11 4.39322 1
gene 1 2 8 1.42359 0 37 1.42359 1
gene 1 3 22 -1.54964 0 52 -1.54964 1
gene 1 22 8 -1.46542 0 53 -1.46542 0
gene 2 2 22 0.461019 0 140 0.550218 1
gene 1 22 56 -0.61777 0 160 -1.11777 1
gene 1 56 8 -0.0417719 0 161 0.344181 1
gene 2 3 56 0.0435574 0 217 0.0435574 1
genomeend 121

/* Organism #122 Fitness: 1.05185 Error: 2.9744 */
genomestart 122
trait 1 0.1 0 0 0 0 0 0 0 
trait 2 0.259936 0 0 0 0 0 0 0.762435 
trait 3 0.3 0.949561 0.214098 0 0.700079 0.446322 0.511656 0.655099 
node 1 2 1 3
node 2 3 1 1
node 3 3 1 1
node 4 2 0 2
node 8 1 0 0
node 22 1 0 0
node 56 1 0 0
gene 2 1 4 -0.011822 0 1 -0.011822 1
gene 1 2 4 1.01431 0 2 1.01431 1
gene 3 3 4 -2.62384 0 3 -2.62384 1
gene 1 3 8 -2.47165 0 10 -2.47165 0
gene 3 8 4 4.62171 0 11 4.62171 1
gene 1 2 8 1.81669 0 37 1.81669 1
gene 1 3 22 1.23091 0 52 1.23091 1
gene 1 22 8 -0.629452 0 53 -0.629452 1
gene 2 2 22 0.514189 0 140 0.514189 1
gene 1 22 56 -1.42666 0 160 -1.42666 1
gene 1 56 8 -0.632062 0 161 -0.632062 1
genomeend 122

/* Organism #123 Fitness: 4 Error: 2 */
genomestart 123
trait 1 0.1 0 0 0 0 0 0 0 
trait 2 0.259936 0 0 0 0 0 0 0.762435 
trait 3 0.3 0.949561 0.214098 0 0.700079 0.446322 0.511656 0.655099 
node 1 2 1 3
node 2 3 1 1
node 3 3 1 1
node 4 2 0 2
node 8 1 0 0
node 22 1 0 0
node 56 1 0 0
gene 2 1 4 -3.46269 0 1 -3.46269 1
gene 1 2 4 0.900464 0 2 0.900464 1
gene 3 3 4 1.03683 0 3 1.03683 0
gene 1 3 8 -1.3533 0 10 -1.3533 0
gene 3 8 4 2.19978 0 11 2.19978 1
gene 1 2 8 1.03763 0 37 1.03763 1
gene 1 3 22 -0.240676 0 52 -0.240676 1
gene 1 22 8 -2.15892 0 53 -2.15892 1
gene 2 2 22 -1.08175 0 140 -1.08175 1
gene 1 22 56 -3.22333 0 160 -3.22333 1
gene 1 56 8 3.04852 0 161 3.04852 1
genomeend 123

/* Organism #124 Fitness: 4.03763 Error: 1.99062 */
genomestart 124
trait 1 0.1 0 0 0 0 0 0 0 
trait 2 0.259936 0 0 0 0 0 0 0.762435 
trait 3 0.3 0.949561 0.214098 0 0.700079 0.446322 0.511656 0.655099 
node 1 2 1 3
node 2 3 1 1
node 3 3 1 1
node 4 2 0 2
node 8 1 0 0
node 22 1 0 0
node 56 1 0 0
gene 2 1 4 -1.37458 0 1 -1.37458 1
gene 1 2 4 1.1181 0 2 1.1181 1
gene 3 3 4 -3.44637 0 3 -3.44637 0
gene 1 3 8 -1.21868 0 10 -1.21868 0
gene 3 8 4 4.52847 0 11 4.52847 1
gene 1 2 8 1.87963 0 37 1.87963 1
gene 1 3 22 -1.01951 0 52 -1.01951 1
gene 1 22 8 -1.81217 0 53 -1.81217 0
gene 2 2 22 0.869926 0 140 0.914525 1
gene 1 22 56 -1.42666 0 160 -1.67666 1
gene 1 56 8 0.323295 0 161 0.516272 1
genomeend 124

/* Species #21 : (Size 5) (AF 4.77313) (Age 5)  */


/* Organism #125 Fitness: 4 Error: 2 */
genomestart 125
trait 1 0.362743 0.289009 0 0.70946 0 0.154902 0 0 
trait 2 0.259936 0 0 0 0 0 0 0.762435 
trait 3 0.3 0.949561 0.214098 0 0.700079 0.446322 0.511656 0.655099 
node 1 3 1 3
node 2 3 1 1
node 3 3 1 1
node 4 2 0 2
node 8 1 0 0
node 22 1 0 0
node 57 1 0 0
gene 2 1 4 -3.75408 0 1 -3.75408 1
gene 1 2 4 -3.54792 0 2 -3.54792 1
gene 3 3 4 0.684016 0 3 0.684016 0
gene 1 3 8 -7.61453 0 10 -7.61453 0
gene 3 8 4 8 0 11 8 0
gene 1 2 8 0.818821 0 37 0.818821 1
gene 1 3 22 -1.74691 0 52 -1.74691 1
gene 3 22 8 1.74685 0 53 1.74685 1
gene 2 2 22 -1.89502 0 140 -1.89502 1
gene 3 8 57 -0.737305 0 162 -0.737305 1
gene 3 57 4 1.22114 0 163 1.22114 1
genomeend 125

/* Organism #126 Fitness: 3.62516 Error: 2.09602 */
genomestart 126
trait 1 0.1 0 0 0 0 0 0 0 
trait 2 0.259936 0 0 0 0 0 0 0.762435 
trait 3 0.3 0.949561 0.214098 0 0.700079 0.446322 0.511656 0.655099 
node 1 3 1 3
node 2 3 1 1
node 3 3 1 1
node 4 2 0 2
node 8 1 0 0
node 22 1 0 0
node 57 1 0 0
gene 2 1 4 -2.26374 0 1 -2.26374 1
gene 1 2 4 3.05015 0 2 3.05015 1
gene 3 3 4 1.52588 0 3 1.52588 0
gene 1 3 8 -6.30506 0 10 -6.30506 0
gene 3 8 4 8 0 11 8 0
gene 1 2 8 -0.966888 0 37 -0.966888 1
gene 1 3 22 -2.14473 0 52 -2.14473 1
gene 3 22 8 -2.94569 0 53 -2.94569 1
gene 2 2 22 1.64344 0 140 1.64344 1
gene 3 8 57 -0.523144 0 162 -0.523144 1
gene 3 57 4 3.62325 0 163 3.62325 1
genomeend 126

/* Organism #127 Fitness: 8.23781 Error: 1.12984 */
genomestart 127
trait 1 0.1 0 0 0 0 0 0 0 
trait 2 0.259936 0 0 0 0 0 0 0.762435 
trait 3 0.3 0.949561 0.214098 0 0.700079 0.446322 0.511656 0.655099 
node 1 3 1 3
node 2 3 1 1
node 3 3 1 1
node 4 2 0 2
node 8 1 0 0
node 22 1 0 0
node 57 1 0 0
gene 2 1 4 -4.18958 0 1 -4.18958 1
gene 1 2 4 2.37633 0 2 2.37633 1
gene 3 3 4 1.88485 0 3 1.88485 0
gene 1 3 8 -2.18093 0 10 -2.18093 1
gene 3 8 4 1.38848 0 11 1.38848 0
gene 1 2 8 0.173833 0 37 0.173833 1
gene 1 3 22 -1.8679 0 52 -1.8679 1
gene 3 22 8 4.53467 0 53 4.53467 1
gene 2 2 22 1.14634 0 140 1.14634 1
gene 3 8 57 1.21831 0 162 1.21831 1
gene 3 57 4 2.27681 0 163 2.27681 1
genomeend 127

/* Organism #128 Fitness: 3.99996 Error: 2.00001 */
genomestart 128
trait 1 0.1 0 0 0 0 0 0 0 
trait 2 0.259936 0 0 0 0 0 0 0.762435 
trait 3 0.3 0.949561 0.214098 0 0.700079 0.446322 0.511656 0.655099 
node 1 3 1 3
node 2 3 1 1
node 3 3 1 1
node 4 2 0 2
node 8 1 0 0
node 22 1 0 0
node 57 1 0 0
gene 2 1 4 -3.16431 0 1 -3.16431 1
gene 1 2 4 0.112857 0 2 0.112857 1
gene 3 3 4 0.360347 0 3 0.360347 0
gene 1 3 8 -4.58846 0 10 -4.58846 0
gene 3 8 4 5.28433 0 11 5.28433 0
gene 1 2 8 0.640534 0 37 0.640534 1
gene 1 3 22 -2.0166 0 52 -2.0166 1
gene 3 22 8 -0.347119 0 53 -0.347119 1
gene 2 2 22 0.0644776 0 140 0.0644776 1
gene 3 8 57 -0.0686183 0 162 -0.0686183 1
gene 3 57 4 2.59679 0 163 2.59679 1
genomeend 128

/* Organism #129 Fitness: 4.00275 Error: 1.99931 */
genomestart 129
trait 1 0.1 0 0 0 0 0 0 0 
trait 2 0.259936 0 0 0 0 0 0 0.762435 
trait 3 0.3 0.949561 0.214098 0 0.700079 0.446322 0.511656 0.655099 
node 1 3 1 3
node 2 3 1 1
node 3 3 1 1
node 4 2 0 2
node 8 1 0 0
node 22 1 0 0
node 57 1 0 0
gene 2 1 4 -0.832605 0 1 -0.832605 1
gene 1 2 4 0.261274 0 2 0.261274 1
gene 3 3 4 -0.413945 0 3 -0.413945 0
gene 1 3 8 -2.16787 0 10 -2.16787 0
gene 3 8 4 3.88743 0 11 3.88743 0
gene 1 2 8 -1.28595 0 37 -1.28595 1
gene 1 3 22 -2.45425 0 52 -2.45425 1
gene 3 22 8 3.71115 0 53 3.71115 1
gene 2 2 22 2.92129 0 140 2.92129 1
gene 3 8 57 -2.07947 0 162 -2.07947 1
gene 3 57 4 1.44178 0 163 1.44178 1
genomeend 129

/* Species #22 : (Size 14) (AF 5.70896) (Age 5)  */


/* Organism #130 Fitness: 8.99598 Error: 1.00067 */
genomestart 130
trait 1 0.1 0 0 0 0 0 0 0 
trait 2 0.2 0 0 0 0 0 0 0 
trait 3 0.3 0 0 0 0 0 0 0 
node 1 3 1 3
node 2 3 1 1
node 3 3 1 1
node 4 2 0 2
node 8 1 0 0
node 34 1 0 0
node 60 1 0 0
node 69 1 0 0
gene 2 1 4 2.86257 0 1 2.86257 1
gene 1 2 4 -5.99194 0 2 -5.99194 1
gene 3 3 4 -3.64979 0 3 -3.64979 1
gene 1 3 8 1.13091 0 10 1.13091 0
gene 3 8 4 4.62092 0 11 4.62092 1
gene 2 2 8 3.69928 0 84 3.69928 0
gene 1 3 34 2.10782 0 93 2.10782 1
gene 1 34 8 -1.41229 0 94 -1.41229 1
gene 2 2 60 0.910653 0 168 0.910653 1
gene 2 60 8 3.59345 0 169 3.59345 1
gene 2 2 69 0.502066 0 194 0.502066 1
gene 2 69 60 1.66733 0 195 1.66733 1
genomeend 130

/* Organism #131 Fitness: 4.00224 Error: 1.99944 */
genomestart 131
trait 1 0.1 0 0 0 0 0 0 0 
trait 2 0.2 0 0 0 0 0 0 0 
trait 3 0.3 0 0 0 0 0 0 0 
node 1 3 1 3
node 2 3 1 1
node 3 3 1 1
node 4 2 0 2
node 8 1 0 0
node 34 1 0 0
node 60 1 0 0
node 69 1 0 0
gene 2 1 4 4.11289 0 1 4.11289 1
gene 1 2 4 -4.74518 0 2 -4.74518 1
gene 3 3 4 -2.2218 0 3 -2.2218 1
gene 1 3 8 -0.135837 0 10 -0.135837 0
gene 3 8 4 5.37151 0 11 5.37151 1
gene 2 2 8 5.02967 0 84 5.02967 0
gene 1 3 34 4.00717 0 93 4.00717 1
gene 1 34 8 -3.08586 0 94 -3.08586 1
gene 2 2 60 2.6896 0 168 2.6896 1
gene 2 60 8 3.38608 0 169 3.38608 1
gene 2 2 69 1.63537 0 194 1.63537 1
gene 2 69 60 3.59814 0 195 3.59814 1
genomeend 131

/* Organism #132 Fitness: 8.638 Error: 1.06095 */
genomestart 132
trait 1 0.1 0 0 0 0 0 0 0 
trait 2 0.2 0 0 0 0 0 0 0 
trait 3 0.3 0 0 0 0 0 0 0 
node 1 3 1 3
node 2 3 1 1
node 3 3 1 1
node 4 2 0 2
node 8 1 0 0
node 34 1 0 0
node 60 1 0 0
node 69 1 0 0
gene 2 1 4 4.65382 0 1 4.65382 1
gene 1 2 4 -5.19961 0 2 -5.19961 1
gene 3 3 4 -2.95947 0 3 -2.95947 1
gene 1 3 8 -1.33141 0 10 -1.33141 0
gene 3 8 4 2.94988 0 11 2.94988 1
gene 2 2 8 1.87875 0 84 1.87875 0
gene 1 3 34 3.26566 0 93 3.26566 1
gene 1 34 8 -0.473983 0 94 -0.473983 1
gene 2 2 60 1.10778 0 168 1.10778 1
gene 2 60 8 2.99721 0 169 2.99721 1
gene 2 2 69 1.78862 0 194 1.78862 1
gene 2 69 60 0.865168 0 195 0.865168 1
genomeend 132

/* Organism #133 Fitness: 4.54568 Error: 1.86794 */
genomestart 133
trait 1 0.1 0 0 0 0 0 0 0 
trait 2 0.2 0 0 0 0 0 0 0 
trait 3 0.3 0 0 0 0 0 0 0 
node 1 3 1 3
node 2 3 1 1
node 3 3 1 1
node 4 2 0 2
node 8 1 0 0
node 34 1 0 0
node 60 1 0 0
node 69 1 0 0
gene 2 1 4 1.35906 0 1 1.35906 1
gene 1 2 4 -3.69456 0 2 -3.69456 1
gene 3 3 4 -3.62285 0 3 -3.62285 1
gene 1 3 8 3.00646 0 10 3.00646 0
gene 3 8 4 2.49876 0 11 2.49876 1
gene 2 2 8 1.29246 0 84 1.29246 0
gene 1 3 34 1.68274 0 93 1.68274 1
gene 1 34 8 -2.43758 0 94 -2.43758 1
gene 2 2 60 2.31779 0 168 2.31779 1
gene 2 60 8 2.95814 0 169 2.95814 1
gene 2 2 69 -0.519252 0 194 -0.519252 1
gene 2 69 60 1.3498 0 195 1.3498 1
genomeend 133

/* Organism #134 Fitness: 8.99598 Error: 1.00067 */
genomestart 134
trait 1 0.1 0 0 0 0 0 0 0 
trait 2 0.2 0 0 0 0 0 0 0 
trait 3 0.3 0 0 0 0 0 0 0 
node 1 3 1 3
node 2 3 1 1
node 3 3 1 1
node 4 2 0 2
node 8 1 0 0
node 34 1 0 0
node 60 1 0 0
node 69 1 0 0
gene 2 1 4 2.86257 0 1 2.86257 1
gene 1 2 4 -5.99194 0 2 -5.99194 1
gene 3 3 4 -3.64979 0 3 -3.64979 1
gene 1 3 8 1.13091 0 10 1.13091 0
gene 3 8 4 4.62092 0 11 4.62092 1
gene 2 2 8 3.69928 0 84 3.69928 0
gene 1 3 34 2.10782 0 93 2.10782 1
gene 1 34 8 -1.41229 0 94 -1.41229 1
gene 2 2 60 0.910653 0 168 0.910653 1
gene 2 60 8 3.59345 0 169 3.59345 1
gene 2 2 69 0.502066 0 194 0.502066 1
gene 2 69 60 1.66733 0 195 1.66733 1
genomeend 134

/* Organism #135 Fitness: 4.00238 Error: 1.9994 */
genomestart 135
trait 1 0.1 0 0 0 0 0 0 0 
trait 2 0.2 0 0 0 0 0 0 0 
trait 3 0.3 0 0 0 0 0 0 0 
node 1 3 1 3
node 2 3 1 1
node 3 3 1 1
node 4 2 0 2
node 8 1 0 0
node 34 1 0 0
node 60 1 0 0
node 69 1 0 0
gene 2 1 4 3.58374 0 1 3.58374 1
gene 1 2 4 -4.81162 0 2 -4.81162 1
gene 3 3 4 -4.16461 0 3 -4.16461 1
gene 1 3 8 0.874392 0 10 0.874392 0
gene 3 8 4 6.90029 0 11 6.90029 1
gene 2 2 8 4.61051 0 84 4.61051 0
gene 1 3 34 4.34156 0 93 4.34156 1
gene 1 34 8 -2.33803 0 94 -2.33803 1
gene 2 2 60 -1.38781 0 168 -1.38781 1
gene 2 60 8 5.95017 0 169 5.95017 1
gene 2 2 69 0.873607 0 194 0.873607 1
gene 2 69 60 3.95952 0 195 3.95952 1
genomeend 135

/* Organism #136 Fitness: 6.39889 Error: 1.4704 */
genomestart 136
trait 1 0.1 0 0 0 0 0 0 0 
trait 2 0.2 0 0 0 0 0 0 0 
trait 3 0.3 0 0 0 0 0 0 0 
node 1 3 1 3
node 2 3 1 1
node 3 3 1 1
node 4 2 0 2
node 8 1 0 0
node 34 1 0 0
node 60 1 0 0
node 69 1 0 0
gene 2 1 4 3.28623 0 1 3.28623 1
gene 1 2 4 -3.63189 0 2 -3.63189 1
gene 3 3 4 -2.45607 0 3 -2.45607 1
gene 1 3 8 2.13415 0 10 2.13415 0
gene 3 8 4 6.46849 0 11 6.46849 1
gene 2 2 8 5.62951 0 84 5.62951 0
gene 1 3 34 1.6074 0 93 1.6074 1
gene 1 34 8 -1.12504 0 94 -1.12504 1
gene 2 2 60 -0.262538 0 168 -0.262538 1
gene 2 60 8 2.00784 0 169 2.00784 1
gene 2 2 69 0.781398 0 194 0.781398 1
gene 2 69 60 -1.92247 0 195 -1.92247 1
genomeend 136

/* Organism #137 Fitness: 2.64689 Error: 2.37307 */
genomestart 137
trait 1 0.1 0 0 0 0 0 0 0 
trait 2 0.2 0 0 0 0 0 0 0 
trait 3 0.3 0 0 0 0 0 0 0 
node 1 3 1 3
node 2 3 1 1
node 3 3 1 1
node 4 2 0 2
node 8 1 0 0
node 34 1 0 0
node 60 1 0 0
node 69 1 0 0
gene 2 1 4 2.86257 0 1 2.86257 1
gene 1 2 4 -4.6827 0 2 -4.6827 1
gene 3 3 4 -5.66995 0 3 -5.66995 1
gene 1 3 8 2.51766 0 10 2.51766 0
gene 3 8 4 2.91342 0 11 2.91342 1
gene 2 2 8 5.16042 0 84 5.16042 0
gene 1 3 34 -0.110202 0 93 -0.110202 1
gene 1 34 8 -0.83407 0 94 -0.83407 1
gene 2 2 60 -1.07464 0 168 -1.07464 1
gene 2 60 8 5.2556 0 169 5.2556 1
gene 2 2 69 -1.33736 0 194 -1.33736 1
gene 2 69 60 -0.241597 0 195 -0.241597 1
genomeend 137

/* Organism #138 Fitness: 7.37159 Error: 1.28493 */
genomestart 138
trait 1 0.1 0 0 0 0 0 0 0 
trait 2 0.2 0 0 0 0 0 0 0 
trait 3 0.3 0 0 0 0 0 0 0 
node 1 3 1 3
node 2 3 1 1
node 3 3 1 1
node 4 2 0 2
node 8 1 0 0
node 34 1 0 0
node 60 1 0 0
node 69 1 0 0
gene 2 1 4 3.30707 0 1 3.30707 1
gene 1 2 4 -5.37372 0 2 -5.37372 1
gene 3 3 4 -6.07028 0 3 -6.07028 0
gene 1 3 8 -0.525718 0 10 -0.525718 0
gene 3 8 4 2.33107 0 11 2.33107 1
gene 2 2 8 3.01602 0 84 3.01602 0
gene 1 3 34 2.48763 0 93 2.48763 1
gene 1 34 8 -2.86012 0 94 -2.86012 1
gene 2 2 60 1 0 168 0 0
gene 2 60 8 3.01602 0 169 0 1
gene 2 2 69 1 0 194 0 1
gene 2 69 60 1 0 195 0 1
gene 3 1 34 0.0736196 0 210 0.0736196 1
genomeend 138

/* Organism #139 Fitness: 4.00668 Error: 1.99833 */
genomestart 139
trait 1 0.1 0 0 0 0 0 0 0 
trait 2 0.2 0 0 0 0 0 0 0 
trait 3 0.3 0 0 0 0 0 0 0 
node 1 3 1 3
node 2 3 1 1
node 3 3 1 1
node 4 2 0 2
node 8 1 0 0
node 34 1 0 0
node 60 1 0 0
node 69 1 0 0
gene 2 1 4 2.88965 0 1 2.88965 1
gene 1 2 4 -6.91917 0 2 -6.91917 1
gene 3 3 4 -3.87089 0 3 -3.87089 0
gene 1 3 8 -0.657519 0 10 -0.657519 0
gene 3 8 4 2.87145 0 11 2.87145 1
gene 2 2 8 0.569105 0 84 0.569105 0
gene 1 3 34 0.751232 0 93 0.751232 1
gene 1 34 8 -2.07697 0 94 -2.07697 1
gene 2 2 60 1.3824 0 168 1.3824 0
gene 2 60 8 1.84083 0 169 1.84083 1
gene 2 2 69 2.2868 0 194 2.2868 1
gene 2 69 60 1 0 195 1 1
gene 3 1 34 0.0736196 0 210 0.0736196 1
genomeend 139

/* Organism #140 Fitness: 4 Error: 2 */
genomestart 140
trait 1 0.1 0 0 0 0 0 0 0 
trait 2 0.2 0 0 0 0 0 0 0 
trait 3 0.3 0 0 0 0 0 0 0 
node 1 3 1 3
node 2 3 1 1
node 3 3 1 1
node 4 2 0 2
node 8 1 0 0
node 34 1 0 0
node 60 1 0 0
node 69 1 0 0
gene 2 1 4 3.00754 0 1 3.00754 1
gene 1 2 4 -4.84302 0 2 -4.84302 1
gene 3 3 4 -6.6556 0 3 -6.6556 0
gene 1 3 8 -0.507697 0 10 -0.507697 0
gene 3 8 4 2.44047 0 11 2.44047 1
gene 2 2 8 0.861367 0 84 0.861367 0
gene 1 3 34 1.47179 0 93 1.47179 1
gene 1 34 8 -4.56394 0 94 -4.56394 1
gene 2 2 60 1.87639 0 168 1.87639 0
gene 2 60 8 1.57786 0 169 1.57786 1
gene 2 2 69 -1.26971 0 194 -1.26971 1
gene 2 69 60 1 0 195 1 1
gene 3 1 34 0.0736196 0 210 0.0736196 1
genomeend 140

/* Organism #141 Fitness: 4 Error: 2 */
genomestart 141
trait 1 0.1 0 0 0 0 0 0 0 
trait 2 0.2 0 0 0 0 0 0 0 
trait 3 1 0 0 0 0 0 0 0 
node 1 3 1 3
node 2 3 1 1
node 3 3 1 1
node 4 2 0 2
node 8 1 0 0
node 34 1 0 0
node 60 1 0 0
node 69 1 0 0
gene 2 1 4 1.62088 0 1 1.62088 1
gene 1 2 4 -7.49266 0 2 -7.49266 1
gene 3 3 4 -7.73839 0 3 -7.73839 0
gene 1 3 8 -1.01909 0 10 -1.01909 0
gene 3 8 4 2.87399 0 11 2.87399 1
gene 2 2 8 3.15835 0 84 3.15835 0
gene 1 3 34 1.66851 0 93 1.66851 1
gene 1 34 8 -1.83776 0 94 -1.83776 1
gene 2 2 60 -0.0989226 0 168 -0.0989226 0
gene 2 60 8 2.80941 0 169 2.80941 1
gene 2 2 69 2.50097 0 194 2.50097 1
gene 2 69 60 2.99434 0 195 2.99434 1
gene 3 1 34 0.0736196 0 210 0.0736196 1
genomeend 141

/* Organism #142 Fitness: 8.32117 Error: 1.11536 */
genomestart 142
trait 1 0.1 0 0 0 0 0 0 0 
trait 2 0.2 0 0 0 0 0 0 0 
trait 3 0.3 0 0 0 0 0 0 0 
node 1 3 1 3
node 2 3 1 1
node 3 3 1 1
node 4 2 0 2
node 8 1 0 0
node 34 1 0 0
node 60 1 0 0
node 69 1 0 0
gene 2 1 4 3.07775 0 1 3.07775 1
gene 1 2 4 -4.32109 0 2 -4.32109 1
gene 3 3 4 -4.00294 0 3 -4.00294 0
gene 1 3 8 -0.712592 0 10 -0.712592 0
gene 3 8 4 1.66169 0 11 1.66169 1
gene 2 2 8 3.76009 0 84 3.76009 0
gene 1 3 34 3.23301 0 93 3.23301 1
gene 1 34 8 -4.21969 0 94 -4.21969 1
gene 2 2 60 1.91442 0 168 1.91442 0
gene 2 60 8 2.002 0 169 2.002 1
gene 2 2 69 2.78415 0 194 2.78415 1
gene 2 69 60 1 0 195 1 1
gene 3 1 34 -0.604159 0 210 -0.604159 1
genomeend 142

/* Organism #143 Fitness: 3.99995 Error: 2.00001 */
genomestart 143
trait 1 0.1 0 0 0 0 0 0 0 
trait 2 0.2 0 0 0 0 0 0 0 
trait 3 0.3 0 0 0 0 0 0 0 
node 1 3 1 3
node 2 3 1 1
node 3 3 1 1
node 4 2 0 2
node 8 1 0 0
node 34 1 0 0
node 60 1 0 0
node 69 1 0 0
gene 2 1 4 1.01015 0 1 1.01015 1
gene 1 2 4 -7.29829 0 2 -7.29829 1
gene 3 3 4 -4.67867 0 3 -4.67867 0
gene 1 3 8 -2.50599 0 10 -2.50599 0
gene 3 8 4 2.52258 0 11 2.52258 1
gene 2 2 8 3.53568 0 84 3.53568 0
gene 1 3 34 0.970425 0 93 0.970425 1
gene 1 34 8 -4.07005 0 94 -4.07005 1
gene 2 2 60 1.38503 0 168 1.38503 0
gene 2 60 8 2.36721 0 169 2.36721 1
gene 2 2 69 -1.27216 0 194 -1.27216 1
gene 2 69 60 0.515606 0 195 0.515606 1
gene 3 1 34 0.42129 0 210 0.42129 1
genomeend 143

/* Species #23 : (Size 5) (AF 4) (Age 4)  */


/* Organism #144 Fitness: 4 Error: 2 */
genomestart 144
trait 1 0.1 0 0 0 0 0 0 0 
trait 2 0.2 0 0 0 0 0 0 0 
trait 3 0.3 0 0 0 0 0 0.0115856 0 
node 1 1 1 3
node 2 3 1 1
node 3 2 1 1
node 4 1 0 2
node 9 1 0 0
node 20 1 0 0
node 61 3 0 0
gene 3 1 4 -4.18806 0 1 -4.18806 1
gene 3 2 4 -2.8344 0 2 -2.8344 1
gene 1 3 4 -0.0829865 0 3 -0.0829865 0
gene 1 3 9 3.1257 0 12 3.1257 1
gene 1 9 4 -2.36004 0 13 -2.36004 1
gene 1 2 9 0.667412 0 20 0.667412 1
gene 1 2 20 -1.56481 0 48 -1.56481 0
gene 1 20 9 4.80535 0 49 4.80535 1
gene 1 2 61 3.88114 0 170 3.88114 1
gene 1 61 20 4.8791 0 171 4.8791 1
genomeend 144

/* Organism #145 Fitness: 4 Error: 2 */
genomestart 145
trait 1 0.1 0 0 0 0 0 0 0 
trait 2 0.2 0 0 0 0 0 0 0 
trait 3 0.3 0 0 0 0 0 0.0115856 0 
node 1 1 1 3
node 2 3 1 1
node 3 2 1 1
node 4 1 0 2
node 9 1 0 0
node 20 1 0 0
node 61 3 0 0
gene 3 1 4 -4.18806 0 1 -4.18806 1
gene 3 2 4 -3.09902 0 2 -3.09902 1
gene 1 3 4 -2.14742 0 3 -2.14742 0
gene 1 3 9 5.17342 0 12 5.17342 1
gene 1 9 4 -3.12906 0 13 -3.12906 1
gene 1 2 9 0.667412 0 20 0.667412 1
gene 1 2 20 1.53421 0 48 1.53421 0
gene 1 20 9 2.66786 0 49 2.66786 1
gene 1 2 61 2.28422 0 170 2.28422 1
gene 1 61 20 4.61526 0 171 4.61526 1
genomeend 145

/* Organism #146 Fitness: 4 Error: 2 */
genomestart 146
trait 1 0.1 0 0 0 0 0 0 0 
trait 2 0.2 0 0 0 0 0 0 0 
trait 3 0.3 0 0 0 0 0 0.0115856 0 
node 1 1 1 3
node 2 3 1 1
node 3 2 1 1
node 4 1 0 2
node 9 1 0 0
node 20 1 0 0
node 61 3 0 0
gene 3 1 4 -3.39064 0 1 -3.39064 1
gene 3 2 4 -3.09902 0 2 -3.09902 1
gene 1 3 4 1.93374 0 3 1.93374 0
gene 1 3 9 2.04761 0 12 2.04761 1
gene 1 9 4 -5.52967 0 13 -5.52967 1
gene 1 2 9 1.99296 0 20 1.99296 1
gene 1 2 20 0.398502 0 48 0.398502 0
gene 1 20 9 2.61281 0 49 2.61281 1
gene 1 2 61 1.26607 0 170 1.26607 1
gene 1 61 20 6.78455 0 171 6.78455 1
genomeend 146

/* Organism #147 Fitness: 4 Error: 2 */
genomestart 147
trait 1 0.1 0 0 0 0 0 0 0 
trait 2 0.2 0 0 0 0 0 0 0 
trait 3 0.3 0 0 0 0 0 0.0115856 0 
node 1 1 1 3
node 2 3 1 1
node 3 2 1 1
node 4 1 0 2
node 9 1 0 0
node 20 1 0 0
node 61 3 0 0
gene 3 1 4 -4.18806 0 1 -4.18806 1
gene 3 2 4 -3.09902 0 2 -3.09902 1
gene 1 3 4 -2.14742 0 3 -2.14742 0
gene 1 3 9 5.17342 0 12 5.17342 1
gene 1 9 4 -3.12906 0 13 -3.12906 1
gene 1 2 9 0.667412 0 20 0.667412 1
gene 1 2 20 1.53421 0 48 1.53421 0
gene 1 20 9 2.66786 0 49 2.66786 1
gene 1 2 61 2.28422 0 170 2.28422 1
gene 1 61 20 4.61526 0 171 4.61526 1
genomeend 147

/* Organism #148 Fitness: 4 Error: 2 */
genomestart 148
trait 1 0.1 0 0 0 0 0 0 0 
trait 2 0.2 0 0 0 0 0 0 0 
trait 3 0.3 0 0 0 0 0 0.0115856 0 
node 1 1 1 3
node 2 3 1 1
node 3 2 1 1
node 4 1 0 2
node 9 1 0 0
node 20 1 0 0
node 61 3 0 0
gene 3 1 4 -4.10164 0 1 -4.10164 1
gene 3 2 4 -2.99864 0 2 -2.99864 1
gene 1 3 4 2.36943 0 3 2.36943 0
gene 1 3 9 6.1318 0 12 6.1318 1
gene 1 9 4 -2.62436 0 13 -2.62436 1
gene 1 2 9 0.562105 0 20 0.562105 1
gene 1 2 20 -0.0240616 0 48 -0.0240616 0
gene 1 20 9 2.01499 0 49 2.01499 1
gene 1 2 61 4.51396 0 170 4.51396 1
gene 1 61 20 0.416992 0 171 0.416992 1
genomeend 148

/* Species #26 : (Size 1) (AF 4) (Age 1)  */


/* Organism #149 Fitness: 4 Error: 2 */
genomestart 149
trait 1 0.117745 0 0.100428 0.459785 0 0 0 0 
trait 2 0.2 0 0 0 0 0 0 0 
trait 3 0.65 0 0.095767 0 0 0 0 0 
node 1 3 1 3
node 2 3 1 1
node 3 3 1 1
node 4 2 0 2
node 8 1 0 0
node 16 1 0 0
gene 2 1 4 1.04404 0 1 1.04404 1
gene 1 2 4 2.03919 0 2 2.03919 0
gene 3 3 4 -1.16795 0 3 -1.16795 1
gene 3 3 8 0.464505 0 10 0.464505 1
gene 3 8 4 -1.24005 0 11 -1.24005 0
gene 3 8 16 -2.19549 0 38 -2.19549 1
gene 3 16 4 -3.95285 0 39 -3.95285 1
gene 3 1 16 2.65165 0 201 2.65165 1
genomeend 149
