
/* Species #1 : (Size 10) (AF 8.40707) (Age 25)  */


/* Organism #0 Fitness: 9 Error: 1 */
genomestart 0
trait 1 0.356261 0 0.186527 0 0 0 0.0208273 0 
trait 2 0.291439 0.00620117 0.00192978 0.803731 0.00315201 0.0173239 0.0120063 0 
trait 3 0.272047 0 0 0 0 0 0.0484949 0.0618225 
node 1 1 1 3
node 2 3 1 1
node 3 3 1 1
node 4 3 0 2
gene 2 1 4 -4.01453 0 1 -4.01453 1
gene 3 2 4 8 0 2 8 1
gene 3 3 4 8 0 3 8 1
genomeend 0

/* Organism #1 Fitness: 9 Error: 1 */
genomestart 1
trait 1 0.356261 0 0.186527 0 0 0 0.0208273 0 
trait 2 0.291439 0.00620117 0.00192978 0.803731 0.00315201 0.0173239 0.0120063 0 
trait 3 0.272047 0 0 0 0 0 0.0484949 0.0618225 
node 1 1 1 3
node 2 3 1 1
node 3 3 1 1
node 4 3 0 2
gene 2 1 4 -3.05426 0 1 -3.05426 1
gene 3 2 4 8 0 2 8 1
gene 3 3 4 8 0 3 8 1
genomeend 1

/* Organism #2 Fitness: 9 Error: 1 */
genomestart 2
trait 1 0.356261 0 0.186527 0 0 0 0.0208273 0 
trait 2 0.291439 0.00620117 0.00192978 0.803731 0.00315201 0.0173239 0.0120063 0 
trait 3 0.272047 0 0 0 0 0 0.0484949 0.0618225 
node 1 1 1 3
node 2 3 1 1
node 3 3 1 1
node 4 3 0 2
gene 2 1 4 -3.05426 0 1 -3.05426 1
gene 3 2 4 8 0 2 8 1
gene 3 3 4 8 0 3 8 1
genomeend 2

/* Organism #3 Fitness: 9 Error: 1 */
genomestart 3
trait 1 0.356261 0 0.186527 0 0 0 0.0208273 0 
trait 2 0.291439 0.00620117 0.00192978 0.803731 0.00315201 0.0173239 0.0120063 0 
trait 3 0.272047 0 0 0 0 0 0.0484949 0.0618225 
node 1 1 1 3
node 2 3 1 1
node 3 3 1 1
node 4 3 0 2
gene 2 1 4 -4.01453 0 1 -4.01453 1
gene 3 2 4 7.3215 0 2 7.3215 1
gene 3 3 4 8 0 3 8 1
genomeend 3

/* Organism #4 Fitness: 9 Error: 1 */
genomestart 4
trait 1 0.356261 0 0.186527 0 0 0 0.0208273 0 
trait 2 0.291439 0.00620117 0.00192978 0.803731 0.00315201 0.0173239 0.0120063 0 
trait 3 0.272047 0 0.429977 0 0.657839 0 0.0484949 0.0618225 
node 1 1 1 3
node 2 3 1 1
node 3 3 1 1
node 4 3 0 2
gene 2 1 4 -4.01453 0 1 -4.01453 1
gene 3 2 4 8 0 2 8 1
gene 3 3 4 8 0 3 8 1
genomeend 4

/* Organism #5 Fitness: 8.07282 Error: 1.15873 */
genomestart 5
trait 1 0.356261 0 0.186527 0 0 0 0.0208273 0 
trait 2 0.291439 0.00620117 0.00192978 0.803731 0.00315201 0.0173239 0.0120063 0 
trait 3 0.272047 0 0 0 0 0 0.0484949 0.0618225 
node 1 1 1 3
node 2 3 1 1
node 3 3 1 1
node 4 3 0 2
gene 2 1 4 -5.24672 0 1 -5.24672 1
gene 3 2 4 5.5854 0 2 5.5854 1
gene 3 3 4 8 0 3 8 1
genomeend 5

/* Organism #6 Fitness: 4.00062 Error: 1.99984 */
genomestart 6
trait 1 0.356261 0 0.186527 0 0 0 0.0208273 0 
trait 2 0.291439 0.00620117 0.00192978 0.803731 0.00315201 0.0173239 0.0120063 0 
trait 3 0.272047 0 0 0 0 0 0.0484949 0.0618225 
node 1 1 1 3
node 2 3 1 1
node 3 3 1 1
node 4 3 0 2
gene 2 1 4 -2.67231 0 1 -2.67231 1
gene 3 2 4 0.895052 0 2 0.895052 1
gene 3 3 4 8 0 3 8 1
genomeend 6

/* Organism #7 Fitness: 8.99998 Error: 1 */
genomestart 7
trait 1 0.356261 0 0.186527 0 0 0 0.0208273 0 
trait 2 0.291439 0.00620117 0.00192978 0.803731 0.00315201 0.0173239 0.0120063 0 
trait 3 0.272047 0 0 0 0 0 0.0484949 0.0618225 
node 1 1 1 3
node 2 3 1 1
node 3 3 1 1
node 4 3 0 2
gene 2 1 4 -5.27451 0 1 -5.27451 1
gene 3 2 4 8 0 2 8 1
gene 3 3 4 8 0 3 8 1
genomeend 7

/* Organism #8 Fitness: 8.99724 Error: 1.00046 */
genomestart 8
trait 1 0.356261 0 0.186527 0 0 0 0.0208273 0 
trait 2 0.291439 0.00620117 0.00192978 0.803731 0.00315201 0.0173239 0.0120063 0 
trait 3 0.272047 0 0 0 0 0 0.0484949 0.0618225 
node 1 1 1 3
node 2 3 1 1
node 3 3 1 1
node 4 3 0 2
gene 2 1 4 -4.04563 0 1 -4.04563 1
gene 3 2 4 5.61946 0 2 5.61946 1
gene 3 3 4 6.16263 0 3 6.16263 1
genomeend 8

/* Organism #9 Fitness: 9 Error: 1 */
genomestart 9
trait 1 0.356261 0 0.186527 0 0 0 0.0208273 0 
trait 2 0.291439 0.00620117 0.00192978 0.803731 0.00315201 0.0173239 0.0120063 0 
trait 3 0.272047 0 0 0 0 0 0.0484949 0.0618225 
node 1 1 1 3
node 2 3 1 1
node 3 3 1 1
node 4 3 0 2
gene 2 1 4 -4.01453 0 1 -4.01453 1
gene 3 2 4 8 0 2 8 1
gene 3 3 4 8 0 3 8 1
genomeend 9

/* Species #2 : (Size 9) (AF 6.74084) (Age 23)  */


/* Organism #10 Fitness: 9 Error: 1 */
genomestart 10
trait 1 0.218114 0 0 0.207413 0 0 0.103791 0 
trait 2 0.2 0 0.0932037 0 0 0 0.0379945 0 
trait 3 0.3 0.0189829 0.0151736 0 0 0.0208362 0.0150715 0.0158729 
node 1 1 1 3
node 2 3 1 1
node 3 3 1 1
node 4 1 0 2
node 7 1 0 0
gene 3 1 4 -1.91273 0 1 -1.91273 1
gene 3 2 4 -4.05506 0 2 -4.05506 1
gene 2 3 4 8 0 3 8 1
gene 3 2 7 6.55624 0 8 6.55624 1
gene 3 7 4 -8 0 9 -8 1
gene 1 3 7 -1.68571 0 77 -1.68571 1
genomeend 10

/* Organism #11 Fitness: 8.66505 Error: 1.05635 */
genomestart 11
trait 1 0.218114 0 0 0.207413 0 0 0.103791 0 
trait 2 0.2 0 0.0932037 0 0 0 0.0379945 0 
trait 3 0.3 0.0189829 0.0151736 0 0 0.0208362 0.0150715 0.0158729 
node 1 1 1 3
node 2 3 1 1
node 3 3 1 1
node 4 1 0 2
node 7 1 0 0
gene 3 1 4 -0.5203 0 1 -0.5203 1
gene 3 2 4 1.71369 0 2 1.71369 1
gene 2 3 4 8 0 3 8 1
gene 3 2 7 5.72133 0 8 5.72133 1
gene 3 7 4 -0.52285 0 9 -0.52285 1
gene 1 3 7 -0.529185 0 77 -0.529185 1
genomeend 11

/* Organism #12 Fitness: 9 Error: 1 */
genomestart 12
trait 1 0.232878 0 0 0.233339 0 0 0.116765 0 
trait 2 0.2 0 0.104854 0 0 0 0.0427438 0 
trait 3 0.3 0.018192 0.0145413 0 0 0.0199681 0.0144435 0.0152115 
node 1 1 1 3
node 2 3 1 1
node 3 3 1 1
node 4 1 0 2
node 7 1 0 0
gene 3 1 4 -0.823143 0 1 -0.823143 1
gene 3 2 4 -2.79749 0 2 -2.79749 1
gene 2 3 4 6.95394 0 3 6.95394 1
gene 3 2 7 6.05775 0 8 6.05775 1
gene 3 7 4 -7.8434 0 9 -7.8434 1
gene 1 3 7 -2.45922 0 77 -2.45922 1
genomeend 12

/* Organism #13 Fitness: 4.00257 Error: 1.99936 */
genomestart 13
trait 1 0.232878 0 0 0.233339 0 0 0.116765 0 
trait 2 0.2 0 0.104854 0 0 0 0.0427438 0 
trait 3 0.3 0.018192 0.0145413 0 0 0.0199681 0.0144435 0.0152115 
node 1 1 1 3
node 2 3 1 1
node 3 3 1 1
node 4 1 0 2
node 7 1 0 0
gene 3 1 4 -2.87817 0 1 -2.87817 1
gene 3 2 4 -1.44309 0 2 -1.44309 1
gene 2 3 4 8 0 3 8 1
gene 3 2 7 3.92514 0 8 3.92514 1
gene 3 7 4 -6.61445 0 9 -6.61445 1
gene 1 3 7 2.29169 0 77 2.29169 1
genomeend 13

/* Organism #14 Fitness: 9 Error: 1 */
genomestart 14
trait 1 0.218114 0 0 0.207413 0 0 0.103791 0 
trait 2 0.2 0 0.0932037 0 0 0 0.0379945 0 
trait 3 0.3 0.0189829 0.0151736 0 0 0.0208362 0.0150715 0.0158729 
node 1 1 1 3
node 2 3 1 1
node 3 3 1 1
node 4 1 0 2
node 7 1 0 0
gene 3 1 4 -0.612049 0 1 -0.612049 1
gene 3 2 4 -3.70491 0 2 -3.70491 1
gene 2 3 4 8 0 3 8 1
gene 3 2 7 8 0 8 8 1
gene 3 7 4 -8 0 9 -8 1
gene 1 3 7 -2.61348 0 77 -2.61348 1
genomeend 14

/* Organism #15 Fitness: 3.99999 Error: 2 */
genomestart 15
trait 1 0.218114 0 0 0.207413 0 0 0.103791 0 
trait 2 0.2 0 0.0932037 0 0 0 0.0379945 0 
trait 3 0.3 0.0189829 0.0151736 0 0 0.0208362 0.0150715 0.0158729 
node 1 1 1 3
node 2 3 1 1
node 3 3 1 1
node 4 1 0 2
node 7 1 0 0
gene 3 1 4 1.43634 0 1 1.43634 1
gene 3 2 4 -3.70471 0 2 -3.70471 1
gene 2 3 4 -1.73522 0 3 -1.73522 1
gene 3 2 7 -0.388637 0 8 -0.388637 1
gene 3 7 4 -8 0 9 -8 1
gene 1 3 7 0.182374 0 77 0.182374 1
genomeend 15

/* Organism #16 Fitness: 3.99998 Error: 2.00001 */
genomestart 16
trait 1 0.232878 0 0 0.233339 0 0 0.116765 0 
trait 2 0.2 0 0.104854 0 0 0 0.0427438 0 
trait 3 0.3 0.018192 0.0145413 0 0 0.0199681 0.0144435 0.0152115 
node 1 1 1 3
node 2 2 1 1
node 3 3 1 1
node 4 1 0 2
node 7 1 0 0
gene 3 1 4 -1.60736 0 1 -1.60736 1
gene 3 2 4 -4.13738 0 2 -4.13738 1
gene 2 3 4 -2.37208 0 3 -2.37208 1
gene 3 2 7 7.16885 0 8 7.16885 1
gene 3 7 4 -1.65534 0 9 -1.65534 1
gene 1 3 7 0.19716 0 77 0.19716 1
genomeend 16

/* Organism #17 Fitness: 4 Error: 2 */
genomestart 17
trait 1 0.232878 0 0 0.233339 0 0 0.116765 0 
trait 2 0.2 0 0.104854 0 0 0 0.0427438 0 
trait 3 0.3 0.018192 0.0145413 0 0 0.0199681 0.0144435 0.0152115 
node 1 1 1 3
node 2 2 1 1
node 3 3 1 1
node 4 1 0 2
node 7 1 0 0
gene 3 1 4 -1.48176 0 1 -1.48176 1
gene 3 2 4 -5.01585 0 2 -5.01585 1
gene 2 3 4 4.4726 0 3 4.4726 1
gene 3 2 7 4.33117 0 8 4.33117 1
gene 3 7 4 -7.61446 0 9 -7.61446 1
gene 1 3 7 1.30907 0 77 1.30907 1
genomeend 17

/* Organism #18 Fitness: 9 Error: 1 */
genomestart 18
trait 1 0.218114 0 0 0.207413 0 0 0.103791 0 
trait 2 0.2 0 0.0932037 0 0 0 0.0379945 0 
trait 3 0.3 0.0189829 0.0151736 0 0 0.0208362 0.0150715 0.0158729 
node 1 1 1 3
node 2 3 1 1
node 3 3 1 1
node 4 1 0 2
node 7 1 0 0
gene 3 1 4 -0.991352 0 1 -0.991352 1
gene 3 2 4 -4.05506 0 2 -4.05506 1
gene 2 3 4 7.19907 0 3 7.19907 1
gene 3 2 7 8 0 8 8 1
gene 3 7 4 -6.03153 0 9 -6.03153 1
gene 1 3 7 -0.80334 0 77 -0.80334 1
genomeend 18

/* Species #3 : (Size 9) (AF 6.71134) (Age 23)  */


/* Organism #19 Fitness: 9 Error: 1 */
genomestart 19
trait 1 0.32029 0 0 0.180724 0.224902 0 0.44556 0.0622947 
trait 2 0.2 0 0 0 0 0 0 0 
trait 3 0.3 0 0 0 0 0 0 0 
node 1 1 1 3
node 2 3 1 1
node 3 2 1 1
node 4 1 0 2
node 5 1 0 0
gene 2 1 4 0.537501 0 1 0.537501 1
gene 1 2 4 -6.94648 0 2 -6.94648 1
gene 3 3 4 8 0 3 8 1
gene 1 2 5 4.86749 0 4 4.86749 1
gene 1 5 4 -8 0 5 -8 1
gene 2 3 5 -2.77371 0 106 -2.77371 1
gene 3 1 5 1.37246 0 148 1.37246 1
genomeend 19

/* Organism #20 Fitness: 9 Error: 1 */
genomestart 20
trait 1 0.355877 0 0 0.200805 0.192773 0 0.48306 0.0595863 
trait 2 0.2 0 0 0 0 0 0 0 
trait 3 0.3 0 0 0 0 0 0 0 
node 1 1 1 3
node 2 3 1 1
node 3 2 1 1
node 4 1 0 2
node 5 1 0 0
gene 2 1 4 -1.9223 0 1 -1.9223 1
gene 1 2 4 -3.58046 0 2 -3.58046 1
gene 3 3 4 8 0 3 8 1
gene 1 2 5 7.12865 0 4 7.12865 1
gene 1 5 4 -8 0 5 -8 1
gene 2 3 5 -1.28352 0 106 -1.28352 1
gene 3 1 5 0.507292 0 148 0.507292 1
genomeend 20

/* Organism #21 Fitness: 4.12013 Error: 1.97019 */
genomestart 21
trait 1 0.333635 0 0 0.188255 0.212853 0 0.459622 0.061279 
trait 2 0.2 0 0 0 0 0 0 0 
trait 3 0.3 0 0 0 0 0 0 0 
node 1 1 1 3
node 2 3 1 1
node 3 2 1 1
node 4 1 0 2
node 5 1 0 0
gene 2 1 4 -1.89144 0 1 -1.89144 1
gene 1 2 4 -3.58046 0 2 -3.58046 1
gene 3 3 4 8 0 3 8 1
gene 1 2 5 8 0 4 8 1
gene 1 5 4 -6.82225 0 5 -6.82225 1
gene 2 3 5 1.42111 0 106 1.42111 1
gene 3 1 5 -0.00703414 0 148 -0.00703414 1
genomeend 21

/* Organism #22 Fitness: 8.99979 Error: 1.00004 */
genomestart 22
trait 1 0.311393 0 0 0.175704 0.232934 0 0.436184 0.0629718 
trait 2 0.2 0 0 0 0 0 0 0 
trait 3 0.3 0 0 0 0 0 0 0 
node 1 1 1 3
node 2 3 1 1
node 3 2 1 1
node 4 1 0 2
node 5 1 0 0
gene 2 1 4 0.856796 0 1 0.856796 1
gene 1 2 4 -4.96598 0 2 -4.96598 1
gene 3 3 4 3.79853 0 3 3.79853 1
gene 1 2 5 3.08043 0 4 3.08043 1
gene 1 5 4 -6.44362 0 5 -6.44362 1
gene 1 3 5 -3.26877 0 106 -3.26877 1
genomeend 22

/* Organism #23 Fitness: 4 Error: 2 */
genomestart 23
trait 1 0.311393 0 0 0.175704 0.232934 0 0.436184 0.0629718 
trait 2 0.2 0 0 0 0 0 0 0 
trait 3 0.3 0 0 0 0 0 0 0 
node 1 1 1 3
node 2 3 1 1
node 3 2 1 1
node 4 1 0 2
node 5 1 0 0
gene 2 1 4 -1.34416 0 1 -1.34416 1
gene 1 2 4 -2.88532 0 2 -2.88532 1
gene 3 3 4 7.92566 0 3 7.92566 1
gene 1 2 5 0.891065 0 4 0.891065 1
gene 1 5 4 -8 0 5 -8 1
gene 1 3 5 -1.36615 0 106 -1.36615 1
genomeend 23

/* Organism #24 Fitness: 4.03868 Error: 1.99035 */
genomestart 24
trait 1 0.355877 0 0 0.200805 0.192773 0 0.48306 0.0595863 
trait 2 0.2 0 0 0 0 0 0 0 
trait 3 0.3 0 0 0 0 0 0 0 
node 1 1 1 3
node 2 3 1 1
node 3 2 1 1
node 4 1 0 2
node 5 1 0 0
gene 2 1 4 -1.19155 0 1 -1.19155 1
gene 1 2 4 -2.67102 0 2 -2.67102 1
gene 3 3 4 8 0 3 8 1
gene 1 2 5 6.19414 0 4 6.19414 1
gene 1 5 4 -8 0 5 -8 1
gene 2 3 5 0.289171 0 106 0.289171 1
gene 3 1 5 0.407352 0 148 0.407352 1
genomeend 24

/* Organism #25 Fitness: 3.99751 Error: 2.00062 */
genomestart 25
trait 1 0.32029 0 0 0.180724 0.224902 0 0.44556 0.0622947 
trait 2 0.2 0 0 0 0 0 0 0 
trait 3 0.3 0 0 0 0 0 0 0 
node 1 1 1 3
node 2 3 1 1
node 3 2 1 1
node 4 1 0 2
node 5 1 0 0
gene 2 1 4 2.5968 0 1 2.5968 1
gene 1 2 4 -6.3754 0 2 -6.3754 1
gene 3 3 4 -2.07907 0 3 -2.07907 1
gene 1 2 5 3.07905 0 4 3.07905 1
gene 1 5 4 0.98129 0 5 0.98129 1
gene 2 3 5 1.23305 0 106 1.23305 1
gene 3 1 5 0.442532 0 148 0.442532 1
genomeend 25

/* Organism #26 Fitness: 8.24908 Error: 1.12788 */
genomestart 26
trait 1 0.311393 0 0 0.175704 0.232934 0 0.436184 0.0629718 
trait 2 0.2 0 0 0 0 0 0 0 
trait 3 0.3 0 0 0 0 0 0 0 
node 1 1 1 3
node 2 3 1 1
node 3 2 1 1
node 4 1 0 2
node 5 1 0 0
gene 2 1 4 -1.2814 0 1 -1.2814 1
gene 1 2 4 -3.46191 0 2 -3.46191 1
gene 3 3 4 7.30104 0 3 7.30104 1
gene 1 2 5 4.66847 0 4 4.66847 1
gene 1 5 4 -7.0133 0 5 -7.0133 1
gene 1 3 5 0.285002 0 106 0.285002 1
genomeend 26

/* Organism #27 Fitness: 8.99688 Error: 1.00052 */
genomestart 27
trait 1 0.32029 0 0 0.180724 0.224902 0 0.44556 0.0622947 
trait 2 0.2 0 0 0 0 0 0 0 
trait 3 0.3 0 0 0 0 0 0 0 
node 1 1 1 3
node 2 3 1 1
node 3 2 1 1
node 4 1 0 2
node 5 1 0 0
gene 2 1 4 2.20545 0 1 2.20545 1
gene 1 2 4 -8 0 2 -8 1
gene 3 3 4 8 0 3 8 1
gene 1 2 5 4.17813 0 4 4.17813 1
gene 1 5 4 -5.58852 0 5 -5.58852 1
gene 2 3 5 -1.53995 0 106 -1.53995 1
gene 3 1 5 0.14324 0 148 0.14324 1
genomeend 27

/* Species #4 : (Size 9) (AF 7.33184) (Age 21)  */


/* Organism #28 Fitness: 9 Error: 1 */
genomestart 28
trait 1 0.1 0 0 0.53485 0 0 0 0 
trait 2 0.237572 0 0 0.341387 0.269407 0.0149426 0.464835 0.349707 
trait 3 0.3 0 0 0 0 0 0 0 
node 1 2 1 3
node 2 3 1 1
node 3 3 1 1
node 4 1 0 2
node 10 1 0 0
gene 2 1 4 -4.02219 0 1 -4.02219 1
gene 3 2 4 2.69826 0 2 2.69826 1
gene 3 3 4 0.776578 0 3 0.776578 0
gene 3 3 10 3.52667 0 17 3.52667 1
gene 3 10 4 8 0 18 8 1
gene 2 1 10 -1.28311 0 31 -1.28311 1
gene 1 2 10 3.01439 0 42 3.01439 1
genomeend 28

/* Organism #29 Fitness: 8.99985 Error: 1.00003 */
genomestart 29
trait 1 0.1 0 0 0.53485 0 0 0 0 
trait 2 0.237572 0 0 0.341387 0.269407 0.0149426 0.464835 0.349707 
trait 3 0.3 0 0 0 0 0 0 0 
node 1 2 1 3
node 2 3 1 1
node 3 3 1 1
node 4 1 0 2
node 10 1 0 0
gene 2 1 4 -2.15887 0 1 -2.15887 1
gene 3 2 4 3.1837 0 2 3.1837 1
gene 3 3 4 1.94581 0 3 1.94581 0
gene 3 3 10 3.64403 0 17 3.64403 1
gene 3 10 4 8 0 18 8 1
gene 2 1 10 -1.44012 0 31 -1.44012 1
gene 1 2 10 1.21521 0 42 1.21521 1
genomeend 29

/* Organism #30 Fitness: 9 Error: 1 */
genomestart 30
trait 1 0.1 0 0 0.53485 0 0 0 0 
trait 2 0.237572 0 0 0.341387 0.269407 0.0149426 0.464835 0.349707 
trait 3 0.3 0 0 0 0 0 0 0 
node 1 2 1 3
node 2 3 1 1
node 3 3 1 1
node 4 1 0 2
node 10 1 0 0
gene 1 1 4 -4.6069 0 1 -4.6069 1
gene 3 2 4 2.69826 0 2 2.69826 1
gene 3 3 4 -0.364841 0 3 -0.364841 0
gene 3 3 10 2.70566 0 17 2.70566 1
gene 3 10 4 8 0 18 8 1
gene 2 1 10 -1.28311 0 31 -1.28311 1
gene 1 2 10 4.542 0 42 4.542 1
genomeend 30

/* Organism #31 Fitness: 9 Error: 1 */
genomestart 31
trait 1 0.1 0 0 0.53485 0 0 0 0 
trait 2 0.237572 0 0 0.341387 0.269407 0.0149426 0.464835 0.349707 
trait 3 0.3 0 0 0 0 0 0 0 
node 1 2 1 3
node 2 3 1 1
node 3 3 1 1
node 4 1 0 2
node 10 1 0 0
gene 2 1 4 -4.31454 0 1 -4.31454 1
gene 3 2 4 3.63869 0 2 3.63869 1
gene 3 3 4 0.205868 0 3 0.205868 0
gene 3 3 10 3.11616 0 17 3.11616 1
gene 3 10 4 7.50565 0 18 7.50565 1
gene 2 1 10 -0.682664 0 31 -0.682664 1
gene 1 2 10 3.77819 0 42 3.77819 1
genomeend 31

/* Organism #32 Fitness: 4 Error: 2 */
genomestart 32
trait 1 0.1 0 0 0.53485 0 0 0 0 
trait 2 0.237572 0 0 0.341387 0.269407 0.0149426 0.464835 0.349707 
trait 3 0.3 0 0 0 0 0 0 0 
node 1 2 1 3
node 2 3 1 1
node 3 3 1 1
node 4 1 0 2
node 10 1 0 0
gene 2 1 4 -4.02219 0 1 -4.02219 1
gene 3 2 4 3.58804 0 2 3.58804 1
gene 3 3 4 -1.57572 0 3 -1.57572 0
gene 3 3 10 4.34419 0 17 4.34419 1
gene 3 10 4 0.326929 0 18 0.326929 1
gene 2 1 10 0.945362 0 31 0.945362 1
gene 1 2 10 3.54781 0 42 3.54781 1
genomeend 32

/* Organism #33 Fitness: 8.99765 Error: 1.00039 */
genomestart 33
trait 1 0.1 0 0 0.53485 0 0 0 0 
trait 2 0.237572 0 0 0.341387 0.269407 0.0149426 0.464835 0.349707 
trait 3 0.3 0 0 0 0 0 0 0 
node 1 2 1 3
node 2 3 1 1
node 3 3 1 1
node 4 1 0 2
node 10 1 0 0
gene 1 1 4 -5.37091 0 1 -5.37091 1
gene 3 2 4 4.57913 0 2 4.57913 1
gene 3 3 4 0.136259 0 3 0.136259 0
gene 3 3 10 1.10352 0 17 1.10352 1
gene 3 10 4 7.0113 0 18 7.0113 1
gene 2 1 10 -0.0822188 0 31 -0.0822188 1
gene 1 2 10 2.88911 0 42 2.88911 1
genomeend 33

/* Organism #34 Fitness: 8.98902 Error: 1.00183 */
genomestart 34
trait 1 0.1 0 0 0.53485 0 0 0 0 
trait 2 0.237572 0 0 0.341387 0.269407 0.0149426 0.464835 0.349707 
trait 3 0.3 0 0 0 0 0 0 0 
node 1 2 1 3
node 2 3 1 1
node 3 3 1 1
node 4 1 0 2
node 10 1 0 0
gene 1 1 4 -6.62121 0 1 -6.62121 1
gene 3 2 4 4.61763 0 2 4.61763 1
gene 3 3 4 -1.46509 0 3 -1.46509 0
gene 3 3 10 3.54957 0 17 3.54957 1
gene 3 10 4 7.90093 0 18 7.90093 1
gene 2 1 10 -0.582636 0 31 -0.582636 1
gene 1 2 10 4.21649 0 42 4.21649 1
genomeend 34

/* Organism #35 Fitness: 4 Error: 2 */
genomestart 35
trait 1 0.1 0 0 0.53485 0 0 0 0 
trait 2 0.237572 0 0 0.341387 0.269407 0.0149426 0.464835 0.349707 
trait 3 0.3 0 0 0 0 0 0 0 
node 1 2 1 3
node 2 3 1 1
node 3 3 1 1
node 4 1 0 2
node 10 1 0 0
gene 1 1 4 -6.50991 0 1 -6.50991 1
gene 3 2 4 4.57913 0 2 4.57913 1
gene 3 3 4 -0.771526 0 3 -0.771526 0
gene 3 3 10 4.00198 0 17 4.00198 1
gene 3 10 4 -0.34396 0 18 -0.34396 1
gene 2 1 10 1.20502 0 31 1.20502 1
gene 1 2 10 4.542 0 42 4.542 1
genomeend 35

/* Organism #36 Fitness: 4.00001 Error: 2 */
genomestart 36
trait 1 0.1 0 0 0.53485 0 0 0 0 
trait 2 0.237572 0 0 0.341387 0.269407 0.0149426 0.464835 0.349707 
trait 3 0.3 0 0 0 0 0 0 0 
node 1 2 1 3
node 2 3 1 1
node 3 3 1 1
node 4 1 0 2
node 10 1 0 0
gene 1 1 4 -6.64587 0 1 -6.64587 1
gene 3 2 4 5.17068 0 2 5.17068 1
gene 3 3 4 0.280527 0 3 0.280527 0
gene 3 3 10 0.48204 0 17 0.48204 1
gene 3 10 4 7.97186 0 18 7.97186 1
gene 2 1 10 2.11944 0 31 2.11944 1
gene 1 2 10 4.72334 0 42 4.72334 1
genomeend 36

/* Species #5 : (Size 10) (AF 5.35226) (Age 19)  */


/* Organism #37 Fitness: 9 Error: 1 */
genomestart 37
trait 1 0.199901 0 0.108289 0 0 0 0.0107496 0 
trait 2 0.214545 0.0930176 0.0308764 0 0.06403 0.0567328 0.0324795 0 
trait 3 0.518076 0.275946 0 0.0886465 0.366062 0 0.0484949 0.0347751 
node 1 3 1 3
node 2 1 1 1
node 3 2 1 1
node 4 1 0 2
node 12 1 0 0
gene 3 1 4 -4.53146 0 1 -4.53146 1
gene 2 2 4 2.4486 0 2 2.4486 1
gene 2 3 4 0.557278 0 3 0.557278 0
gene 2 3 12 6.18882 0 23 6.18882 1
gene 2 12 4 8 0 24 8 1
gene 2 2 12 1.4615 0 54 1.4615 1
gene 3 1 12 -0.989549 0 115 -0.989549 1
genomeend 37

/* Organism #38 Fitness: 4 Error: 2 */
genomestart 38
trait 1 0.199901 0 0.108289 0 0 0 0.0107496 0 
trait 2 0.214545 0.0930176 0.0308764 0 0.06403 0.0567328 0.0324795 0 
trait 3 0.518076 0.275946 0 0.0886465 0.366062 0 0.0484949 0.0347751 
node 1 3 1 3
node 2 1 1 1
node 3 2 1 1
node 4 1 0 2
node 12 1 0 0
gene 3 1 4 -3.75264 0 1 -3.75264 1
gene 2 2 4 1.24702 0 2 1.24702 1
gene 2 3 4 0.557278 0 3 0.557278 0
gene 2 3 12 6.4929 0 23 6.4929 1
gene 2 12 4 8 0 24 8 1
gene 2 2 12 2.9868 0 54 2.9868 1
gene 3 1 12 0.302383 0 115 0.302383 1
genomeend 38

/* Organism #39 Fitness: 9 Error: 1 */
genomestart 39
trait 1 0.199901 0 0.108289 0 0 0 0.0107496 0 
trait 2 0.214545 0.0930176 0.0308764 0 0.06403 0.0567328 0.0324795 0 
trait 3 0.518076 0.275946 0 0.0886465 0.366062 0 0.0484949 0.0347751 
node 1 3 1 3
node 2 1 1 1
node 3 2 1 1
node 4 1 0 2
node 12 1 0 0
gene 3 1 4 -4.53146 0 1 -4.53146 1
gene 2 2 4 2.4486 0 2 2.4486 1
gene 2 3 4 1.4509 0 3 1.4509 1
gene 2 3 12 6.18882 0 23 6.18882 1
gene 2 12 4 8 0 24 8 1
gene 2 2 12 1.4615 0 54 1.4615 1
gene 3 1 12 -0.75339 0 115 -0.75339 1
genomeend 39

/* Organism #40 Fitness: 4 Error: 2 */
genomestart 40
trait 1 0.199901 0 0.108289 0 0 0 0.0107496 0 
trait 2 0.214545 0.0930176 0.0308764 0 0.06403 0.0567328 0.0324795 0 
trait 3 0.518076 0.275946 0 0.0886465 0.366062 0 0.0484949 0.0347751 
node 1 3 1 3
node 2 1 1 1
node 3 2 1 1
node 4 1 0 2
node 12 1 0 0
gene 3 1 4 -4.14191 0 1 -4.14191 1
gene 2 2 4 0.829279 0 2 0.829279 1
gene 2 3 4 0.164918 0 3 0.164918 0
gene 2 3 12 6.88428 0 23 6.88428 1
gene 2 12 4 8 0 24 8 1
gene 2 2 12 0.809943 0 54 0.809943 1
gene 3 1 12 0.83807 0 115 0.83807 1
genomeend 40

/* Organism #41 Fitness: 1.00122 Error: 2.99939 */
genomestart 41
trait 1 0.458826 0.415869 0.217381 0.602389 0 0.453399 0.0107496 0.999607 
trait 2 0.214545 0.0930176 0.0308764 0 0.06403 0.0567328 0.0324795 0 
trait 3 0.518076 0.275946 0 0.0886465 0.366062 0 0.0484949 0.0347751 
node 1 3 1 3
node 2 1 1 1
node 3 2 1 1
node 4 1 0 2
node 12 1 0 0
gene 3 1 4 -6.77712 0 1 -6.77712 1
gene 2 2 4 2.17338 0 2 2.17338 1
gene 2 3 4 -1.57894 0 3 -1.57894 0
gene 2 3 12 6.98831 0 23 6.98831 1
gene 2 12 4 8 0 24 8 1
gene 2 2 12 -1.78776 0 54 -1.78776 1
gene 3 1 12 1.04703 0 115 1.04703 1
genomeend 41

/* Organism #42 Fitness: 4 Error: 2 */
genomestart 42
trait 1 0.199901 0 0.108289 0 0 0 0.0107496 0 
trait 2 0.214545 0.0930176 0.0308764 0 0.06403 0.0567328 0.0324795 0 
trait 3 0.518076 0.275946 0 0.0886465 0.366062 0 0.0484949 0.0347751 
node 1 3 1 3
node 2 1 1 1
node 3 2 1 1
node 4 1 0 2
node 12 1 0 0
gene 3 1 4 -6.63049 0 1 -6.63049 1
gene 2 2 4 1.83501 0 2 1.83501 1
gene 2 3 4 1.43365 0 3 1.43365 0
gene 2 3 12 5.39505 0 23 5.39505 1
gene 2 12 4 -0.719848 0 24 -0.719848 1
gene 2 2 12 -1.41609 0 54 -1.41609 1
gene 3 1 12 0.60933 0 115 0.60933 1
genomeend 42

/* Organism #43 Fitness: 4.00019 Error: 1.99995 */
genomestart 43
trait 1 0.199901 0 0.108289 0 0 0 0.0107496 0 
trait 2 0.214545 0.0930176 0.0308764 0 0.06403 0.0567328 0.0324795 0 
trait 3 0.518076 0.275946 0 0.0886465 0.366062 0 0.0484949 0.0347751 
node 1 3 1 3
node 2 1 1 1
node 3 2 1 1
node 4 1 0 2
node 12 1 0 0
gene 3 1 4 -7.02183 0 1 -7.02183 1
gene 2 2 4 2.83354 0 2 2.83354 1
gene 2 3 4 2.32497 0 3 2.32497 0
gene 2 3 12 5.04256 0 23 5.04256 1
gene 2 12 4 6.27446 0 24 6.27446 1
gene 2 2 12 2.51424 0 54 2.51424 1
gene 3 1 12 1.96174 0 115 1.96174 1
genomeend 43

/* Organism #44 Fitness: 4 Error: 2 */
genomestart 44
trait 1 0.199901 0 0.108289 0 0 0 0.0107496 0 
trait 2 0.214545 0.0930176 0.0308764 0 0.06403 0.0567328 0.0324795 0 
trait 3 0.518076 0.275946 0 0.0886465 0.366062 0 0.0484949 0.0347751 
node 1 3 1 3
node 2 1 1 1
node 3 2 1 1
node 4 1 0 2
node 12 1 0 0
gene 3 1 4 -2.70345 0 1 -2.70345 1
gene 2 2 4 -0.274082 0 2 -0.274082 1
gene 2 3 4 2.34453 0 3 2.34453 0
gene 2 3 12 2.34779 0 23 2.34779 1
gene 2 12 4 7.82469 0 24 7.82469 1
gene 2 2 12 1.22331 0 54 1.22331 1
gene 3 1 12 0.291443 0 115 0.291443 1
genomeend 44

/* Organism #45 Fitness: 5.64055 Error: 1.62501 */
genomestart 45
trait 1 0.199901 0 0.108289 0 0 0 0.0107496 0 
trait 2 0.214545 0.0930176 0.0308764 0 0.06403 0.0567328 0.0324795 0 
trait 3 0.518076 0.275946 0 0.0886465 0.366062 0 0.0484949 0.0347751 
node 1 3 1 3
node 2 1 1 1
node 3 2 1 1
node 4 1 0 2
node 12 1 0 0
gene 3 1 4 -4.37386 0 1 -4.37386 1
gene 2 2 4 4.26982 0 2 4.26982 1
gene 2 3 4 0.336916 0 3 0.336916 0
gene 2 3 12 8 0 23 8 1
gene 2 12 4 8 0 24 8 1
gene 2 2 12 -0.0744029 0 54 -0.0744029 1
gene 3 1 12 -2.00289 0 115 -2.00289 1
genomeend 45

/* Organism #46 Fitness: 8.88064 Error: 1.01996 */
genomestart 46
trait 1 1 0 0.108289 0.0111763 0 0 0.0107496 0 
trait 2 0.214545 0.0930176 0.0308764 0 0.06403 0.0567328 0.0324795 0 
trait 3 0.518076 0.275946 0 0.0886465 0.366062 0 0.0484949 0.0347751 
node 1 3 1 3
node 2 1 1 1
node 3 2 1 1
node 4 1 0 2
node 12 2 0 0
gene 3 1 4 -6.77977 0 1 -6.77977 1
gene 2 2 4 1.42693 0 2 1.42693 1
gene 2 3 4 2.93905 0 3 2.93905 0
gene 2 3 12 4.42569 0 23 4.42569 1
gene 2 12 4 8 0 24 8 1
gene 2 2 12 1.25131 0 54 1.25131 1
gene 3 1 12 0.217975 0 115 0.217975 1
genomeend 46

/* Species #6 : (Size 6) (AF 7.26661) (Age 17)  */


/* Organism #47 Fitness: 9 Error: 1 */
genomestart 47
trait 1 0.1 0 0 0 0 0 0 0 
trait 2 0.175 0 0 0 0.0714659 0.0298853 0 0 
trait 3 0.3 0 0 0 0 0 0 0 
node 1 2 1 3
node 2 3 1 1
node 3 3 1 1
node 4 1 0 2
node 10 1 0 0
node 18 1 0 0
node 47 1 0 0
node 51 1 0 0
gene 2 1 4 -0.0379977 0 1 -0.0379977 1
gene 3 2 4 3.87716 0 2 3.87716 0
gene 3 3 4 5.66025 0 3 5.66025 1
gene 3 3 10 1.69223 0 17 1.69223 1
gene 3 10 4 7.8338 0 18 7.8338 1
gene 2 1 10 -0.907001 0 31 -0.907001 1
gene 3 2 18 2.71533 0 40 2.71533 0
gene 3 18 4 -3.74724 0 41 -3.74724 1
gene 2 2 10 2.05173 0 58 2.05173 1
gene 3 2 47 1 0 137 0 1
gene 3 47 18 2.31262 0 138 0 0
gene 3 47 51 1 0 150 0 1
gene 3 51 18 2.71533 0 151 0 1
gene 2 10 47 -0.783372 0 159 -0.783372 1
gene 1 2 51 -0.189815 0 171 -0.189815 1
genomeend 47

/* Organism #48 Fitness: 8.99974 Error: 1.00004 */
genomestart 48
trait 1 0.1 0 0 0 0 0 0 0 
trait 2 0.175 0 0 0 0.0714659 0.0298853 0 0 
trait 3 0.3 0 0 0 0 0 0 0 
node 1 2 1 3
node 2 3 1 1
node 3 3 1 1
node 4 1 0 2
node 10 1 0 0
node 18 1 0 0
node 47 1 0 0
node 51 1 0 0
gene 2 1 4 1.5849 0 1 1.5849 1
gene 3 2 4 2.85535 0 2 2.85535 0
gene 3 3 4 5.07925 0 3 5.07925 1
gene 3 3 10 -0.617553 0 17 -0.617553 1
gene 3 10 4 8 0 18 8 1
gene 2 1 10 -3.37538 0 31 -3.37538 1
gene 3 2 18 0.599803 0 40 0.599803 0
gene 3 18 4 -3.63039 0 41 -3.63039 1
gene 2 2 10 4.39381 0 58 4.39381 1
gene 3 2 47 0.782781 0 137 0.782781 1
gene 3 47 18 2.66917 0 138 2.66917 0
gene 3 47 51 3.0398 0 150 3.0398 1
gene 3 51 18 4.7258 0 151 4.7258 1
gene 3 10 47 0.0344911 0 159 0.0344911 1
gene 1 2 51 -0.189815 0 171 -0.189815 1
genomeend 48

/* Organism #49 Fitness: 8.99027 Error: 1.00162 */
genomestart 49
trait 1 0.1 0 0 0 0 0 0 0 
trait 2 0.175 0 0 0 0.0714659 0.0298853 0 0 
trait 3 0.3 0 0 0 0 0 0 0 
node 1 2 1 3
node 2 2 1 1
node 3 3 1 1
node 4 1 0 2
node 10 1 0 0
node 18 1 0 0
node 47 1 0 0
node 51 1 0 0
gene 2 1 4 0.348005 0 1 0.348005 1
gene 3 2 4 4.07836 0 2 4.07836 0
gene 3 3 4 8 0 3 8 1
gene 3 3 10 1.84116 0 17 1.84116 1
gene 3 10 4 7.89618 0 18 7.89618 1
gene 2 1 10 -0.852543 0 31 -0.852543 1
gene 3 2 18 0.539465 0 40 0.539465 0
gene 3 18 4 -3.51344 0 41 -3.51344 1
gene 2 2 10 2.98351 0 58 2.98351 1
gene 3 2 47 1.45903 0 137 1.45903 1
gene 3 47 18 0.465144 0 138 0.465144 0
gene 3 47 51 -2.26158 0 150 -2.26158 1
gene 3 51 18 1.5358 0 151 1.5358 1
gene 3 10 47 3.4975 0 159 3.4975 1
gene 1 2 51 0.694301 0 171 0.694301 1
genomeend 49

/* Organism #50 Fitness: 4 Error: 2 */
genomestart 50
trait 1 0.1 0 0 0 0 0 0 0 
trait 2 0.175 0 0 0 0.0714659 0.0298853 0 0 
trait 3 0.3 0 0 0 0 0 0 0 
node 1 2 1 3
node 2 3 1 1
node 3 3 1 1
node 4 1 0 2
node 10 1 0 0
node 18 1 0 0
node 47 1 0 0
node 51 1 0 0
gene 2 1 4 4.02068 0 1 4.02068 1
gene 3 2 4 5.68684 0 2 5.68684 0
gene 3 3 4 4.69872 0 3 4.69872 1
gene 3 3 10 2.6784 0 17 2.6784 1
gene 3 10 4 5.40748 0 18 5.40748 1
gene 2 1 10 -2.76457 0 31 -2.76457 1
gene 3 2 18 3.89443 0 40 3.89443 0
gene 3 18 4 0.579203 0 41 0.579203 1
gene 2 2 10 5.02161 0 58 5.02161 1
gene 3 2 47 -0.22938 0 137 -0.22938 1
gene 3 47 18 0.144396 0 138 0.144396 0
gene 3 47 51 1.79122 0 150 1.79122 1
gene 3 51 18 3.04719 0 151 3.04719 1
gene 3 10 47 1.5956 0 159 1.5956 1
gene 1 2 51 2.09494 0 171 2.09494 1
genomeend 50

/* Organism #51 Fitness: 4.00007 Error: 1.99998 */
genomestart 51
trait 1 0.1 0 0 0 0 0 0 0 
trait 2 0.175 0 0 0 0.0714659 0.0298853 0 0 
trait 3 0.3 0 0 0 0 0 0 0 
node 1 2 1 3
node 2 3 1 1
node 3 3 1 1
node 4 1 0 2
node 10 1 0 0
node 18 1 0 0
node 47 1 0 0
node 51 1 0 0
gene 2 1 4 -1.15667 0 1 -1.15667 1
gene 3 2 4 3.87716 0 2 3.87716 0
gene 3 3 4 3.68919 0 3 3.68919 1
gene 3 3 10 3.98933 0 17 3.98933 1
gene 3 10 4 1.00195 0 18 1.00195 1
gene 2 1 10 -1.61216 0 31 -1.61216 1
gene 3 2 18 1.51007 0 40 1.51007 0
gene 3 18 4 -1.95508 0 41 -1.95508 1
gene 2 2 10 2.05173 0 58 2.05173 1
gene 3 2 47 0.411775 0 137 0.411775 1
gene 3 47 18 0.966785 0 138 0.966785 0
gene 3 47 51 -1.02641 0 150 -1.02641 1
gene 3 51 18 4.93266 0 151 4.93266 1
gene 2 10 47 -0.583886 0 159 -0.583886 1
gene 1 2 51 2.2133 0 171 2.2133 1
genomeend 51

/* Organism #52 Fitness: 8.60959 Error: 1.06579 */
genomestart 52
trait 1 0.1 0 0 0 0 0 0 0 
trait 2 0.175 0 0 0 0.0714659 0.0298853 0 0 
trait 3 0.3 0 0 0 0 0 0 0 
node 1 2 1 3
node 2 3 1 1
node 3 3 1 1
node 4 1 0 2
node 10 1 0 0
node 18 1 0 0
node 47 1 0 0
node 51 1 0 0
gene 2 1 4 3.08836 0 1 3.08836 1
gene 3 2 4 6.3946 0 2 6.3946 0
gene 3 3 4 7.0524 0 3 7.0524 1
gene 3 3 10 0.650215 0 17 0.650215 1
gene 3 10 4 -1.8713 0 18 -1.8713 1
gene 2 1 10 -2.93279 0 31 -2.93279 1
gene 3 2 18 -1.19977 0 40 -1.19977 0
gene 3 18 4 -3.63531 0 41 -3.63531 1
gene 2 2 10 0.371423 0 58 0.371423 1
gene 3 2 47 2.72378 0 137 2.72378 1
gene 3 47 18 -1.95963 0 138 -1.95963 0
gene 3 47 51 1 0 150 1 1
gene 3 51 18 2.58908 0 151 2.58908 1
gene 2 10 47 -0.783372 0 159 -0.783372 1
gene 1 2 51 -2.11656 0 171 -2.11656 1
genomeend 52

/* Species #8 : (Size 9) (AF 8.35926) (Age 16)  */


/* Organism #53 Fitness: 9 Error: 1 */
genomestart 53
trait 1 0.1 0 0 0.173826 0 0 0 0 
trait 2 0.175 0 0 0 0.0714659 0.0298853 0 0 
trait 3 0.3 0 0 0 0 0 0 0 
node 1 2 1 3
node 2 3 1 1
node 3 1 1 1
node 4 1 0 2
node 10 1 0 0
gene 2 1 4 -3.41177 0 1 -3.41177 1
gene 3 2 4 8 0 2 8 1
gene 3 3 4 6.85259 0 3 6.85259 1
gene 1 3 10 -2.4187 0 17 -2.4187 1
gene 1 10 4 -0.558953 0 18 -0.558953 1
gene 2 2 10 -1.20089 0 51 -1.20089 1
gene 2 1 10 2.02543 0 84 2.02543 1
genomeend 53

/* Organism #54 Fitness: 4.00348 Error: 1.99913 */
genomestart 54
trait 1 0.1 0 0 0.173826 0 0 0 0 
trait 2 0.175 0 0 0 0.0714659 0.0298853 0 0 
trait 3 0.3 0 0 0 0 0 0 0 
node 1 2 1 3
node 2 3 1 1
node 3 1 1 1
node 4 1 0 2
node 10 1 0 0
gene 2 1 4 -3.05992 0 1 -3.05992 1
gene 3 2 4 8 0 2 8 1
gene 3 3 4 1.63146 0 3 1.63146 1
gene 1 3 10 -1.8187 0 17 -1.8187 1
gene 1 10 4 1.51056 0 18 1.51056 1
gene 2 2 10 0.117198 0 51 0.117198 1
gene 2 1 10 0.00742595 0 84 0.00742595 1
genomeend 54

/* Organism #55 Fitness: 9 Error: 1 */
genomestart 55
trait 1 0.1 0 0 0.173826 0 0 0 0 
trait 2 0.175 0 0 0 0.0714659 0.0298853 0 0 
trait 3 0.3 0 0 0 0 0 0 0 
node 1 2 1 3
node 2 3 1 1
node 3 1 1 1
node 4 1 0 2
node 10 1 0 0
gene 2 1 4 -3.35363 0 1 -3.35363 1
gene 3 2 4 7.56925 0 2 7.56925 1
gene 3 3 4 6.78913 0 3 6.78913 1
gene 1 3 10 -1.65783 0 17 -1.65783 1
gene 1 10 4 -0.236472 0 18 -0.236472 1
gene 2 2 10 -1.65402 0 51 -1.65402 1
gene 2 1 10 1.12721 0 84 1.12721 1
genomeend 55

/* Organism #56 Fitness: 9 Error: 1 */
genomestart 56
trait 1 0.1 0 0 0.173826 0 0 0 0 
trait 2 0.175 0 0 0 0.0714659 0.0298853 0 0 
trait 3 0.3 0 0 0 0 0 0 0 
node 1 2 1 3
node 2 3 1 1
node 3 1 1 1
node 4 1 0 2
node 10 1 0 0
gene 2 1 4 -3.39948 0 1 -3.39948 1
gene 3 2 4 8 0 2 8 1
gene 3 3 4 6.85259 0 3 6.85259 1
gene 1 3 10 -1.86981 0 17 -1.86981 1
gene 1 10 4 -0.558953 0 18 -0.558953 1
gene 2 2 10 -2.62945 0 51 -2.62945 1
gene 2 1 10 -0.214125 0 84 -0.214125 1
genomeend 56

/* Organism #57 Fitness: 9 Error: 1 */
genomestart 57
trait 1 0.1 0 0 0.173826 0 0 0 0 
trait 2 0.175 0 0 0 0.0714659 0.0298853 0 0 
trait 3 0.3 0 0 0 0 0 0 0 
node 1 2 1 3
node 2 3 1 1
node 3 1 1 1
node 4 1 0 2
node 10 1 0 0
gene 2 1 4 -3.35363 0 1 -3.35363 1
gene 3 2 4 7.56925 0 2 7.56925 1
gene 3 3 4 6.78913 0 3 6.78913 1
gene 1 3 10 -1.65783 0 17 -1.65783 1
gene 1 10 4 -0.236472 0 18 -0.236472 1
gene 2 2 10 -1.65402 0 51 -1.65402 1
gene 2 1 10 1.12721 0 84 1.12721 1
genomeend 57

/* Organism #58 Fitness: 8.22991 Error: 1.13122 */
genomestart 58
trait 1 0.1 0 0 0.173826 0 0 0 0 
trait 2 0.175 0 0 0 0.0714659 0.0298853 0 0 
trait 3 0.3 0 0 0 0 0 0 0 
node 1 2 1 3
node 2 3 1 1
node 3 1 1 1
node 4 1 0 2
node 10 1 0 0
gene 2 1 4 -0.383758 0 1 -0.383758 1
gene 3 2 4 7.89604 0 2 7.89604 1
gene 3 3 4 5.65146 0 3 5.65146 1
gene 1 3 10 -2.53443 0 17 -2.53443 1
gene 1 10 4 -1.86672 0 18 -1.86672 1
gene 2 2 10 1.79353 0 51 1.79353 1
gene 2 1 10 -1.99365 0 84 -1.99365 1
genomeend 58

/* Organism #59 Fitness: 8.99997 Error: 1.00001 */
genomestart 59
trait 1 0.1 0 0 0.173826 0 0 0 0 
trait 2 0.175 0 0 0 0.0714659 0.0298853 0 0 
trait 3 0.3 0 0 0 0 0 0 0 
node 1 2 1 3
node 2 3 1 1
node 3 1 1 1
node 4 1 0 2
node 10 1 0 0
gene 2 1 4 -3.25478 0 1 -3.25478 1
gene 3 2 4 5.72943 0 2 5.72943 1
gene 3 3 4 7.60814 0 3 7.60814 1
gene 1 3 10 -2.14346 0 17 -2.14346 1
gene 1 10 4 0.437938 0 18 0.437938 1
gene 2 2 10 -0.138597 0 51 -0.138597 1
gene 2 1 10 -1.6017 0 84 -1.6017 1
genomeend 59

/* Organism #60 Fitness: 8.99998 Error: 1 */
genomestart 60
trait 1 0.1 0 0 0.173826 0 0 0 0 
trait 2 0.175 0 0 0 0.0714659 0.0298853 0 0 
trait 3 0.3 0 0 0 0 0 0 0 
node 1 2 1 3
node 2 3 1 1
node 3 1 1 1
node 4 1 0 2
node 10 1 0 0
gene 2 1 4 -2.64612 0 1 -2.64612 1
gene 3 2 4 5.66254 0 2 5.66254 1
gene 3 3 4 6.43404 0 3 6.43404 1
gene 1 3 10 -0.957841 0 17 -0.957841 1
gene 1 10 4 1.46613 0 18 1.46613 1
gene 2 2 10 -0.651653 0 51 -0.651653 1
gene 2 1 10 -2.31315 0 84 -2.31315 1
genomeend 60
