
/* Species #1 : (Size 24) (AF 7.20044) (Age 13)  */


/* Organism #0 Fitness: 8.99992 Error: 1.00001 */
genomestart 0
trait 1 0.104744 0.023896 0 0.00297238 0.00870406 0 0.00793053 0.0471585 
trait 2 0.213351 0 0 0.00843135 0.0247446 0.111494 0 0.0109388 
trait 3 0.3 0 0 0 0 0 0 0 
node 1 1 1 3
node 2 3 1 1
node 3 3 1 1
node 4 1 0 2
gene 3 1 4 -3.29774 0 1 -3.29774 1
gene 2 2 4 5.5918 0 2 5.5918 1
gene 2 3 4 -6.64672 0 3 -6.64672 1
genomeend 0

/* Organism #1 Fitness: 4.05351 Error: 1.98667 */
genomestart 1
trait 1 0.104849 0.023896 0 0.00297238 0.00687947 0 0.00793053 0.041677 
trait 2 0.210123 0 0 0.00405354 0.0147516 0.226342 0 0.00525903 
trait 3 0.3 0 0 0 0 0 0 0 
node 1 2 1 3
node 2 2 1 1
node 3 3 1 1
node 4 1 0 2
gene 3 1 4 -1.35888 0 1 -1.35888 1
gene 2 2 4 6.90529 0 2 6.90529 1
gene 2 3 4 -4.69068 0 3 -4.69068 1
genomeend 1

/* Organism #2 Fitness: 8.98969 Error: 1.00172 */
genomestart 2
trait 1 0.102066 0.0252747 0 0.00222929 0.00649273 0 0.00594789 0.0417272 
trait 2 0.207861 0 0 0.00308069 0.0118965 0.218281 0 0.00399686 
trait 3 0.3 0 0 0 0 0 0 0 
node 1 1 1 3
node 2 3 1 1
node 3 3 1 1
node 4 1 0 2
gene 1 1 4 -3.4969 0 1 -3.4969 1
gene 2 2 4 4.7894 0 2 4.7894 1
gene 2 3 4 -6.58758 0 3 -6.58758 1
genomeend 2

/* Organism #3 Fitness: 8.99951 Error: 1.00008 */
genomestart 3
trait 1 0.0993173 0.0266533 0 0.00148619 0.00549779 0 0.00396526 0.0399503 
trait 2 0.204523 0 0 0 0.0057103 0.364692 0 0 
trait 3 0.3 0 0 0 0 0 0 0 
node 1 1 1 3
node 2 3 1 1
node 3 3 1 1
node 4 3 0 2
gene 3 1 4 -1.93515 0 1 -1.93515 1
gene 2 2 4 4.45063 0 2 4.45063 1
gene 2 3 4 -5.01688 0 3 -5.01688 1
genomeend 3

/* Organism #4 Fitness: 8.99987 Error: 1.00002 */
genomestart 4
trait 1 0.102101 0.0252747 0 0.00222929 0.00588453 0 0.00594789 0.0399001 
trait 2 0.206785 0 0 0.000972849 0.00856544 0.372753 0 0.00126217 
trait 3 0.3 0 0 0 0 0 0 0 
node 1 2 1 3
node 2 2 1 1
node 3 3 1 1
node 4 1 0 2
gene 3 1 4 -2.9782 0 1 -2.9782 1
gene 2 2 4 5.17293 0 2 5.17293 1
gene 2 3 4 -4.90722 0 3 -4.90722 1
genomeend 4

/* Organism #5 Fitness: 8.99999 Error: 1 */
genomestart 5
trait 1 0.104814 0.023896 0 0.00297238 0.00748767 0 0.00793053 0.0435042 
trait 2 0.211199 0 0 0.00616137 0.0180826 0.0718692 0 0.00799372 
trait 3 0.3 0 0 0 0 0 0 0 
node 1 1 1 3
node 2 3 1 1
node 3 3 1 1
node 4 1 0 2
gene 1 1 4 -3.75342 0 1 -3.75342 1
gene 3 2 4 7.38742 0 2 7.38742 1
gene 2 3 4 -6.27319 0 3 -6.27319 1
genomeend 5

/* Organism #6 Fitness: 4.00043 Error: 1.99989 */
genomestart 6
trait 1 0.104744 0.023896 0 0.00297238 0.00870406 0 0.00793053 0.0471585 
trait 2 0.213351 0 0 0.00843135 0.0247446 0.111494 0 0.0109388 
trait 3 0.3 0 0 0 0 0 0 0 
node 1 1 1 3
node 2 3 1 1
node 3 3 1 1
node 4 1 0 2
gene 3 1 4 -5.74066 0 1 -5.74066 1
gene 2 2 4 3.88554 0 2 3.88554 1
gene 2 3 4 -6.85799 0 3 -6.85799 1
genomeend 6

/* Organism #7 Fitness: 8.99986 Error: 1.00002 */
genomestart 7
trait 1 0.104885 0.023896 0 0.00297238 0.00627128 0 0.00793053 0.0398499 
trait 2 0.209047 0 0 0.0019457 0.0114206 0.380814 0 0.00252433 
trait 3 0.3 0 0 0 0 0 0 0 
node 1 2 1 3
node 2 2 1 1
node 3 3 1 1
node 4 1 0 2
gene 3 1 4 -2.66513 0 1 -2.66513 1
gene 2 2 4 4.85169 0 2 4.85169 1
gene 2 3 4 -5.08212 0 3 -5.08212 1
genomeend 7

/* Organism #8 Fitness: 8.99986 Error: 1.00002 */
genomestart 8
trait 1 0.0993173 0.0266533 0 0.00148619 0.00549779 0 0.00396526 0.0399503 
trait 2 0.204523 0 0 0 0.0057103 0.364692 0 0 
trait 3 0.3 0 0 0 0 0 0 0 
node 1 1 1 3
node 2 3 1 1
node 3 3 1 1
node 4 1 0 2
gene 3 1 4 -3.29127 0 1 -3.29127 1
gene 2 2 4 5.49416 0 2 5.49416 1
gene 2 3 4 -4.73232 0 3 -4.73232 1
genomeend 8

/* Organism #9 Fitness: 8.99992 Error: 1.00001 */
genomestart 9
trait 1 0.104744 0.023896 0 0.00297238 0.00870406 0 0.00793053 0.0471585 
trait 2 0.213351 0 0 0.00843135 0.0247446 0.111494 0 0.0109388 
trait 3 0.3 0 0 0 0 0 0 0 
node 1 1 1 3
node 2 3 1 1
node 3 3 1 1
node 4 1 0 2
gene 3 1 4 -3.29774 0 1 -3.29774 1
gene 2 2 4 5.5918 0 2 5.5918 1
gene 2 3 4 -6.64672 0 3 -6.64672 1
genomeend 9

/* Organism #10 Fitness: 1.03621 Error: 2.98206 */
genomestart 10
trait 1 0.102101 0.0252747 0 0.00222929 0.00588453 0 0.00594789 0.0399001 
trait 2 0.206785 0 0 0.000972849 0.00856544 0.372753 0 0.00126217 
trait 3 0.3 0 0 0 0 0 0 0 
node 1 1 1 3
node 2 3 1 1
node 3 3 1 1
node 4 1 0 2
gene 3 1 4 2.1172 0 1 2.1172 1
gene 2 2 4 3.23327 0 2 3.23327 1
gene 2 3 4 -2.93044 0 3 -2.93044 1
genomeend 10

/* Organism #11 Fitness: 8.99992 Error: 1.00001 */
genomestart 11
trait 1 0.104744 0.023896 0 0.00297238 0.00870406 0 0.00793053 0.0471585 
trait 2 0.213351 0 0 0.00843135 0.0247446 0.111494 0 0.0109388 
trait 3 0.3 0 0 0 0 0 0 0 
node 1 1 1 3
node 2 3 1 1
node 3 3 1 1
node 4 1 0 2
gene 3 1 4 -3.29774 0 1 -3.29774 1
gene 2 2 4 5.5918 0 2 5.5918 1
gene 2 3 4 -6.64672 0 3 -6.64672 1
genomeend 11

/* Organism #12 Fitness: 8.98782 Error: 1.00203 */
genomestart 12
trait 1 0.104885 0.023896 0 0.00297238 0.00627128 0 0.00793053 0.0398499 
trait 2 0.209047 0 0 0.0019457 0.0114206 0.380814 0 0.00252433 
trait 3 0.3 0 0 0 0 0 0 0 
node 1 2 1 3
node 2 2 1 1
node 3 3 1 1
node 4 1 0 2
gene 3 1 4 -1.80938 0 1 -1.80938 1
gene 2 2 4 3.11056 0 2 3.11056 1
gene 2 3 4 -2.98657 0 3 -2.98657 1
genomeend 12

/* Organism #13 Fitness: 3.99999 Error: 2 */
genomestart 13
trait 1 0.104849 0.023896 0 0.00297238 0.00687947 0 0.00793053 0.041677 
trait 2 0.210123 0 0 0.00405354 0.0147516 0.226342 0 0.00525903 
trait 3 0.3 0 0 0 0 0 0 0 
node 1 1 1 3
node 2 3 1 1
node 3 3 1 1
node 4 1 0 2
gene 3 1 4 -2.57405 0 1 -2.57405 1
gene 2 2 4 -1.6789 0 2 -1.6789 1
gene 2 3 4 -5.56072 0 3 -5.56072 1
genomeend 13

/* Organism #14 Fitness: 7.12593 Error: 1.33056 */
genomestart 14
trait 1 0.104744 0.023896 0 0.00297238 0.00870406 0 0.00793053 0.0471585 
trait 2 0.213351 0 0 0.00843135 0.0247446 0.111494 0 0.0109388 
trait 3 0.349143 0.150592 0.0703045 0 0 0.0919162 0 0.047763 
node 1 1 1 3
node 2 3 1 1
node 3 3 1 1
node 4 1 0 2
gene 3 1 4 -4.52585 0 1 -4.52585 1
gene 2 2 4 4.66916 0 2 4.66916 1
gene 2 3 4 -5.93135 0 3 -5.93135 1
genomeend 14

/* Organism #15 Fitness: 8.99467 Error: 1.00089 */
genomestart 15
trait 1 0.104814 0.023896 0 0.00297238 0.00748767 0 0.00793053 0.0435042 
trait 2 0.211199 0 0 0.00616137 0.0180826 0.0718692 0 0.00799372 
trait 3 0.3 0 0 0 0 0 0 0 
node 1 1 1 3
node 2 3 1 1
node 3 3 1 1
node 4 1 0 2
gene 1 1 4 -1.4498 0 1 -1.4498 1
gene 2 2 4 3.32925 0 2 3.32925 1
gene 2 3 4 -8 0 3 -8 1
genomeend 15

/* Organism #16 Fitness: 4 Error: 2 */
genomestart 16
trait 1 0.0993173 0.0266533 0 0.00148619 0.00549779 0 0.00396526 0.0399503 
trait 2 0.204523 0 0 0 0.0057103 0.364692 0 0 
trait 3 0.3 0 0 0 0 0.756966 0 0 
node 1 1 1 3
node 2 3 1 1
node 3 3 1 1
node 4 1 0 2
gene 3 1 4 -4.06742 0 1 -4.06742 1
gene 2 2 4 -1.61584 0 2 -1.61584 1
gene 2 3 4 -5.95918 0 3 -5.95918 1
genomeend 16

/* Organism #17 Fitness: 8.99986 Error: 1.00002 */
genomestart 17
trait 1 0.0993173 0.0266533 0 0.00148619 0.00549779 0 0.00396526 0.0399503 
trait 2 0.204523 0 0 0 0.0057103 0.364692 0 0 
trait 3 0.3 0 0 0 0 0 0 0 
node 1 1 1 3
node 2 3 1 1
node 3 3 1 1
node 4 1 0 2
gene 3 1 4 -3.29127 0 1 -3.29127 1
gene 2 2 4 5.49416 0 2 5.49416 1
gene 2 3 4 -4.73232 0 3 -4.73232 1
genomeend 17

/* Organism #18 Fitness: 8.99236 Error: 1.00127 */
genomestart 18
trait 1 0.104744 0.023896 0 0.00297238 0.00870406 0 0.00793053 0.0471585 
trait 2 0.213351 0 0 0.00843135 0.0247446 0.111494 0 0.0109388 
trait 3 0.3 0 0 0 0 0 0 0 
node 1 1 1 3
node 2 3 1 1
node 3 3 1 1
node 4 1 0 2
gene 3 1 4 -5.1369 0 1 -5.1369 1
gene 2 2 4 6.49023 0 2 6.49023 1
gene 2 3 4 -8 0 3 -8 1
genomeend 18

/* Organism #19 Fitness: 7.70427 Error: 1.22434 */
genomestart 19
trait 1 0.104814 0.023896 0 0.00297238 0.00748767 0 0.00793053 0.0435042 
trait 2 0.211199 0 0 0.00616137 0.0180826 0.0718692 0 0.00799372 
trait 3 0.3 0 0 0 0 0 0 0 
node 1 1 1 3
node 2 3 1 1
node 3 3 1 1
node 4 1 0 2
gene 1 1 4 -3.91284 0 1 -3.91284 1
gene 2 2 4 4.16476 0 2 4.16476 1
gene 2 3 4 -5.9858 0 3 -5.9858 1
genomeend 19

/* Organism #20 Fitness: 8.99991 Error: 1.00001 */
genomestart 20
trait 1 0.104779 0.023896 0 0.00297238 0.00809586 0 0.00793053 0.0453313 
trait 2 0.212275 0 0 0.00729636 0.0214136 0.0916814 0 0.00946625 
trait 3 0.3 0 0 0 0 0 0 0 
node 1 1 1 3
node 2 3 1 1
node 3 3 1 1
node 4 1 0 2
gene 1 1 4 -2.98305 0 1 -2.98305 1
gene 2 2 4 5.24616 0 2 5.24616 1
gene 2 3 4 -6.34302 0 3 -6.34302 1
genomeend 20

/* Organism #21 Fitness: 4.65714 Error: 1.84196 */
genomestart 21
trait 1 0.104779 0.023896 0 0.00297238 0.00809586 0 0.00793053 0.0453313 
trait 2 0.212275 0 0 0.00729636 0.0214136 0.0916814 0 0.00946625 
trait 3 0.3 0 0 0 0 0 0 0 
node 1 1 1 3
node 2 3 1 1
node 3 3 1 1
node 4 1 0 2
gene 1 1 4 -3.6342 0 1 -3.6342 1
gene 2 2 4 3.29448 0 2 3.29448 1
gene 2 3 4 -6.4669 0 3 -6.4669 1
genomeend 21

/* Organism #22 Fitness: 4.00003 Error: 1.99999 */
genomestart 22
trait 1 0.102066 0.0252747 0 0.00222929 0.00649273 0 0.00594789 0.0417272 
trait 2 0.207861 0 0 0.00308069 0.0118965 0.218281 0 0.00399686 
trait 3 0.3 0 0 0 0 0 0 0 
node 1 1 1 3
node 2 3 1 1
node 3 3 1 1
node 4 1 0 2
gene 3 1 4 -3.29127 0 1 -3.29127 1
gene 2 2 4 6.03429 0 2 6.03429 1
gene 2 3 4 0.931096 0 3 0.931096 1
genomeend 22

/* Organism #23 Fitness: 6.26998 Error: 1.49601 */
genomestart 23
trait 1 0.104885 0.023896 0 0.00297238 0.00627128 0 0.00793053 0.0398499 
trait 2 0.209047 0 0 0.0019457 0.0114206 0.380814 0 0.00252433 
trait 3 0.3 0 0 0 0 0 0 0 
node 1 2 1 3
node 2 2 1 1
node 3 3 1 1
node 4 1 0 2
gene 3 1 4 -1.20268 0 1 -1.20268 1
gene 2 2 4 6.10902 0 2 6.10902 1
gene 2 3 4 -4.91175 0 3 -4.91175 1
genomeend 23

/* Species #2 : (Size 19) (AF 5.97591) (Age 9)  */


/* Organism #24 Fitness: 8.99119 Error: 1.00147 */
genomestart 24
trait 1 0.117582 0.0110289 0 0.00594476 0.00663718 0 0.0158611 0.0296362 
trait 2 0.212062 0 0 0.00518853 0.0152275 0.00147182 0 0.00673156 
trait 3 0.3 0 0 0 0 0 0 0 
node 1 2 1 3
node 2 3 1 1
node 3 2 1 1
node 4 1 0 2
node 10 1 0 0
gene 2 1 4 2.41732 0 1 2.41732 1
gene 1 2 4 3.50091 0 2 3.50091 1
gene 3 3 4 -0.242543 0 3 -0.242543 0
gene 3 3 10 -4.44546 0 14 -4.44546 1
gene 3 10 4 -7.49173 0 15 -7.49173 1
genomeend 24

/* Organism #25 Fitness: 5.65233 Error: 1.62254 */
genomestart 25
trait 1 0.117582 0.0110289 0 0.00594476 0.00663718 0 0.0158611 0.0296362 
trait 2 0.212062 0 0 0.00518853 0.0152275 0.00147182 0 0.00673156 
trait 3 0.3 0 0 0 0 0 0 0 
node 1 1 1 3
node 2 3 1 1
node 3 2 1 1
node 4 1 0 2
node 10 1 0 0
gene 2 1 4 2.91191 0 1 2.91191 1
gene 3 2 4 2.63568 0 2 2.63568 1
gene 3 3 4 0.715917 0 3 0.715917 0
gene 3 3 10 -1.68932 0 14 -1.68932 1
gene 3 10 4 -5.62061 0 15 -5.62061 1
genomeend 25

/* Organism #26 Fitness: 8.99101 Error: 1.0015 */
genomestart 26
trait 1 0.115384 0.00965032 0 0.00520167 0.00580753 0 0.0138784 0.0259317 
trait 2 0.210555 0 0 0.00453996 0.013324 0.00128784 0 0.00589011 
trait 3 0.34375 0 0 0 0.0156585 0 0 0 
node 1 1 1 3
node 2 3 1 1
node 3 2 1 1
node 4 1 0 2
node 10 1 0 0
gene 2 1 4 2.41732 0 1 2.41732 1
gene 3 2 4 3.32627 0 2 3.32627 1
gene 3 3 4 -0.242543 0 3 -0.242543 0
gene 3 3 10 -4.44546 0 14 -4.44546 1
gene 3 10 4 -7.49173 0 15 -7.49173 1
genomeend 26

/* Organism #27 Fitness: 1.18273 Error: 2.91246 */
genomestart 27
trait 1 0.113186 0.00827171 0 0.00445857 0.00497788 0 0.0118958 0.0222272 
trait 2 0.209047 0 0 0.00389139 0.0114206 0.00110386 0 0.00504867 
trait 3 0.0434849 0 0.0238948 0 0.483072 0 0 0.535612 
node 1 1 1 3
node 2 3 1 1
node 3 2 1 1
node 4 1 0 2
node 10 1 0 0
gene 2 1 4 3.93091 0 1 3.93091 1
gene 3 2 4 -1.77643 0 2 -1.77643 1
gene 3 3 4 -2.84191 0 3 -2.84191 0
gene 3 3 10 -4.01497 0 14 -4.01497 1
gene 3 10 4 -6.90097 0 15 -6.90097 1
genomeend 27

/* Organism #28 Fitness: 4.38928 Error: 1.90494 */
genomestart 28
trait 1 0.115384 0.00965032 0 0.00520167 0.00580753 0 0.0138784 0.0259317 
trait 2 0.210555 0 0 0.00453996 0.013324 0.00128784 0 0.00589011 
trait 3 0.34375 0 0 0 0.0156585 0 0 0 
node 1 1 1 3
node 2 3 1 1
node 3 3 1 1
node 4 1 0 2
node 10 1 0 0
gene 2 1 4 4.39904 0 1 4.39904 1
gene 3 2 4 3.50941 0 2 3.50941 1
gene 3 3 4 1.81824 0 3 1.81824 0
gene 3 3 10 -3.14045 0 14 -3.14045 1
gene 3 10 4 -7.88287 0 15 -7.88287 1
genomeend 28

/* Organism #29 Fitness: 4.11996 Error: 1.97023 */
genomestart 29
trait 1 0.115384 0.00965032 0 0.00520167 0.00580753 0 0.0138784 0.0259317 
trait 2 0.210555 0 0 0.00453996 0.013324 0.00128784 0 0.00589011 
trait 3 0.34375 0 0 0 0.0156585 0 0 0 
node 1 1 1 3
node 2 3 1 1
node 3 2 1 1
node 4 1 0 2
node 10 1 0 0
gene 2 1 4 4.14333 0 1 4.14333 1
gene 3 2 4 2.30507 0 2 2.30507 1
gene 3 3 4 -1.23204 0 3 -1.23204 0
gene 3 3 10 -0.532473 0 14 -0.532473 1
gene 3 10 4 -6.8716 0 15 -6.8716 1
genomeend 29

/* Organism #30 Fitness: 4.09457 Error: 1.97649 */
genomestart 30
trait 1 0.117582 0.0110289 0 0.00594476 0.00663718 0 0.0158611 0.0296362 
trait 2 0.212062 0 0 0.00518853 0.0152275 0.00147182 0 0.00673156 
trait 3 0.3 0 0 0 0 0 0 0 
node 1 1 1 3
node 2 3 1 1
node 3 2 1 1
node 4 1 0 2
node 10 1 0 0
gene 2 1 4 3.60558 0 1 3.60558 1
gene 3 2 4 2.57557 0 2 2.57557 1
gene 3 3 4 -3.22994 0 3 -3.22994 0
gene 3 3 10 -2.83407 0 14 -2.83407 1
gene 3 10 4 -5.69755 0 15 -5.69755 1
genomeend 30

/* Organism #31 Fitness: 6.89896 Error: 1.37341 */
genomestart 31
trait 1 0.117582 0.0110289 0 0.00594476 0.00663718 0 0.0158611 0.0296362 
trait 2 0.212062 0 0 0.00518853 0.0152275 0.00147182 0 0.00673156 
trait 3 0.3 0 0 0 0 0 0 0 
node 1 1 1 3
node 2 3 1 1
node 3 2 1 1
node 4 1 0 2
node 10 1 0 0
gene 2 1 4 2.7436 0 1 2.7436 1
gene 3 2 4 2.07063 0 2 2.07063 1
gene 3 3 4 1.26955 0 3 1.26955 0
gene 3 3 10 -0.749808 0 14 -0.749808 1
gene 3 10 4 -5.69755 0 15 -5.69755 1
genomeend 31

/* Organism #32 Fitness: 3.46674 Error: 2.13808 */
genomestart 32
trait 1 0.115384 0.00965032 0 0.00520167 0.00580753 0 0.0138784 0.0259317 
trait 2 0.210555 0 0 0.00453996 0.013324 0.00128784 0 0.00589011 
trait 3 0.34375 0 0 0 0.0156585 0 0 0 
node 1 1 1 3
node 2 3 1 1
node 3 2 1 1
node 4 1 0 2
node 10 1 0 0
gene 2 1 4 0.277755 0 1 0.277755 1
gene 3 2 4 3.17647 0 2 3.17647 1
gene 3 3 4 -2.44388 0 3 -2.44388 0
gene 3 3 10 -1.98848 0 14 -1.98848 1
gene 3 10 4 -7.98959 0 15 -7.98959 1
genomeend 32

/* Organism #33 Fitness: 8.98853 Error: 1.00191 */
genomestart 33
trait 1 0.115384 0.00965032 0 0.00520167 0.00580753 0 0.0138784 0.0259317 
trait 2 0.210555 0 0 0.00453996 0.013324 0.00128784 0 0.00589011 
trait 3 0.34375 0 0 0 0.0156585 0 0 0 
node 1 1 1 3
node 2 3 1 1
node 3 2 1 1
node 4 1 0 2
node 10 1 0 0
gene 2 1 4 1.71233 0 1 1.71233 1
gene 3 2 4 3.32627 0 2 3.32627 1
gene 3 3 4 -0.942406 0 3 -0.942406 0
gene 3 3 10 -2.83407 0 14 -2.83407 1
gene 3 10 4 -6.02658 0 15 -6.02658 1
genomeend 33

/* Organism #34 Fitness: 8.97917 Error: 1.00347 */
genomestart 34
trait 1 0.113186 0.00827171 0 0.00445857 0.00497788 0 0.0118958 0.0222272 
trait 2 0.209047 0 0 0.00389139 0.0114206 0.00110386 0 0.00504867 
trait 3 0.3875 0 0 0 0.0313171 0 0 0 
node 1 1 1 3
node 2 3 1 1
node 3 2 1 1
node 4 1 0 2
node 10 1 0 0
gene 2 1 4 2.33713 0 1 2.33713 1
gene 3 2 4 2.59194 0 2 2.59194 1
gene 3 3 4 -0.248894 0 3 -0.248894 0
gene 3 3 10 -5.10916 0 14 -5.10916 1
gene 3 10 4 -7.17528 0 15 -7.17528 1
genomeend 34

/* Organism #35 Fitness: 8.98681 Error: 1.0022 */
genomestart 35
trait 1 0.117582 0.0110289 0 0.00594476 0.00663718 0 0.0158611 0.0296362 
trait 2 0.212062 0 0 0.00518853 0.0152275 0.00147182 0 0.00673156 
trait 3 0.3 0 0 0 0 0 0 0 
node 1 1 1 3
node 2 3 1 1
node 3 2 1 1
node 4 1 0 2
node 10 1 0 0
gene 2 1 4 1.55812 0 1 1.55812 1
gene 3 2 4 5.08048 0 2 5.08048 1
gene 3 3 4 0.0574982 0 3 0.0574982 0
gene 3 3 10 -2.80048 0 14 -2.80048 1
gene 3 10 4 -5.69755 0 15 -5.69755 1
genomeend 35

/* Organism #36 Fitness: 8.91192 Error: 1.01472 */
genomestart 36
trait 1 0.113186 0.00827171 0 0.00445857 0.00497788 0 0.0118958 0.0222272 
trait 2 0.209047 0 0 0.00389139 0.0114206 0.00110386 0 0.00504867 
trait 3 0.3875 0 0 0 0.0313171 0 0 0 
node 1 1 1 3
node 2 3 1 1
node 3 2 1 1
node 4 1 0 2
node 10 1 0 0
gene 2 1 4 0.854292 0 1 0.854292 1
gene 3 2 4 4.4216 0 2 4.4216 1
gene 3 3 4 -2.71354 0 3 -2.71354 0
gene 3 3 10 -2.65607 0 14 -2.65607 1
gene 3 10 4 -6.24787 0 15 -6.24787 1
genomeend 36

/* Organism #37 Fitness: 3.00708 Error: 2.26591 */
genomestart 37
trait 1 0.113186 0.00827171 0 0.00445857 0.00497788 0 0.0118958 0.0222272 
trait 2 0.209047 0 0 0.00389139 0.0114206 0.00110386 0 0.00504867 
trait 3 0.3875 0 0 0 0.0313171 0 0 0 
node 1 1 1 3
node 2 3 1 1
node 3 2 1 1
node 4 1 0 2
node 10 1 0 0
gene 2 1 4 0.202852 0 1 0.202852 1
gene 3 2 4 4.55728 0 2 4.55728 1
gene 3 3 4 -1.57064 0 3 -1.57064 0
gene 3 3 10 -2.39937 0 14 -2.39937 1
gene 3 10 4 1.92153 0 15 1.92153 1
genomeend 37

/* Organism #38 Fitness: 4.00001 Error: 2 */
genomestart 38
trait 1 0.117582 0.0110289 0 0.00594476 0.00663718 0 0.0158611 0.0296362 
trait 2 0.212062 0 0 0.00518853 0.0152275 0.00147182 0 0.00673156 
trait 3 0.3 0 0 0 0 0 0 0 
node 1 2 1 3
node 2 3 1 1
node 3 2 1 1
node 4 1 0 2
node 10 1 0 0
gene 2 1 4 3.52069 0 1 3.52069 1
gene 3 2 4 2.87591 0 2 2.87591 1
gene 3 3 4 -0.770443 0 3 -0.770443 0
gene 3 3 10 -2.10536 0 14 -2.10536 1
gene 3 10 4 -1.76005 0 15 -1.76005 1
genomeend 38

/* Organism #39 Fitness: 5.17338 Error: 1.72549 */
genomestart 39
trait 1 0.117582 0.0110289 0 0.00594476 0.00663718 0 0.0158611 0.0296362 
trait 2 0.212062 0 0 0.00518853 0.0152275 0.00147182 0 0.00673156 
trait 3 0.3 0 0 0 0 0 0 0 
node 1 1 1 3
node 2 3 1 1
node 3 2 1 1
node 4 1 0 2
node 10 1 0 0
gene 2 1 4 -0.195583 0 1 -0.195583 1
gene 1 2 4 5.05403 0 2 5.05403 1
gene 3 3 4 -0.138436 0 3 -0.138436 0
gene 3 3 10 -4.75829 0 14 -4.75829 1
gene 3 10 4 -7.13923 0 15 -7.13923 1
genomeend 39

/* Organism #40 Fitness: 7.27871 Error: 1.30209 */
genomestart 40
trait 1 0.117582 0.0110289 0 0.00594476 0.00663718 0 0.0158611 0.0296362 
trait 2 0.212062 0 0 0.00518853 0.0152275 0.00147182 0 0.00673156 
trait 3 0.3 0 0 0 0 0 0 0 
node 1 1 1 3
node 2 3 1 1
node 3 2 1 1
node 4 3 0 2
node 10 1 0 0
gene 2 1 4 3.8269 0 1 3.8269 1
gene 3 2 4 2.99772 0 2 2.99772 1
gene 3 3 4 -2.64361 0 3 -2.64361 0
gene 3 3 10 -5.09849 0 14 -5.09849 1
gene 3 10 4 -7.9939 0 15 -7.9939 1
genomeend 40

/* Organism #41 Fitness: 8.98758 Error: 1.00207 */
genomestart 41
trait 1 0.117582 0.0110289 0 0.00594476 0.00663718 0 0.0158611 0.0296362 
trait 2 0.212062 0 0 0.00518853 0.0152275 0.00147182 0 0.00673156 
trait 3 0.3 0 0 0 0 0 0 0 
node 1 1 1 3
node 2 3 1 1
node 3 2 1 1
node 4 1 0 2
node 10 1 0 0
gene 2 1 4 1.34299 0 1 1.34299 1
gene 3 2 4 3.32627 0 2 3.32627 1
gene 3 3 4 -0.942406 0 3 -0.942406 0
gene 3 3 10 -2.83407 0 14 -2.83407 1
gene 3 10 4 -5.69755 0 15 -5.69755 1
genomeend 41

/* Organism #42 Fitness: 1.44225 Error: 2.79906 */
genomestart 42
trait 1 0.117582 0.0110289 0 0.00594476 0.00663718 0 0.0158611 0.0296362 
trait 2 0.212062 0 0 0.00518853 0.0152275 0.00147182 0 0.00673156 
trait 3 0.3 0 0 0 0 0 0 0 
node 1 1 1 3
node 2 3 1 1
node 3 2 1 1
node 4 1 0 2
node 10 1 0 0
gene 2 1 4 -0.311464 0 1 -0.311464 1
gene 3 2 4 1.07459 0 2 1.07459 1
gene 3 3 4 -3.04828 0 3 -3.04828 0
gene 3 3 10 -3.90936 0 14 -3.90936 1
gene 3 10 4 -4.48231 0 15 -4.48231 1
genomeend 42

/* Species #3 : (Size 19) (AF 5.29908) (Age 9)  */


/* Organism #43 Fitness: 8.99932 Error: 1.00011 */
genomestart 43
trait 1 0.318384 0 0 0 0 0.159603 0.329385 0 
trait 2 0.2 0 0 0 0 0 0 0 
trait 3 0.3 0 0 0 0 0 0 0 
node 1 2 1 3
node 2 3 1 1
node 3 3 1 1
node 4 3 0 2
node 11 1 0 0
gene 2 1 4 -3.23841 0 1 -3.23841 1
gene 3 2 4 1.15441 0 2 1.15441 1
gene 1 3 4 -3.99024 0 3 -3.99024 1
gene 3 2 11 3.59899 0 16 3.59899 1
gene 3 11 4 4.02712 0 17 4.02712 1
gene 1 1 11 -2.45391 0 40 -2.45391 1
genomeend 43

/* Organism #44 Fitness: 5.41412 Error: 1.67317 */
genomestart 44
trait 1 0.318384 0 0 0 0 0.159603 0.329385 0 
trait 2 0.2 0 0 0 0 0 0 0 
trait 3 0.3 0 0 0 0 0 0 0 
node 1 2 1 3
node 2 3 1 1
node 3 3 1 1
node 4 3 0 2
node 11 1 0 0
gene 2 1 4 -0.599509 0 1 -0.599509 1
gene 3 2 4 1.15441 0 2 1.15441 1
gene 1 3 4 -0.500242 0 3 -0.500242 1
gene 3 2 11 0.106121 0 16 0.106121 1
gene 3 11 4 2.32392 0 17 2.32392 1
gene 1 1 11 -3.30508 0 40 -3.30508 1
genomeend 44

/* Organism #45 Fitness: 8.9331 Error: 1.01117 */
genomestart 45
trait 1 0.250139 0 0 0 0 0.109727 0.226452 0 
trait 2 0.2 0 0 0 0 0 0 0 
trait 3 0.3 0 0 0 0 0 0 0 
node 1 2 1 3
node 2 3 1 1
node 3 3 1 1
node 4 3 0 2
node 11 1 0 0
gene 2 1 4 -3.26882 0 1 -3.26882 1
gene 3 2 4 0.437035 0 2 0.437035 0
gene 1 3 4 -2.75058 0 3 -2.75058 1
gene 3 2 11 2.61851 0 16 2.61851 1
gene 3 11 4 4.18892 0 17 4.18892 1
gene 1 1 11 -1.33456 0 40 -1.33456 1
genomeend 45

/* Organism #46 Fitness: 8.99136 Error: 1.00144 */
genomestart 46
trait 1 0.222841 0 0 0 0 0.0897765 0.185279 0 
trait 2 0.2 0 0 0 0 0 0 0 
trait 3 0.3 0 0 0 0 0 0 0 
node 1 2 1 3
node 2 3 1 1
node 3 3 1 1
node 4 3 0 2
node 11 1 0 0
gene 2 1 4 -2.07505 0 1 -2.07505 1
gene 3 2 4 -2.12512 0 2 -2.12512 0
gene 1 3 4 -4.31023 0 3 -4.31023 1
gene 3 2 11 4.28271 0 16 4.28271 1
gene 3 11 4 3.40928 0 17 3.40928 1
gene 1 1 11 -2.5258 0 40 -2.5258 1
gene 3 3 11 0.392314 0 57 0.392314 1
genomeend 46

/* Organism #47 Fitness: 4 Error: 2 */
genomestart 47
trait 1 0.270613 0 0 0 0 0.12469 0.257332 0 
trait 2 0.2 0 0 0 0 0 0 0 
trait 3 0.3 0 0 0 0 0 0 0 
node 1 2 1 3
node 2 3 1 1
node 3 3 1 1
node 4 3 0 2
node 11 1 0 0
gene 2 1 4 -1.85555 0 1 -1.85555 1
gene 3 2 4 -1.69886 0 2 -1.69886 0
gene 1 3 4 -5.45036 0 3 -5.45036 1
gene 3 2 11 -0.560843 0 16 -0.560843 1
gene 3 11 4 2.45159 0 17 2.45159 1
gene 1 1 11 -3.75957 0 40 -3.75957 1
genomeend 47

/* Organism #48 Fitness: 4 Error: 2 */
genomestart 48
trait 1 0.222841 0 0 0 0 0.0897765 0.185279 0 
trait 2 0.2 0 0 0 0 0 0 0 
trait 3 0.3 0 0 0 0 0 0 0 
node 1 2 1 3
node 2 3 1 1
node 3 3 1 1
node 4 3 0 2
node 11 1 0 0
gene 2 1 4 -1.99222 0 1 -1.99222 1
gene 3 2 4 2.49043 0 2 2.49043 0
gene 1 3 4 -0.738512 0 3 -0.738512 1
gene 3 2 11 0.155343 0 16 0.155343 1
gene 3 11 4 4.99911 0 17 4.99911 1
gene 1 1 11 -2.12969 0 40 -2.12969 1
gene 3 3 11 -1.77332 0 57 -1.77332 1
genomeend 48

/* Organism #49 Fitness: 4 Error: 2 */
genomestart 49
trait 1 0.270613 0 0 0 0 0.12469 0.257332 0 
trait 2 0.2 0 0 0 0 0 0 0 
trait 3 0.3 0 0 0 0 0 0 0 
node 1 2 1 3
node 2 3 1 1
node 3 3 1 1
node 4 3 0 2
node 11 1 0 0
gene 2 1 4 -4.57931 0 1 -4.57931 1
gene 3 2 4 1.07266 0 2 1.07266 0
gene 1 3 4 -1.09664 0 3 -1.09664 1
gene 3 2 11 -0.228761 0 16 -0.228761 1
gene 3 11 4 4.49135 0 17 4.49135 1
gene 1 1 11 -2.35265 0 40 -2.35265 1
genomeend 49

/* Organism #50 Fitness: 4.05845 Error: 1.98544 */
genomestart 50
trait 1 0.297911 0 0 0 0 0.14464 0.298505 0 
trait 2 0.2 0 0 0 0 0 0 0 
trait 3 0.3 0 0 0 0 0 0 0 
node 1 2 1 3
node 2 3 1 1
node 3 3 1 1
node 4 3 0 2
node 11 1 0 0
gene 2 1 4 -2.71068 0 1 -2.71068 1
gene 3 2 4 0.0650301 0 2 0.0650301 1
gene 1 3 4 -2.952 0 3 -2.952 1
gene 3 2 11 1.56489 0 16 1.56489 1
gene 3 11 4 3.76391 0 17 3.76391 1
gene 1 1 11 0.537637 0 40 0.537637 1
genomeend 50

/* Organism #51 Fitness: 8.93959 Error: 1.01008 */
genomestart 51
trait 1 0.270613 0 0 0 0 0.12469 0.257332 0 
trait 2 0.2 0 0 0 0 0 0 0 
trait 3 0.3 0 0 0 0 0 0 0 
node 1 2 1 3
node 2 3 1 1
node 3 3 1 1
node 4 3 0 2
node 11 1 0 0
gene 2 1 4 -3.34109 0 1 -3.34109 1
gene 3 2 4 1.15441 0 2 1.15441 0
gene 1 3 4 -2.25471 0 3 -2.25471 1
gene 3 2 11 2.22632 0 16 2.22632 1
gene 3 11 4 4.31873 0 17 4.31873 1
gene 1 1 11 -0.886824 0 40 -0.886824 1
genomeend 51

/* Organism #52 Fitness: 4 Error: 2 */
genomestart 52
trait 1 0.318384 0 0 0 0 0.159603 0.329385 0 
trait 2 0.2 0 0 0 0 0 0 0 
trait 3 0.3 0 0 0 0 0 0 0 
node 1 2 1 3
node 2 3 1 1
node 3 3 1 1
node 4 3 0 2
node 11 1 0 0
gene 2 1 4 -2.7601 0 1 -2.7601 1
gene 3 2 4 3.59748 0 2 3.59748 1
gene 1 3 4 -2.35238 0 3 -2.35238 1
gene 3 2 11 5.03314 0 16 5.03314 1
gene 3 11 4 4.3456 0 17 4.3456 1
gene 1 1 11 -1.52543 0 40 -1.52543 1
genomeend 52

/* Organism #53 Fitness: 4.03628 Error: 1.99095 */
genomestart 53
trait 1 0.250139 0 0 0 0 0.109727 0.226452 0 
trait 2 0.2 0 0 0 0 0 0 0 
trait 3 0.3 0 0 0 0 0 0 0 
node 1 2 1 3
node 2 3 1 1
node 3 3 1 1
node 4 3 0 2
node 11 1 0 0
gene 2 1 4 -4.64003 0 1 -4.64003 1
gene 3 2 4 0.102451 0 2 0.102451 0
gene 1 3 4 -2.11961 0 3 -2.11961 1
gene 3 2 11 2.92751 0 16 2.92751 1
gene 3 11 4 3.68644 0 17 3.68644 1
gene 1 1 11 -0.597378 0 40 -0.597378 1
genomeend 53

/* Organism #54 Fitness: 4.12302 Error: 1.96948 */
genomestart 54
trait 1 0.318384 0 0 0 0 0.159603 0.329385 0 
trait 2 0.2 0 0 0 0 0 0 0 
trait 3 0.3 0 0 0 0 0 0 0 
node 1 2 1 3
node 2 3 1 1
node 3 3 1 1
node 4 3 0 2
node 11 1 0 0
gene 2 1 4 -2.84541 0 1 -2.84541 1
gene 3 2 4 -2.35279 0 2 -2.35279 1
gene 1 3 4 -2.04354 0 3 -2.04354 1
gene 3 2 11 5.62889 0 16 5.62889 1
gene 3 11 4 4.55673 0 17 4.55673 1
gene 1 1 11 -0.0650093 0 40 -0.0650093 1
genomeend 54

/* Organism #55 Fitness: 9.00601 Error: 0.998999 */
genomestart 55
trait 1 0.222841 0 0 0 0 0.25069 0 0 
trait 2 0.2 0 0 0 0 0 0 0 
trait 3 0.3 0 0 0 0 0 0 0 
node 1 2 1 3
node 2 3 1 1
node 3 3 1 1
node 4 3 0 2
node 11 1 0 0
gene 2 1 4 -2.38213 0 1 -2.38213 1
gene 3 2 4 -0.520063 0 2 -0.520063 1
gene 1 3 4 -2.43525 0 3 -2.43525 1
gene 3 2 11 3.70544 0 16 3.70544 1
gene 3 11 4 6.72145 0 17 6.72145 1
gene 1 1 11 -1.41269 0 40 -1.41269 1
gene 2 3 11 2.88647 0 57 2.88647 1
genomeend 55

/* Organism #56 Fitness: 1.10763 Error: 2.94756 */
genomestart 56
trait 1 0.270613 0 0 0 0 0.12469 0.257332 0 
trait 2 0.2 0 0 0 0 0 0 0 
trait 3 0.3 0 0 0 0 0 0 0 
node 1 2 1 3
node 2 3 1 1
node 3 3 1 1
node 4 3 0 2
node 11 1 0 0
gene 2 1 4 0.584236 0 1 0.584236 1
gene 3 2 4 1.44406 0 2 1.44406 0
gene 1 3 4 -3.99024 0 3 -3.99024 1
gene 3 2 11 4.86893 0 16 4.86893 1
gene 3 11 4 5.16469 0 17 5.16469 1
gene 1 1 11 -1.44411 0 40 -1.44411 1
genomeend 56

/* Organism #57 Fitness: 4 Error: 2 */
genomestart 57
trait 1 0.222841 0 0 0 0 0.0897765 0.185279 0 
trait 2 0.2 0 0 0 0 0 0 0 
trait 3 0.3 0 0 0 0 0 0 0 
node 1 2 1 3
node 2 3 1 1
node 3 3 1 1
node 4 3 0 2
node 11 1 0 0
gene 2 1 4 -4.38132 0 1 -4.38132 1
gene 3 2 4 2.12091 0 2 2.12091 0
gene 1 3 4 -1.55965 0 3 -1.55965 1
gene 3 2 11 0.663606 0 16 0.663606 1
gene 3 11 4 -2.39929 0 17 -2.39929 1
gene 1 1 11 -1.72419 0 40 -1.72419 1
gene 3 3 11 -1.86572 0 57 -1.86572 1
genomeend 57

/* Organism #58 Fitness: 1.82887 Error: 2.64764 */
genomestart 58
trait 1 0.250139 0 0 0 0 0.109727 0.226452 0 
trait 2 0.2 0 0 0 0 0 0 0 
trait 3 0.227275 0 0 0.0576752 0 0 0 0.480324 
node 1 2 1 3
node 2 3 1 1
node 3 3 1 1
node 4 3 0 2
node 11 1 0 0
gene 2 1 4 -0.0619175 0 1 -0.0619175 1
gene 3 2 4 2.71292 0 2 2.71292 0
gene 1 3 4 -1.14096 0 3 -1.14096 1
gene 3 2 11 3.39911 0 16 3.39911 1
gene 3 11 4 5.12974 0 17 5.12974 1
gene 1 1 11 -0.659824 0 40 -0.659824 1
genomeend 58

/* Organism #59 Fitness: 4.00567 Error: 1.99858 */
genomestart 59
trait 1 0.250139 0 0 0 0 0.109727 0.226452 0 
trait 2 0.2 0 0 0 0 0 0 0 
trait 3 0.3 0 0 0 0 0 0 0 
node 1 2 1 3
node 2 3 1 1
node 3 3 1 1
node 4 3 0 2
node 11 1 0 0
gene 2 1 4 -3.34109 0 1 -3.34109 1
gene 3 2 4 0.595364 0 2 0.595364 0
gene 1 3 4 -3.78469 0 3 -3.78469 1
gene 3 2 11 4.33131 0 16 4.33131 1
gene 3 11 4 2.00968 0 17 2.00968 1
gene 1 1 11 -0.157167 0 40 -0.157167 1
genomeend 59

/* Organism #60 Fitness: 7.23908 Error: 1.30945 */
genomestart 60
trait 1 0.270613 0 0 0 0 0.12469 0.257332 0 
trait 2 0.2 0 0 0 0 0 0 0 
trait 3 0.3 0 0 0 0 0 0 0 
node 1 2 1 3
node 2 3 1 1
node 3 3 1 1
node 4 3 0 2
node 11 1 0 0
gene 2 1 4 -0.514661 0 1 -0.514661 1
gene 3 2 4 0.719449 0 2 0.719449 0
gene 1 3 4 -3.05192 0 3 -3.05192 1
gene 3 2 11 3.52343 0 16 3.52343 1
gene 3 11 4 0.755979 0 17 0.755979 1
gene 1 1 11 -2.3806 0 40 -2.3806 1
genomeend 60

/* Organism #61 Fitness: 4 Error: 2 */
genomestart 61
trait 1 0.270613 0 0 0 0 0.12469 0.257332 0 
trait 2 0.2 0 0 0 0 0 0 0 
trait 3 0.3 0 0 0 0 0 0 0 
node 1 2 1 3
node 2 3 1 1
node 3 3 1 1
node 4 3 0 2
node 11 1 0 0
gene 2 1 4 -3.4704 0 1 -3.4704 1
gene 3 2 4 1.03261 0 2 1.03261 0
gene 1 3 4 -5.58577 0 3 -5.58577 1
gene 3 2 11 4.98415 0 16 4.98415 1
gene 3 11 4 -0.00141092 0 17 -0.00141092 1
gene 1 1 11 -0.314527 0 40 -0.314527 1
genomeend 61

/* Species #4 : (Size 16) (AF 6.48569) (Age 8)  */


/* Organism #62 Fitness: 8.9935 Error: 1.00108 */
genomestart 62
trait 1 0.410815 0.058821 0 0.0951162 0.0094486 0 0.253777 0.0801015 
trait 2 0.248249 0 0 0.0207541 0.0609098 0.00588727 0 0.0269262 
trait 3 0.3 0 0 0 0 0 0 0 
node 1 2 1 3
node 2 3 1 1
node 3 3 1 1
node 4 3 0 2
node 12 1 0 0
gene 3 1 4 -2.49951 0 1 -2.49951 1
gene 1 2 4 -5.45602 0 2 -5.45602 1
gene 1 3 4 4.75575 0 3 4.75575 1
gene 1 2 12 1.18796 0 18 1.18796 1
gene 1 12 4 -1.34463 0 19 -1.34463 1
gene 2 3 12 0.122956 0 70 0.122956 1
genomeend 62

/* Organism #63 Fitness: 8.90989 Error: 1.01506 */
genomestart 63
trait 1 0.410815 0.058821 0 0.0951162 0.0094486 0 0.253777 0.0801015 
trait 2 0.248249 0 0 0.0207541 0.0609098 0.00588727 0 0.0269262 
trait 3 0.3 0 0 0 0 0 0 0 
node 1 2 1 3
node 2 3 1 1
node 3 3 1 1
node 4 3 0 2
node 12 1 0 0
gene 3 1 4 -3.54978 0 1 -3.54978 1
gene 1 2 4 -4.68478 0 2 -4.68478 1
gene 1 3 4 3.13358 0 3 3.13358 1
gene 1 2 12 -0.436117 0 18 -0.436117 1
gene 1 12 4 4.89789 0 19 4.89789 1
gene 2 3 12 0.794145 0 70 0.794145 1
genomeend 63

/* Organism #64 Fitness: 3.91519 Error: 2.02132 */
genomestart 64
trait 1 0.410815 0.058821 0 0.0951162 0.0094486 0 0.253777 0.0801015 
trait 2 0.248249 0 0 0.0207541 0.0609098 0.00588727 0 0.0269262 
trait 3 0.3 0 0 0 0 0 0 0 
node 1 2 1 3
node 2 3 1 1
node 3 3 1 1
node 4 3 0 2
node 12 1 0 0
gene 3 1 4 -2.49951 0 1 -2.49951 1
gene 1 2 4 -5.45602 0 2 -5.45602 1
gene 1 3 4 3.13358 0 3 3.13358 1
gene 1 2 12 1.18796 0 18 1.18796 1
gene 1 12 4 4.89789 0 19 4.89789 1
gene 2 3 12 0.122956 0 70 0.122956 1
genomeend 64

/* Organism #65 Fitness: 7.83257 Error: 1.20133 */
genomestart 65
trait 1 0.410815 0.058821 0 0.0951162 0.0094486 0 0.253777 0.0801015 
trait 2 0.248249 0 0 0.0207541 0.0609098 0.00588727 0 0.0269262 
trait 3 0.894757 0 0 0 0 0.560665 0.646877 0 
node 1 2 1 3
node 2 3 1 1
node 3 3 1 1
node 4 3 0 2
node 12 1 0 0
gene 3 1 4 -1.67487 0 1 -1.67487 1
gene 1 2 4 -6.93196 0 2 -6.93196 1
gene 1 3 4 4.6066 0 3 4.6066 1
gene 1 2 12 1.82447 0 18 1.82447 1
gene 1 12 4 2.78924 0 19 2.78924 1
gene 2 3 12 -1.47516 0 70 -1.47516 1
genomeend 65

/* Organism #66 Fitness: 4.38601 Error: 1.90572 */
genomestart 66
trait 1 0.410815 0.058821 0 0.0951162 0.0094486 0 0.253777 0.0801015 
trait 2 0.248249 0 0 0.0207541 0.0609098 0.00588727 0 0.0269262 
trait 3 0.3 0 0 0 0 0 0 0 
node 1 2 1 3
node 2 3 1 1
node 3 3 1 1
node 4 3 0 2
node 12 1 0 0
gene 3 1 4 -4.17555 0 1 -4.17555 1
gene 1 2 4 -5.45602 0 2 -5.45602 1
gene 1 3 4 4.75575 0 3 4.75575 1
gene 1 2 12 1.18796 0 18 1.18796 1
gene 1 12 4 5.34222 0 19 5.34222 1
gene 2 3 12 0.122956 0 70 0.122956 1
genomeend 66

/* Organism #67 Fitness: 5.99305 Error: 1.55193 */
genomestart 67
trait 1 0.410815 0.058821 0 0.0951162 0.0094486 0 0.253777 0.0801015 
trait 2 0.248249 0 0 0.0207541 0.0609098 0.00588727 0 0.0269262 
trait 3 0.3 0 0 0 0 0 0 0 
node 1 2 1 3
node 2 3 1 1
node 3 3 1 1
node 4 3 0 2
node 12 1 0 0
gene 3 1 4 -2.68367 0 1 -2.68367 1
gene 1 2 4 -0.97491 0 2 -0.97491 0
gene 1 3 4 -1.24405 0 3 -1.24405 1
gene 1 2 12 0.670066 0 18 0.670066 1
gene 1 12 4 2.74176 0 19 2.74176 1
gene 2 3 12 0.0348734 0 70 0.0348734 1
genomeend 67

/* Organism #68 Fitness: 4 Error: 2 */
genomestart 68
trait 1 0.410815 0.058821 0 0.0951162 0.0094486 0 0.253777 0.0801015 
trait 2 0.248249 0 0 0.0207541 0.0609098 0.00588727 0 0.0269262 
trait 3 0.3 0 0 0 0 0 0 0 
node 1 2 1 3
node 2 3 1 1
node 3 3 1 1
node 4 3 0 2
node 12 1 0 0
gene 3 1 4 -2.49951 0 1 -2.49951 1
gene 1 2 4 -0.545505 0 2 -0.545505 0
gene 3 3 4 -2.91053 0 3 -2.91053 1
gene 1 2 12 1.18796 0 18 1.18796 1
gene 1 12 4 -1.34463 0 19 -1.34463 1
gene 2 3 12 0.122956 0 70 0.122956 1
genomeend 68

/* Organism #69 Fitness: 8.50576 Error: 1.08354 */
genomestart 69
trait 1 0.410815 0.058821 0 0.0951162 0.0094486 0 0.253777 0.0801015 
trait 2 0.248249 0 0 0.0207541 0.0609098 0.00588727 0 0.0269262 
trait 3 0.3 0 0 0 0 0 0 0 
node 1 2 1 3
node 2 3 1 1
node 3 3 1 1
node 4 3 0 2
node 12 1 0 0
gene 3 1 4 -3.13229 0 1 -3.13229 1
gene 1 2 4 -2.30473 0 2 -2.30473 0
gene 3 3 4 -2.87119 0 3 -2.87119 1
gene 1 2 12 0.849015 0 18 0.849015 1
gene 1 12 4 3.67869 0 19 3.67869 1
gene 2 3 12 -1.87523 0 70 -1.87523 1
genomeend 69

/* Organism #70 Fitness: 4.00003 Error: 1.99999 */
genomestart 70
trait 1 0.410815 0.058821 0 0.0951162 0.0094486 0 0.253777 0.0801015 
trait 2 0.248249 0 0 0.0207541 0.0609098 0.00588727 0 0.0269262 
trait 3 0.3 0 0 0 0 0 0 0 
node 1 2 1 3
node 2 3 1 1
node 3 3 1 1
node 4 3 0 2
node 12 1 0 0
gene 3 1 4 -5.24351 0 1 -5.24351 1
gene 1 2 4 -3.92358 0 2 -3.92358 0
gene 3 3 4 -2.981 0 3 -2.981 1
gene 1 2 12 0.448909 0 18 0.448909 1
gene 1 12 4 3.15251 0 19 3.15251 1
gene 2 3 12 -0.85604 0 70 -0.85604 1
genomeend 70

/* Organism #71 Fitness: 8.34325 Error: 1.11153 */
genomestart 71
trait 1 0.410815 0.058821 0 0.0951162 0.0094486 0 0.253777 0.0801015 
trait 2 0.248249 0 0 0.0207541 0.0609098 0.00588727 0 0.0269262 
trait 3 0.3 0 0 0 0 0 0 0 
node 1 2 1 3
node 2 3 1 1
node 3 3 1 1
node 4 3 0 2
node 12 1 0 0
gene 3 1 4 -4.21583 0 1 -4.21583 1
gene 1 2 4 -5.37607 0 2 -5.37607 1
gene 1 3 4 4.72573 0 3 4.72573 1
gene 1 2 12 -0.418578 0 18 -0.418578 1
gene 1 12 4 -1.9246 0 19 -1.9246 1
gene 2 3 12 -0.615868 0 70 -0.615868 1
genomeend 71

/* Organism #72 Fitness: 4.15049 Error: 1.96272 */
genomestart 72
trait 1 0.410815 0.058821 0 0.0951162 0.0094486 0 0.253777 0.0801015 
trait 2 0.248249 0 0 0.0207541 0.0609098 0.00588727 0 0.0269262 
trait 3 0.3 0 0 0 0 0 0 0 
node 1 2 1 3
node 2 3 1 1
node 3 3 1 1
node 4 2 0 2
node 12 1 0 0
gene 3 1 4 -0.150055 0 1 -0.150055 1
gene 1 2 4 -0.507211 0 2 -0.507211 1
gene 1 3 4 5.09599 0 3 5.09599 1
gene 1 2 12 -1.90546 0 18 -1.90546 1
gene 1 12 4 -2.79111 0 19 -2.79111 1
gene 2 3 12 -0.0767308 0 70 -0.0767308 1
genomeend 72

/* Organism #73 Fitness: 8.87078 Error: 1.02161 */
genomestart 73
trait 1 0.410815 0.058821 0 0.0951162 0.0094486 0 0.253777 0.0801015 
trait 2 0.248249 0 0 0.0207541 0.0609098 0.00588727 0 0.0269262 
trait 3 0.3 0 0 0 0 0 0 0 
node 1 2 1 3
node 2 3 1 1
node 3 3 1 1
node 4 3 0 2
node 12 1 0 0
gene 3 1 4 -3.39221 0 1 -3.39221 1
gene 1 2 4 1.22083 0 2 1.22083 0
gene 1 3 4 4.95269 0 3 4.95269 1
gene 1 2 12 4.97764 0 18 4.97764 1
gene 1 12 4 5.22465 0 19 5.22465 1
gene 2 3 12 -3.38293 0 70 -3.38293 1
genomeend 73

/* Organism #74 Fitness: 4.09065 Error: 1.97746 */
genomestart 74
trait 1 0.410815 0.058821 0 0.0951162 0.0094486 0 0.253777 0.0801015 
trait 2 0.248249 0 0 0.0207541 0.0609098 0.00588727 0 0.0269262 
trait 3 0.3 0 0 0 0 0 0 0 
node 1 2 1 3
node 2 3 1 1
node 3 3 1 1
node 4 3 0 2
node 12 1 0 0
gene 3 1 4 -1.99549 0 1 -1.99549 1
gene 1 2 4 0.354718 0 2 0.354718 0
gene 3 3 4 -2.56488 0 3 -2.56488 1
gene 1 2 12 3.23525 0 18 3.23525 1
gene 1 12 4 5.51695 0 19 5.51695 1
gene 2 3 12 1.37335 0 70 1.37335 1
genomeend 74

/* Organism #75 Fitness: 8.99977 Error: 1.00004 */
genomestart 75
trait 1 0.410815 0.058821 0 0.0951162 0.0094486 0 0.253777 0.0801015 
trait 2 0.248249 0 0 0.0207541 0.0609098 0.00588727 0 0.0269262 
trait 3 0.3 0 0 0 0 0 0 0 
node 1 2 1 3
node 2 3 1 1
node 3 3 1 1
node 4 3 0 2
node 12 1 0 0
gene 3 1 4 -3.02465 0 1 -3.02465 1
gene 1 2 4 -5.0704 0 2 -5.0704 1
gene 1 3 4 3.94467 0 3 3.94467 1
gene 1 2 12 0.375923 0 18 0.375923 1
gene 1 12 4 1.77663 0 19 1.77663 1
gene 2 3 12 0.45855 0 70 0.45855 1
genomeend 75

/* Organism #76 Fitness: 8.99874 Error: 1.00021 */
genomestart 76
trait 1 0.410815 0.058821 0 0.0951162 0.0094486 0 0.253777 0.0801015 
trait 2 0.248249 0 0 0.0207541 0.0609098 0.00588727 0 0.0269262 
trait 3 0.3 0 0 0 0 0 0 0 
node 1 2 1 3
node 2 3 1 1
node 3 3 1 1
node 4 3 0 2
node 12 1 0 0
gene 3 1 4 -3.35207 0 1 -3.35207 1
gene 1 2 4 -4.15871 0 2 -4.15871 1
gene 1 3 4 5.07823 0 3 5.07823 1
gene 1 2 12 1.11506 0 18 1.11506 1
gene 1 12 4 -2.62385 0 19 -2.62385 1
gene 2 3 12 -2.10893 0 70 -2.10893 1
genomeend 76

/* Organism #77 Fitness: 3.78142 Error: 2.05541 */
genomestart 77
trait 1 0.410815 0.058821 0 0.0951162 0.0094486 0 0.253777 0.0801015 
trait 2 0.248249 0 0 0.0207541 0.0609098 0.00588727 0 0.0269262 
trait 3 0.3 0 0 0 0 0 0 0 
node 1 2 1 3
node 2 3 1 1
node 3 3 1 1
node 4 3 0 2
node 12 1 0 0
gene 3 1 4 1.17869 0 1 1.17869 1
gene 1 2 4 1.04744 0 2 1.04744 0
gene 3 3 4 -2.91053 0 3 -2.91053 1
gene 1 2 12 1.23766 0 18 1.23766 1
gene 1 12 4 -0.656036 0 19 -0.656036 1
gene 2 3 12 0.044917 0 70 0.044917 1
genomeend 77

/* Species #5 : (Size 14) (AF 4.41533) (Age 6)  */


/* Organism #78 Fitness: 7.41704 Error: 1.27657 */
genomestart 78
trait 1 0.410815 0.058821 0 0.0951162 0.0094486 0 0.253777 0.0801015 
trait 2 0.248249 0 0 0.0207541 0.0609098 0.00588727 0 0.0269262 
trait 3 0.3 0 0 0 0 0 0 0 
node 1 2 1 3
node 2 3 1 1
node 3 3 1 1
node 4 3 0 2
node 12 1 0 0
node 19 1 0 0
gene 3 1 4 0.0544943 0 1 0.0544943 1
gene 1 2 4 2.07334 0 2 2.07334 0
gene 3 3 4 -2.83299 0 3 -2.83299 0
gene 1 2 12 3.29264 0 18 3.29264 1
gene 1 12 4 3.28273 0 19 3.28273 1
gene 3 3 19 -3.33217 0 35 -3.33217 1
gene 3 19 4 -3.33755 0 36 -3.33755 1
gene 3 1 12 -0.629157 0 41 -0.629157 1
genomeend 78

/* Organism #79 Fitness: 4 Error: 2 */
genomestart 79
trait 1 0.410815 0.058821 0 0.0951162 0.0094486 0 0.253777 0.0801015 
trait 2 0.248249 0 0 0.0207541 0.0609098 0.00588727 0 0.0269262 
trait 3 0.3 0 0 0 0 0 0 0 
node 1 2 1 3
node 2 3 1 1
node 3 1 1 1
node 4 3 0 2
node 12 1 0 0
node 19 1 0 0
gene 3 1 4 -2.05596 0 1 -2.05596 1
gene 1 2 4 4.14349 0 2 4.14349 0
gene 3 3 4 -3.70712 0 3 -3.70712 0
gene 1 2 12 0.80326 0 18 0.80326 1
gene 1 12 4 3.25666 0 19 3.25666 1
gene 3 3 19 0.118621 0 35 0.118621 1
gene 3 19 4 -3.09245 0 36 -3.09245 1
gene 3 1 12 -2.58183 0 41 -2.58183 1
genomeend 79

/* Organism #80 Fitness: 3.93195 Error: 2.01709 */
genomestart 80
trait 1 0.410815 0.058821 0.0439507 0.452744 0.0047243 0.034382 0.253777 0.0400508 
trait 2 0.248249 0 0 0.0207541 0.0609098 0.00588727 0 0.0269262 
trait 3 0.3 0 0 0 0 0 0 0 
node 1 2 1 3
node 2 3 1 1
node 3 3 1 1
node 4 3 0 2
node 12 1 0 0
node 19 1 0 0
gene 3 1 4 0.818383 0 1 0.818383 1
gene 1 2 4 2.5341 0 2 2.5341 0
gene 3 3 4 -4.96568 0 3 -4.96568 0
gene 1 2 12 3.64344 0 18 3.64344 1
gene 1 12 4 1.45656 0 19 1.45656 1
gene 3 3 19 -1.53331 0 35 -1.53331 1
gene 3 19 4 2.12197 0 36 2.12197 1
gene 3 1 12 -1.32697 0 41 -1.32697 1
genomeend 80

/* Organism #81 Fitness: 3.9943 Error: 2.00142 */
genomestart 81
trait 1 0.410815 0.058821 0 0.0951162 0.0094486 0 0.253777 0.0801015 
trait 2 0.248249 0 0 0.0207541 0.0609098 0.00588727 0 0.0269262 
trait 3 0.3 0 0 0 0 0 0 0 
node 1 2 1 3
node 2 3 1 1
node 3 3 1 1
node 4 3 0 2
node 12 1 0 0
node 19 1 0 0
gene 3 1 4 -1.43352 0 1 -1.43352 1
gene 1 2 4 2.07334 0 2 2.07334 0
gene 3 3 4 -3.7797 0 3 -3.7797 0
gene 1 2 12 2.64216 0 18 2.64216 1
gene 1 12 4 5.59764 0 19 5.59764 1
gene 3 3 19 2.11665 0 35 2.11665 1
gene 3 19 4 -4.85497 0 36 -4.85497 1
gene 3 1 12 1.29427 0 41 1.29427 1
genomeend 81

/* Organism #82 Fitness: 3.85044 Error: 2.03775 */
genomestart 82
trait 1 0.410815 0.058821 0 0.0951162 0.0094486 0 0.253777 0.0801015 
trait 2 0.248249 0 0 0.0207541 0.0609098 0.00588727 0 0.0269262 
trait 3 0.3 0 0 0 0 0 0 0 
node 1 2 1 3
node 2 3 1 1
node 3 3 1 1
node 4 3 0 2
node 12 1 0 0
node 19 1 0 0
gene 3 1 4 -0.940451 0 1 -0.940451 1
gene 1 2 4 4.238 0 2 4.238 0
gene 3 3 4 -0.36485 0 3 -0.36485 0
gene 1 2 12 1.35907 0 18 1.35907 1
gene 1 12 4 2.75801 0 19 2.75801 1
gene 3 3 19 1.79563 0 35 1.79563 1
gene 3 19 4 -1.78824 0 36 -1.78824 1
gene 3 1 12 0.901375 0 41 0.901375 1
genomeend 82

/* Organism #83 Fitness: 4.47968 Error: 1.88348 */
genomestart 83
trait 1 0.410815 0.058821 0 0.0951162 0.0094486 0 0.253777 0.0801015 
trait 2 0.248249 0 0 0.0207541 0.0609098 0.00588727 0 0.0269262 
trait 3 0.3 0 0 0 0 0 0 0 
node 1 2 1 3
node 2 3 1 1
node 3 3 1 1
node 4 3 0 2
node 12 1 0 0
node 19 1 0 0
gene 3 1 4 0.0544943 0 1 0.0544943 1
gene 1 2 4 2.07334 0 2 2.07334 0
gene 3 3 4 -2.83299 0 3 -2.83299 0
gene 1 2 12 1.70438 0 18 1.70438 1
gene 1 12 4 3.28273 0 19 3.28273 1
gene 3 3 19 2.11665 0 35 2.11665 1
gene 3 19 4 -3.47462 0 36 -3.47462 1
gene 3 1 12 -0.629157 0 41 -0.629157 1
gene 3 1 19 0.711859 0 87 0.711859 1
genomeend 83

/* Organism #84 Fitness: 3.99737 Error: 2.00066 */
genomestart 84
trait 1 0.410815 0.058821 0 0.0951162 0.0094486 0 0.253777 0.0801015 
trait 2 0.248249 0 0 0.0207541 0.0609098 0.00588727 0 0.0269262 
trait 3 0.3 0 0 0 0 0 0 0 
node 1 2 1 3
node 2 3 1 1
node 3 3 1 1
node 4 3 0 2
node 12 1 0 0
node 19 1 0 0
gene 3 1 4 -1.88327 0 1 -1.88327 1
gene 1 2 4 1.51987 0 2 1.51987 0
gene 3 3 4 -0.499869 0 3 -0.499869 0
gene 1 2 12 1.52438 0 18 1.52438 1
gene 1 12 4 4.38952 0 19 4.38952 1
gene 3 3 19 -0.984819 0 35 -0.984819 1
gene 3 19 4 -2.05152 0 36 -2.05152 1
gene 3 1 12 -0.629157 0 41 -0.629157 1
genomeend 84

/* Organism #85 Fitness: 2.47814 Error: 2.42579 */
genomestart 85
trait 1 0.410815 0.058821 0.0439507 0.452744 0.0047243 0.034382 0.253777 0.0400508 
trait 2 0.248249 0 0 0.0207541 0.0609098 0.00588727 0 0.0269262 
trait 3 0.3 0 0 0 0 0 0 0 
node 1 2 1 3
node 2 3 1 1
node 3 3 1 1
node 4 3 0 2
node 12 1 0 0
node 19 1 0 0
gene 3 1 4 -1.9415 0 1 -1.9415 1
gene 3 2 4 5.4651 0 2 5.4651 0
gene 3 3 4 1.23267 0 3 1.23267 0
gene 1 2 12 3.31624 0 18 3.31624 1
gene 1 12 4 5.44302 0 19 5.44302 1
gene 3 3 19 -3.01953 0 35 -3.01953 1
gene 3 19 4 -6.88087 0 36 -6.88087 1
gene 3 1 12 -1.39111 0 41 -1.39111 1
genomeend 85

/* Organism #86 Fitness: 4 Error: 2 */
genomestart 86
trait 1 0.410815 0.058821 0 0.0951162 0.0094486 0 0.253777 0.0801015 
trait 2 0.248249 0 0 0.0207541 0.0609098 0.00588727 0 0.0269262 
trait 3 0.3 0 0 0 0 0 0 0 
node 1 2 1 3
node 2 3 1 1
node 3 3 1 1
node 4 3 0 2
node 12 1 0 0
node 19 1 0 0
gene 3 1 4 0.287031 0 1 0.287031 1
gene 1 2 4 1.39953 0 2 1.39953 0
gene 3 3 4 -4.6113 0 3 -4.6113 0
gene 1 2 12 -0.483775 0 18 -0.483775 1
gene 1 12 4 0.939044 0 19 0.939044 1
gene 3 3 19 -0.0745101 0 35 -0.0745101 1
gene 3 19 4 -5.26907 0 36 -5.26907 1
gene 3 1 12 -2.88951 0 41 -2.88951 1
genomeend 86

/* Organism #87 Fitness: 4.06804 Error: 1.98306 */
genomestart 87
trait 1 0.410815 0.058821 0 0.0951162 0.0094486 0 0.253777 0.0801015 
trait 2 0.248249 0 0 0.0207541 0.0609098 0.00588727 0 0.0269262 
trait 3 0.3 0 0 0 0 0 0 0 
node 1 2 1 3
node 2 3 1 1
node 3 3 1 1
node 4 3 0 2
node 12 1 0 0
node 19 1 0 0
gene 3 1 4 -1.86896 0 1 -1.86896 1
gene 3 2 4 -0.865234 0 2 -0.865234 0
gene 3 3 4 -2.63606 0 3 -2.63606 0
gene 1 2 12 0.535789 0 18 0.535789 1
gene 1 12 4 3.80413 0 19 3.80413 1
gene 3 3 19 3.18421 0 35 3.18421 1
gene 3 19 4 -4.6033 0 36 -4.6033 1
gene 3 1 12 0.965359 0 41 0.965359 1
genomeend 87

/* Organism #88 Fitness: 5.01368 Error: 1.76088 */
genomestart 88
trait 1 0.410815 0.058821 0 0.0951162 0.0094486 0 0.253777 0.0801015 
trait 2 0.248249 0 0 0.0207541 0.0609098 0.00588727 0 0.0269262 
trait 3 0.3 0 0 0 0 0 0 0 
node 1 2 1 3
node 2 3 1 1
node 3 3 1 1
node 4 3 0 2
node 12 1 0 0
node 19 1 0 0
gene 3 1 4 1.81015 0 1 1.81015 1
gene 1 2 4 -0.069676 0 2 -0.069676 0
gene 3 3 4 -4.70747 0 3 -4.70747 0
gene 1 2 12 0.955788 0 18 0.955788 1
gene 1 12 4 2.33761 0 19 2.33761 1
gene 3 3 19 1.56036 0 35 1.56036 1
gene 3 19 4 -4.44709 0 36 -4.44709 1
gene 3 1 12 -1.35019 0 41 -1.35019 1
genomeend 88

/* Organism #89 Fitness: 6.57715 Error: 1.43541 */
genomestart 89
trait 1 0.410815 0.058821 0.0439507 0.452744 0.0047243 0.034382 0.253777 0.0400508 
trait 2 0.248249 0 0 0.0207541 0.0609098 0.00588727 0 0.0269262 
trait 3 0.3 0 0 0 0 0 0 0 
node 1 2 1 3
node 2 3 1 1
node 3 3 1 1
node 4 3 0 2
node 12 1 0 0
node 19 1 0 0
gene 3 1 4 -1.49121 0 1 -1.49121 1
gene 1 2 4 2.07334 0 2 2.07334 0
gene 3 3 4 -2.83299 0 3 -2.83299 0
gene 1 2 12 1.70438 0 18 1.70438 1
gene 1 12 4 3.28273 0 19 3.28273 1
gene 3 3 19 2.11665 0 35 2.11665 1
gene 3 19 4 -3.47462 0 36 -3.47462 1
gene 3 1 12 -0.0939139 0 41 -0.0939139 1
genomeend 89

/* Organism #90 Fitness: 4.00003 Error: 1.99999 */
genomestart 90
trait 1 0.410815 0.058821 0 0.0951162 0.0094486 0 0.253777 0.0801015 
trait 2 0.248249 0 0 0.0207541 0.0609098 0.00588727 0 0.0269262 
trait 3 0.3 0 0 0 0 0 0 0 
node 1 2 1 3
node 2 3 1 1
node 3 3 1 1
node 4 3 0 2
node 12 1 0 0
node 19 1 0 0
gene 3 1 4 -2.36084 0 1 -2.36084 1
gene 1 2 4 4.15001 0 2 4.15001 0
gene 3 3 4 -4.63707 0 3 -4.63707 0
gene 1 2 12 1.56448 0 18 1.56448 1
gene 1 12 4 5.55269 0 19 5.55269 1
gene 3 3 19 -1.32622 0 35 -1.32622 1
gene 3 19 4 -3.69821 0 36 -3.69821 1
gene 3 1 12 1.69682 0 41 1.69682 1
genomeend 90

/* Organism #91 Fitness: 4.00687 Error: 1.99828 */
genomestart 91
trait 1 0.410815 0.058821 0 0.0951162 0.0094486 0 0.253777 0.0801015 
trait 2 0.248249 0 0 0.0207541 0.0609098 0.00588727 0 0.0269262 
trait 3 0.3 0 0 0 0 0 0 0 
node 1 2 1 3
node 2 3 1 1
node 3 3 1 1
node 4 3 0 2
node 12 1 0 0
node 19 1 0 0
gene 3 1 4 -0.835709 0 1 -0.835709 1
gene 1 2 4 -0.781198 0 2 -0.781198 0
gene 3 3 4 -4.57431 0 3 -4.57431 0
gene 1 2 12 4.53991 0 18 4.53991 1
gene 1 12 4 2.32972 0 19 2.32972 1
gene 3 3 19 1.02775 0 35 1.02775 1
gene 3 19 4 0.310919 0 36 0.310919 1
gene 3 1 12 0.261371 0 41 0.261371 1
genomeend 91

/* Species #6 : (Size 21) (AF 5.23512) (Age 5)  */


/* Organism #92 Fitness: 9.18658 Error: 0.969064 */
genomestart 92
trait 1 0.1 0 0 0 0 0 0 0 
trait 2 0.2 0 0 0 0 0 0 0 
trait 3 0.3 0 0 0 0 0 0 0 
node 1 2 1 3
node 2 3 1 1
node 3 3 1 1
node 4 3 0 2
node 11 1 0 0
gene 2 1 4 -1.20859 0 1 -1.20859 1
gene 3 2 4 -0.408165 0 2 -0.408165 1
gene 1 3 4 0.558155 0 3 0.558155 1
gene 3 2 11 2.37943 0 16 2.37943 1
gene 3 11 4 3.68577 0 17 3.68577 1
gene 1 3 11 -2.52017 0 39 -2.52017 1
gene 1 1 11 -1.77939 0 45 -1.77939 1
genomeend 92

/* Organism #93 Fitness: 1.29774 Error: 2.86081 */
genomestart 93
trait 1 0.1 0 0 0 0 0 0 0 
trait 2 0.2 0 0 0 0 0 0 0 
trait 3 0 0 0 0 0 0.746352 0 0 
node 1 2 1 3
node 2 3 1 1
node 3 3 1 1
node 4 3 0 2
node 11 1 0 0
gene 2 1 4 0.963826 0 1 0.963826 1
gene 3 2 4 -1.32443 0 2 -1.32443 0
gene 1 3 4 -1.34882 0 3 -1.34882 1
gene 3 2 11 4.06867 0 16 4.06867 1
gene 3 11 4 2.989 0 17 2.989 1
gene 1 3 11 -1.05075 0 39 -1.05075 1
gene 1 1 11 -1.93615 0 45 -1.93615 1
genomeend 93

/* Organism #94 Fitness: 4.14656 Error: 1.96369 */
genomestart 94
trait 1 0.1 0 0 0 0 0 0 0 
trait 2 0.2 0 0 0 0 0 0 0 
trait 3 0.244648 0 0 0.20604 0.167186 0 0 0.107055 
node 1 2 1 3
node 2 3 1 1
node 3 3 1 1
node 4 3 0 2
node 11 1 0 0
gene 2 1 4 -2.71817 0 1 -2.71817 1
gene 3 2 4 0.0999868 0 2 0.0999868 0
gene 1 3 4 0.558155 0 3 0.558155 1
gene 3 2 11 2.72503 0 16 2.72503 1
gene 3 11 4 6.72474 0 17 6.72474 1
gene 1 3 11 1.91176 0 39 1.91176 1
gene 1 1 11 -2.16619 0 45 -2.16619 1
genomeend 94

/* Organism #95 Fitness: 4.69667 Error: 1.83282 */
genomestart 95
trait 1 0.1 0 0 0 0 0 0 0 
trait 2 0.2 0 0 0 0 0 0 0 
trait 3 0.244648 0 0 0.20604 0.167186 0 0 0.107055 
node 1 2 1 3
node 2 3 1 1
node 3 3 1 1
node 4 3 0 2
node 11 1 0 0
gene 2 1 4 0.323601 0 1 0.323601 1
gene 3 2 4 0.718669 0 2 0.718669 0
gene 1 3 4 0.506471 0 3 0.506471 1
gene 3 2 11 5.47505 0 16 5.47505 1
gene 3 11 4 4.41486 0 17 4.41486 1
gene 1 3 11 2.67315 0 39 2.67315 1
gene 1 1 11 -1.51934 0 45 -1.51934 1
genomeend 95

/* Organism #96 Fitness: 4 Error: 2 */
genomestart 96
trait 1 0.1 0 0 0 0 0 0 0 
trait 2 0.2 0 0 0 0 0 0 0 
trait 3 0.189295 0 0 0.412079 0.334372 0 0 0.21411 
node 1 2 1 3
node 2 3 1 1
node 3 3 1 1
node 4 3 0 2
node 11 1 0 0
gene 2 1 4 -3.68302 0 1 -3.68302 1
gene 3 2 4 -2.47586 0 2 -2.47586 0
gene 1 3 4 2.76956 0 3 2.76956 1
gene 3 2 11 3.21732 0 16 3.21732 1
gene 3 11 4 7.12184 0 17 7.12184 1
gene 1 3 11 5.58675 0 39 5.58675 1
gene 1 1 11 2.316 0 45 2.316 1
genomeend 96

/* Organism #97 Fitness: 3.29975 Error: 2.18348 */
genomestart 97
trait 1 0.1 0 0 0 0 0 0 0 
trait 2 0.2 0 0 0 0 0 0 0 
trait 3 0.244648 0 0 0.20604 0.167186 0 0 0.107055 
node 1 2 1 3
node 2 3 1 1
node 3 3 1 1
node 4 3 0 2
node 11 1 0 0
gene 2 1 4 -0.893164 0 1 -0.893164 1
gene 3 2 4 1.25652 0 2 1.25652 0
gene 1 3 4 0.558155 0 3 0.558155 1
gene 3 2 11 5.22174 0 16 5.22174 1
gene 3 11 4 0.268481 0 17 0.268481 1
gene 1 3 11 1.71 0 39 1.71 1
gene 1 1 11 -1.97279 0 45 -1.97279 1
genomeend 97

/* Organism #98 Fitness: 4.01525 Error: 1.99619 */
genomestart 98
trait 1 0.1 0 0 0 0 0 0 0 
trait 2 0.2 0 0 0 0 0 0 0 
trait 3 0.244648 0 0 0.20604 0.167186 0 0 0.107055 
node 1 2 1 3
node 2 3 1 1
node 3 3 1 1
node 4 3 0 2
node 11 1 0 0
node 36 1 0 0
gene 2 1 4 -2.71817 0 1 -2.71817 1
gene 3 2 4 0.0999868 0 2 0.0999868 0
gene 1 3 4 0.558155 0 3 0.558155 1
gene 3 2 11 2.72503 0 16 2.72503 1
gene 3 11 4 4.89283 0 17 4.89283 1
gene 1 3 11 1.91176 0 39 1.91176 0
gene 1 1 11 -2.16619 0 45 -2.16619 1
gene 1 3 36 1 0 88 0 1
gene 1 36 11 1.91176 0 89 0 1
genomeend 98

/* Organism #99 Fitness: 4.00004 Error: 1.99999 */
genomestart 99
trait 1 0.1 0 0 0 0 0 0 0 
trait 2 0.2 0 0 0 0 0 0 0 
trait 3 0.3 0 0 0 0 0 0 0 
node 1 2 1 3
node 2 3 1 1
node 3 3 1 1
node 4 3 0 2
node 11 1 0 0
gene 2 1 4 -2.25141 0 1 -2.25141 1
gene 3 2 4 -2.60561 0 2 -2.60561 0
gene 1 3 4 0.315533 0 3 0.315533 1
gene 3 2 11 1.83879 0 16 1.83879 1
gene 3 11 4 6.01519 0 17 6.01519 1
gene 1 3 11 -0.317144 0 39 -0.317144 1
gene 1 1 11 -2.51332 0 45 -2.51332 1
genomeend 99

/* Organism #100 Fitness: 4.02441 Error: 1.99391 */
genomestart 100
trait 1 0.1 0 0 0 0 0 0 0 
trait 2 0.2 0 0 0 0 0 0 0 
trait 3 0.3 0 0 0 0 0 0 0 
node 1 2 1 3
node 2 3 1 1
node 3 3 1 1
node 4 3 0 2
node 11 1 0 0
gene 2 1 4 0.956651 0 1 0.956651 1
gene 3 2 4 -2.5366 0 2 -2.5366 1
gene 1 3 4 0.724172 0 3 0.724172 1
gene 3 2 11 3.27095 0 16 3.27095 1
gene 3 11 4 3.06251 0 17 3.06251 1
gene 1 3 11 -1.52297 0 39 -1.52297 1
gene 1 1 11 -0.834229 0 45 -0.834229 1
genomeend 100

/* Organism #101 Fitness: 4.0378 Error: 1.99057 */
genomestart 101
trait 1 0.1 0 0 0 0 0 0 0 
trait 2 0.2 0 0 0 0 0 0 0 
trait 3 0.3 0 0 0 0 0 0 0 
node 1 2 1 3
node 2 3 1 1
node 3 3 1 1
node 4 3 0 2
node 11 1 0 0
gene 2 1 4 0.8047 0 1 0.8047 1
gene 3 2 4 0.0862385 0 2 0.0862385 0
gene 1 3 4 1.51383 0 3 1.51383 1
gene 3 2 11 0.440612 0 16 0.440612 1
gene 3 11 4 2.80204 0 17 2.80204 1
gene 1 3 11 -1.79217 0 39 -1.79217 1
gene 1 1 11 -0.966324 0 45 -0.966324 1
genomeend 101

/* Organism #102 Fitness: 7.55563 Error: 1.25125 */
genomestart 102
trait 1 0.1 0 0 0 0 0 0 0 
trait 2 0.2 0 0 0 0 0 0 0 
trait 3 0.244648 0 0 0.20604 0.167186 0 0 0.107055 
node 1 2 1 3
node 2 3 1 1
node 3 3 1 1
node 4 3 0 2
node 11 1 0 0
gene 2 1 4 -1.90244 0 1 -1.90244 1
gene 3 2 4 -2.12789 0 2 -2.12789 0
gene 1 3 4 -0.641324 0 3 -0.641324 1
gene 3 2 11 0.121652 0 16 0.121652 1
gene 3 11 4 6.58614 0 17 6.58614 1
gene 1 3 11 -1.87358 0 39 -1.87358 1
gene 1 1 11 -0.252931 0 45 -0.252931 1
genomeend 102

/* Organism #103 Fitness: 13.3638 Error: 0.344352 */
/* ##------$ WINNER 103 SPECIES #6 $------## */
genomestart 103
trait 1 0.1 0 0 0 0 0 0 0 
trait 2 0.2 0 0 0 0 0 0 0 
trait 3 0.189295 0 0 0.412079 0.334372 0 0 0.21411 
node 1 2 1 3
node 2 3 1 1
node 3 3 1 1
node 4 3 0 2
node 11 1 0 0
gene 2 1 4 -4.9541 0 1 -4.9541 1
gene 3 2 4 -0.982019 0 2 -0.982019 1
gene 1 3 4 -0.707191 0 3 -0.707191 1
gene 3 2 11 3.86815 0 16 3.86815 1
gene 3 11 4 6.31864 0 17 6.31864 1
gene 1 3 11 1.0455 0 39 1.0455 1
gene 1 1 11 0.0487588 0 45 0.0487588 1
genomeend 103

/* Organism #104 Fitness: 9 Error: 1 */
genomestart 104
trait 1 0.1 0 0 0 0 0 0 0 
trait 2 0.2 0 0 0 0 0 0 0 
trait 3 0.244648 0 0 0.20604 0.167186 0 0 0.107055 
node 1 2 1 3
node 2 3 1 1
node 3 3 1 1
node 4 3 0 2
node 11 1 0 0
gene 2 1 4 -4.32887 0 1 -4.32887 1
gene 3 2 4 2.39171 0 2 2.39171 0
gene 1 3 4 1.58194 0 3 1.58194 1
gene 3 2 11 2.96133 0 16 2.96133 1
gene 3 11 4 7.43202 0 17 7.43202 1
gene 1 3 11 4.5959 0 39 4.5959 1
gene 1 1 11 -1.03575 0 45 -1.03575 1
genomeend 104

/* Organism #105 Fitness: 1.52088 Error: 2.76676 */
genomestart 105
trait 1 0.1 0 0 0 0 0 0 0 
trait 2 0.2 0 0 0 0 0 0 0 
trait 3 0.3 0 0 0 0 0 0 0 
node 1 2 1 3
node 2 3 1 1
node 3 3 1 1
node 4 3 0 2
node 11 1 0 0
gene 2 1 4 -3.8283 0 1 -3.8283 1
gene 3 2 4 -0.489226 0 2 -0.489226 0
gene 1 3 4 1.49156 0 3 1.49156 1
gene 3 2 11 1.53089 0 16 1.53089 1
gene 3 11 4 6.78044 0 17 6.78044 1
gene 1 3 11 1.25573 0 39 1.25573 1
gene 1 1 11 -1.50968 0 45 -1.50968 1
genomeend 105

/* Organism #106 Fitness: 4 Error: 2 */
genomestart 106
trait 1 0.1 0 0 0 0 0 0 0 
trait 2 0.2 0 0 0 0 0 0 0 
trait 3 0.244648 0 0 0.20604 0.167186 0 0 0.107055 
node 1 2 1 3
node 2 3 1 1
node 3 3 1 1
node 4 3 0 2
node 11 1 0 0
gene 2 1 4 -3.19567 0 1 -3.19567 1
gene 3 2 4 2.01579 0 2 2.01579 0
gene 1 3 4 2.73555 0 3 2.73555 1
gene 3 2 11 0.868892 0 16 0.868892 1
gene 3 11 4 2.50422 0 17 2.50422 1
gene 1 3 11 5.20644 0 39 5.20644 1
gene 1 1 11 -2.55408 0 45 -2.55408 1
genomeend 106

/* Organism #107 Fitness: 4 Error: 2 */
genomestart 107
trait 1 0.1 0 0 0 0 0 0 0 
trait 2 0.2 0 0 0 0 0 0 0 
trait 3 0.244648 0 0 0.20604 0.167186 0 0 0.107055 
node 1 2 1 3
node 2 3 1 1
node 3 3 1 1
node 4 3 0 2
node 11 1 0 0
gene 2 1 4 -3.61746 0 1 -3.61746 1
gene 3 2 4 -0.290891 0 2 -0.290891 0
gene 1 3 4 0.592872 0 3 0.592872 1
gene 3 2 11 4.15437 0 16 4.15437 1
gene 3 11 4 6.41332 0 17 6.41332 1
gene 1 3 11 1.6696 0 39 1.6696 1
gene 1 1 11 -3.0004 0 45 -3.0004 1
genomeend 107

/* Organism #108 Fitness: 4.60313 Error: 1.85451 */
genomestart 108
trait 1 0.1 0 0 0 0 0 0 0 
trait 2 0.2 0 0 0 0 0 0 0 
trait 3 0.3 0 0 0 0 0 0 0 
node 1 2 1 3
node 2 3 1 1
node 3 3 1 1
node 4 3 0 2
node 11 1 0 0
gene 2 1 4 -2.7964 0 1 -2.7964 1
gene 3 2 4 -0.451166 0 2 -0.451166 1
gene 1 3 4 1.2789 0 3 1.2789 1
gene 3 2 11 2.3643 0 16 2.3643 1
gene 3 11 4 5.23696 0 17 5.23696 1
gene 1 3 11 1.77842 0 39 1.77842 1
gene 1 1 11 0.0845496 0 45 0.0845496 1
genomeend 108

/* Organism #109 Fitness: 8.99967 Error: 1.00006 */
genomestart 109
trait 1 0.1 0 0 0 0 0 0 0 
trait 2 0.2 0 0 0 0 0 0 0 
trait 3 0.189295 0 0 0.412079 0.334372 0 0 0.21411 
node 1 2 1 3
node 2 1 1 1
node 3 3 1 1
node 4 3 0 2
node 11 1 0 0
gene 2 1 4 -3.33879 0 1 -3.33879 1
gene 3 2 4 -0.393114 0 2 -0.393114 0
gene 1 3 4 2.24879 0 3 2.24879 1
gene 3 2 11 2.87635 0 16 2.87635 1
gene 3 11 4 5.3302 0 17 5.3302 1
gene 1 3 11 4.89717 0 39 4.89717 1
gene 1 1 11 -0.989388 0 45 -0.989388 1
genomeend 109

/* Organism #110 Fitness: 4.00836 Error: 1.99791 */
genomestart 110
trait 1 0.1 0 0 0 0 0 0 0 
trait 2 0.2 0 0 0 0 0 0 0 
trait 3 0.3 0 0 0 0 0 0 0 
node 1 2 1 3
node 2 3 1 1
node 3 3 1 1
node 4 3 0 2
node 11 1 0 0
gene 2 1 4 1.25197 0 1 1.25197 1
gene 3 2 4 0.260707 0 2 0.260707 0
gene 1 3 4 1.13127 0 3 1.13127 1
gene 3 2 11 4.74355 0 16 4.74355 1
gene 3 11 4 5.22268 0 17 5.22268 1
gene 1 3 11 -0.40864 0 39 -0.40864 1
gene 1 1 11 -3.50597 0 45 -3.50597 1
genomeend 110

/* Organism #111 Fitness: 1.23318 Error: 2.88951 */
genomestart 111
trait 1 0.1 0 0 0 0 0 0 0 
trait 2 0.2 0 0 0 0 0 0 0 
trait 3 0.3 0 0 0 0 0 0 0 
node 1 2 1 3
node 2 3 1 1
node 3 3 1 1
node 4 3 0 2
node 11 1 0 0
gene 2 1 4 -2.18855 0 1 -2.18855 1
gene 3 2 4 -1.22451 0 2 -1.22451 0
gene 1 3 4 -0.537325 0 3 -0.537325 1
gene 3 2 11 3.80574 0 16 3.80574 1
gene 1 11 4 3.70948 0 17 3.70948 1
gene 1 3 11 3.11638 0 39 3.11638 1
gene 1 1 11 -3.82907 0 45 -3.82907 1
genomeend 111

/* Organism #112 Fitness: 8.94818 Error: 1.00865 */
genomestart 112
trait 1 0.1 0 0 0 0 0 0 0 
trait 2 0.2 0 0 0 0 0 0 0 
trait 3 0.244648 0 0 0.20604 0.167186 0 0 0.107055 
node 1 2 1 3
node 2 3 1 1
node 3 3 1 1
node 4 3 0 2
node 11 1 0 0
gene 2 1 4 -2.71817 0 1 -2.71817 1
gene 3 2 4 -0.408165 0 2 -0.408165 0
gene 1 3 4 0.558155 0 3 0.558155 1
gene 3 2 11 3.65782 0 16 3.65782 1
gene 3 11 4 3.68577 0 17 3.68577 1
gene 1 3 11 3.12326 0 39 3.12326 1
gene 1 1 11 -2.16619 0 45 -2.16619 1
genomeend 112

/* Species #7 : (Size 17) (AF 5.05575) (Age 5)  */


/* Organism #113 Fitness: 8.96197 Error: 1.00635 */
genomestart 113
trait 1 0.318384 0 0 0 0 0.159603 0.329385 0 
trait 2 0.2 0 0 0 0 0 0 0 
trait 3 0.3 0 0 0 0 0 0 0 
node 1 2 1 3
node 2 3 1 1
node 3 3 1 1
node 4 3 0 2
node 11 1 0 0
node 22 1 0 0
node 28 1 0 0
gene 2 1 4 -2.58113 0 1 -2.58113 1
gene 3 2 4 -0.166803 0 2 -0.166803 0
gene 1 3 4 -4.34641 0 3 -4.34641 1
gene 3 2 11 1.58397 0 16 1.58397 1
gene 3 11 4 3.42774 0 17 3.42774 1
gene 3 2 22 -0.533937 0 46 -0.533937 1
gene 3 22 4 -1.61816 0 47 -1.61816 1
gene 3 22 28 0.166356 0 62 0.166356 1
gene 3 28 4 0.756493 0 63 0.756493 1
genomeend 113

/* Organism #114 Fitness: 8.53948 Error: 1.07776 */
genomestart 114
trait 1 0.318384 0 0 0 0 0.159603 0.329385 0 
trait 2 0.2 0 0 0 0 0 0 0 
trait 3 0.3 0 0 0 0 0 0 0 
node 1 2 1 3
node 2 3 1 1
node 3 3 1 1
node 4 3 0 2
node 11 1 0 0
node 22 1 0 0
node 28 1 0 0
gene 2 1 4 -2.81591 0 1 -2.81591 1
gene 3 2 4 0.191694 0 2 0.191694 0
gene 1 3 4 -3.11975 0 3 -3.11975 1
gene 3 2 11 1.59038 0 16 1.59038 1
gene 3 11 4 3.32192 0 17 3.32192 1
gene 3 2 22 -0.533937 0 46 -0.533937 1
gene 3 22 4 0.460763 0 47 0.46299 1
gene 3 22 28 1 0 62 0 1
gene 3 28 4 -0.00445528 0 63 0 1
genomeend 114

/* Organism #115 Fitness: 3.99999 Error: 2 */
genomestart 115
trait 1 0.318384 0 0 0 0 0.159603 0.329385 0 
trait 2 0.2 0 0 0 0 0 0 0 
trait 3 0.3 0 0 0 0 0 0 0 
node 1 2 1 3
node 2 3 1 1
node 3 3 1 1
node 4 3 0 2
node 11 1 0 0
node 22 1 0 0
node 28 1 0 0
gene 2 1 4 -3.60359 0 1 -3.60359 1
gene 3 2 4 -1.81331 0 2 -1.81331 0
gene 1 3 4 -1.63295 0 3 -1.63295 1
gene 3 2 11 2.78205 0 16 2.78205 1
gene 3 11 4 1.25957 0 17 1.25957 1
gene 3 2 22 -0.877363 0 46 -0.877363 1
gene 3 22 4 2.67422 0 47 2.67422 1
gene 3 22 28 2.56079 0 62 2.56079 1
gene 3 28 4 -0.998661 0 63 -0.998661 1
genomeend 115

/* Organism #116 Fitness: 4 Error: 2 */
genomestart 116
trait 1 0.318384 0 0 0 0 0.159603 0.329385 0 
trait 2 0.2 0 0 0 0 0 0 0 
trait 3 0.669089 0 0 0.939565 0 0 0.503665 0 
node 1 2 1 3
node 2 3 1 1
node 3 3 1 1
node 4 3 0 2
node 11 1 0 0
node 22 1 0 0
node 28 1 0 0
gene 2 1 4 -5.43148 0 1 -5.43148 1
gene 3 2 4 0.924323 0 2 0.924323 0
gene 1 3 4 -5.57674 0 3 -5.57674 1
gene 3 2 11 2.97632 0 16 2.97632 1
gene 3 11 4 0.669754 0 17 0.669754 1
gene 3 2 22 0.465408 0 46 0.465408 1
gene 3 22 4 1.05062 0 47 1.05062 1
gene 3 22 28 1.06967 0 62 1.06967 1
gene 3 28 4 0.0755305 0 63 0.0755305 1
genomeend 116

/* Organism #117 Fitness: 4 Error: 2 */
genomestart 117
trait 1 0.318384 0 0 0 0 0.159603 0.329385 0 
trait 2 0.2 0 0 0 0 0 0 0 
trait 3 0.669089 0 0 0.939565 0 0 0.503665 0 
node 1 2 1 3
node 2 3 1 1
node 3 3 1 1
node 4 3 0 2
node 11 1 0 0
node 22 1 0 0
node 28 3 0 0
gene 2 1 4 -4.73859 0 1 -4.73859 1
gene 3 2 4 -0.0606897 0 2 -0.0606897 1
gene 1 3 4 -3.13873 0 3 -3.13873 1
gene 3 2 11 4.16981 0 16 4.16981 1
gene 3 11 4 0.437075 0 17 0.437075 1
gene 3 2 22 -0.804833 0 46 -0.804833 1
gene 3 22 4 2.51661 0 47 2.51661 1
gene 3 22 28 -1.00796 0 62 -1.00796 1
gene 3 28 4 -0.889257 0 63 -0.889257 1
genomeend 117

/* Organism #118 Fitness: 6.24067 Error: 1.50187 */
genomestart 118
trait 1 0.318384 0 0 0 0 0.159603 0.329385 0 
trait 2 0.2 0 0 0 0 0 0 0 
trait 3 0.3 0 0 0 0 0 0 0 
node 1 2 1 3
node 2 3 1 1
node 3 3 1 1
node 4 3 0 2
node 11 1 0 0
node 22 1 0 0
node 28 1 0 0
gene 2 1 4 -2.82137 0 1 -2.82137 1
gene 3 2 4 2.00193 0 2 2.00193 0
gene 1 3 4 -2.31212 0 3 -2.31212 1
gene 3 2 11 1.46252 0 16 1.46252 1
gene 3 11 4 5.26131 0 17 5.26131 1
gene 3 2 22 -1.65369 0 46 -1.65369 1
gene 3 22 4 -0.310713 0 47 -0.310713 1
gene 3 22 28 1.36924 0 62 1.36924 1
gene 3 28 4 -0.309456 0 63 -0.309456 1
genomeend 118

/* Organism #119 Fitness: 4.72999 Error: 1.82515 */
genomestart 119
trait 1 0.318384 0 0 0 0 0.159603 0.329385 0 
trait 2 0.2 0 0 0 0 0 0 0 
trait 3 0.669089 0 0 0.939565 0 0 0.503665 0 
node 1 2 1 3
node 2 3 1 1
node 3 3 1 1
node 4 3 0 2
node 11 1 0 0
node 22 1 0 0
node 28 1 0 0
gene 2 1 4 1.55258 0 1 1.55258 1
gene 3 2 4 1.93639 0 2 1.93639 0
gene 1 3 4 -1.53022 0 3 -1.53022 1
gene 3 2 11 3.31562 0 16 3.31562 1
gene 3 11 4 0.757551 0 17 0.757551 1
gene 3 2 22 -1.78648 0 46 -1.78648 1
gene 3 22 4 0.17449 0 47 0.17449 1
gene 3 22 28 -0.848352 0 62 -0.848352 1
gene 3 28 4 -1.2676 0 63 -1.2676 1
genomeend 119

/* Organism #120 Fitness: 1.95886 Error: 2.60041 */
genomestart 120
trait 1 0.318384 0 0 0 0 0.159603 0.329385 0 
trait 2 0.2 0 0 0 0 0 0 0 
trait 3 1 0 0 0 0 0 0 0 
node 1 2 1 3
node 2 3 1 1
node 3 3 1 1
node 4 3 0 2
node 11 1 0 0
node 22 1 0 0
node 28 1 0 0
gene 2 1 4 0.594734 0 1 0.594734 1
gene 3 2 4 0.191694 0 2 0.191694 0
gene 1 3 4 -2.0374 0 3 -2.0374 1
gene 3 2 11 1.73459 0 16 1.73459 1
gene 3 11 4 5.20034 0 17 5.20034 1
gene 3 2 22 0.142838 0 46 0.142838 1
gene 3 22 4 -2.47233 0 47 -2.47233 1
gene 3 22 28 1 0 62 1 1
gene 3 28 4 -0.00445528 0 63 -0.00445528 1
genomeend 120

/* Organism #121 Fitness: 3.99058 Error: 2.00236 */
genomestart 121
trait 1 0.318384 0 0 0 0 0.159603 0.329385 0 
trait 2 0.2 0 0 0 0 0 0 0 
trait 3 0.484544 0 0 0.469783 0 0 0.251832 0 
node 1 2 1 3
node 2 3 1 1
node 3 3 1 1
node 4 3 0 2
node 11 1 0 0
node 22 1 0 0
node 28 1 0 0
gene 2 1 4 -4.73198 0 1 -4.73198 1
gene 3 2 4 1.79074 0 2 1.79074 0
gene 1 3 4 -2.3783 0 3 -2.3783 1
gene 3 2 11 -0.35955 0 16 -0.35955 1
gene 3 11 4 4.39729 0 17 4.39729 1
gene 3 2 22 2.83047 0 46 2.83047 1
gene 3 22 4 2.50943 0 47 2.50943 1
gene 3 22 28 -1.02038 0 62 -1.02038 1
gene 3 28 4 1.12299 0 63 1.12299 1
genomeend 121

/* Organism #122 Fitness: 8.96177 Error: 1.00638 */
genomestart 122
trait 1 0.17675 0.335207 0 0 0 0.247569 0.542988 0 
trait 2 0.501986 0 0 0 0 0.0874819 0.0812215 0.0883747 
trait 3 0.484544 0 0 0.469783 0 0 0.251832 0 
node 1 2 1 3
node 2 3 1 1
node 3 3 1 1
node 4 3 0 2
node 11 1 0 0
node 22 1 0 0
gene 2 1 4 -3.46806 0 1 -3.46806 1
gene 3 2 4 -0.986184 0 2 -0.986184 0
gene 1 3 4 -3.49293 0 3 -3.49293 1
gene 3 2 11 2.84816 0 16 2.84816 1
gene 3 11 4 4.00876 0 17 4.00876 1
gene 3 2 22 3.48605 0 46 3.48605 1
gene 3 22 4 0.728222 0 47 0.728222 1
genomeend 122

/* Organism #123 Fitness: 5.88725 Error: 1.57363 */
genomestart 123
trait 1 0.318384 0 0 0 0 0.159603 0.329385 0 
trait 2 0.2 0 0 0 0 0 0 0 
trait 3 0.3 0 0 0 0 0 0 0 
node 1 2 1 3
node 2 3 1 1
node 3 3 1 1
node 4 3 0 2
node 11 1 0 0
node 22 1 0 0
node 28 1 0 0
gene 2 1 4 -4.52796 0 1 -4.52796 1
gene 3 2 4 1.53696 0 2 1.53696 0
gene 1 3 4 -5.55845 0 3 -5.55845 1
gene 3 2 11 2.65868 0 16 2.65868 1
gene 3 11 4 4.12473 0 17 4.12473 1
gene 3 2 22 0.918511 0 46 0.918511 1
gene 3 22 4 0.31415 0 47 0.31415 1
gene 3 22 28 -0.829042 0 62 -0.829042 1
gene 3 28 4 1.86154 0 63 1.86154 1
genomeend 123

/* Organism #124 Fitness: 7.14915 Error: 1.32621 */
genomestart 124
trait 1 0.318384 0 0 0 0 0.159603 0.329385 0 
trait 2 0.2 0 0 0 0 0 0 0 
trait 3 0.3 0 0 0 0 0 0 0 
node 1 2 1 3
node 2 3 1 1
node 3 3 1 1
node 4 3 0 2
node 11 1 0 0
node 22 1 0 0
node 28 1 0 0
gene 2 1 4 -3.10707 0 1 -3.10707 1
gene 3 2 4 2.49391 0 2 2.49391 0
gene 1 3 4 -2.29112 0 3 -2.29112 1
gene 3 2 11 3.23922 0 16 3.23922 1
gene 3 11 4 3.42774 0 17 3.42774 1
gene 3 2 22 -2.59627 0 46 -2.59627 1
gene 3 22 4 -0.00445528 0 47 -0.00445528 1
gene 3 22 28 -1.90064 0 62 -1.90064 1
gene 3 28 4 -0.344784 0 63 -0.344784 1
genomeend 124

/* Organism #125 Fitness: 8.93817 Error: 1.01032 */
genomestart 125
trait 1 0.17675 0.335207 0 0 0 0.247569 0.542988 0 
trait 2 0.501986 0 0 0 0 0.0874819 0.0812215 0.0883747 
trait 3 0.3 0 0 0 0 0 0 0 
node 1 2 1 3
node 2 3 1 1
node 3 3 1 1
node 4 3 0 2
node 11 1 0 0
node 22 1 0 0
node 28 1 0 0
gene 2 1 4 -2.58113 0 1 -2.58113 1
gene 3 2 4 -0.166803 0 2 -0.166803 0
gene 1 3 4 -4.34641 0 3 -4.34641 1
gene 3 2 11 2.84816 0 16 2.84816 1
gene 3 11 4 4.00876 0 17 4.00876 1
gene 3 2 22 -0.533937 0 46 -0.533937 1
gene 3 22 4 -1.61816 0 47 -1.61816 1
gene 3 22 28 0.166356 0 62 0.166356 1
gene 3 28 4 0.756493 0 63 0.756493 1
genomeend 125

/* Organism #126 Fitness: 3.21546 Error: 2.20683 */
genomestart 126
trait 1 0.318384 0 0 0 0 0.159603 0.329385 0 
trait 2 0.2 0 0 0 0 0 0 0 
trait 3 0.3 0 0 0 0 0 0 0 
node 1 2 1 3
node 2 2 1 1
node 3 3 1 1
node 4 3 0 2
node 11 1 0 0
node 22 1 0 0
node 28 1 0 0
gene 2 1 4 -3.76308 0 1 -3.76308 1
gene 3 2 4 2.04276 0 2 2.04276 0
gene 1 3 4 2.23927 0 3 2.23927 1
gene 3 2 11 0.771317 0 16 0.771317 1
gene 3 11 4 2.9452 0 17 2.9452 1
gene 3 2 22 -0.0105182 0 46 -0.0105182 1
gene 3 22 4 -1.39398 0 47 -1.39398 1
gene 3 22 28 1.80444 0 62 1.80444 1
gene 3 28 4 0.18578 0 63 0.18578 1
gene 2 22 11 0.512023 0 90 0.512023 1
genomeend 126

/* Organism #127 Fitness: 3.07245 Error: 2.24716 */
genomestart 127
trait 1 0.318384 0 0 0 0 0.159603 0.329385 0 
trait 2 0.2 0 0 0 0 0 0 0 
trait 3 0.3 0 0 0 0 0 0 0 
node 1 2 1 3
node 2 2 1 1
node 3 3 1 1
node 4 3 0 2
node 11 1 0 0
node 22 1 0 0
node 28 1 0 0
gene 2 1 4 -6.07969 0 1 -6.07969 1
gene 3 2 4 3.2781 0 2 3.2781 0
gene 1 3 4 0.842865 0 3 0.842865 1
gene 3 2 11 2.36678 0 16 2.36678 1
gene 3 11 4 5.19073 0 17 5.19073 1
gene 3 2 22 -0.565209 0 46 -0.565209 1
gene 3 22 4 -0.809997 0 47 -0.809997 1
gene 2 22 28 2.78949 0 62 2.78949 1
gene 3 28 4 1.67455 0 63 1.67455 1
genomeend 127

/* Organism #128 Fitness: 1.14907 Error: 2.92805 */
genomestart 128
trait 1 0.318384 0 0 0 0 0.159603 0.329385 0 
trait 2 0.2 0 0 0 0 0 0 0 
trait 3 0.3 0 0 0 0 0 0 0 
node 1 2 1 3
node 2 2 1 1
node 3 3 1 1
node 4 3 0 2
node 11 1 0 0
node 22 1 0 0
node 28 1 0 0
gene 2 1 4 -4.92435 0 1 -4.92435 1
gene 3 2 4 1.98298 0 2 1.98298 0
gene 1 3 4 4.20197 0 3 4.20197 1
gene 3 2 11 -0.0466869 0 16 -0.0466869 1
gene 3 11 4 0.770493 0 17 0.770493 1
gene 3 2 22 -1.76233 0 46 -1.76233 1
gene 3 22 4 -3.73542 0 47 -3.73542 1
gene 3 22 28 0.418462 0 62 0.418462 1
gene 3 28 4 2.0127 0 63 2.0127 1
genomeend 128

/* Organism #129 Fitness: 1.15288 Error: 2.92628 */
genomestart 129
trait 1 0.318384 0 0.19409 0.0639722 0.764698 0.159603 0.285271 0 
trait 2 0.2 0 0 0 0 0 0 0 
trait 3 0.3 0 0 0 0 0 0 0 
node 1 2 1 3
node 2 2 1 1
node 3 3 1 1
node 4 3 0 2
node 11 1 0 0
node 22 1 0 0
node 28 1 0 0
gene 2 1 4 -3.76308 0 1 -3.76308 1
gene 3 2 4 2.04276 0 2 2.04276 0
gene 1 3 4 2.23927 0 3 2.23927 1
gene 3 2 11 0.771317 0 16 0.771317 1
gene 3 11 4 2.9452 0 17 2.9452 1
gene 3 2 22 -0.0105182 0 46 -0.0105182 1
gene 3 22 4 -1.39398 0 47 -1.39398 1
gene 3 22 28 1.80444 0 62 1.80444 1
gene 3 28 4 0.18578 0 63 0.18578 1
genomeend 129

/* Species #8 : (Size 16) (AF 5.20613) (Age 5)  */


/* Organism #130 Fitness: 8.99799 Error: 1.00034 */
genomestart 130
trait 1 0.154596 0 0 0 0 0.0399007 0.0823463 0 
trait 2 0.2 0 0 0 0 0 0 0 
trait 3 0.3 0 0 0 0 0 0 0 
node 1 2 1 3
node 2 3 1 1
node 3 3 1 1
node 4 3 0 2
node 11 1 0 0
node 23 1 0 0
gene 2 1 4 2.04451 0 1 2.04451 1
gene 3 2 4 -0.00379806 0 2 -0.00379806 0
gene 3 3 4 -4.16209 0 3 -4.16209 1
gene 3 2 11 1.17823 0 16 1.17823 0
gene 3 11 4 4.91176 0 17 4.91176 1
gene 1 3 11 -0.457982 0 39 -0.457982 1
gene 3 2 23 -1.05163 0 48 -1.05163 1
gene 3 23 11 2.03329 0 49 2.03329 1
genomeend 130

/* Organism #131 Fitness: 2.74604 Error: 2.34288 */
genomestart 131
trait 1 0.154596 0 0 0 0 0.0399007 0.0823463 0 
trait 2 0.2 0 0 0 0 0 0 0 
trait 3 0 0 0 0 0 0 0 0 
node 1 2 1 3
node 2 3 1 1
node 3 3 1 1
node 4 3 0 2
node 11 1 0 0
node 23 1 0 0
gene 3 1 4 3.51998 0 1 3.51998 1
gene 3 2 4 4.00895 0 2 4.00895 0
gene 3 3 4 -3.645 0 3 -3.645 1
gene 3 2 11 0.199471 0 16 0.199471 0
gene 3 11 4 -1.49525 0 17 -1.49525 1
gene 1 3 11 -1.12767 0 39 -1.12767 1
gene 3 2 23 -1.38114 0 48 -1.38114 1
gene 3 23 11 2.86803 0 49 2.86803 1
genomeend 131

/* Organism #132 Fitness: 3.99997 Error: 2.00001 */
genomestart 132
trait 1 0.154596 0 0 0 0 0.0399007 0.0823463 0 
trait 2 0.2 0 0 0 0 0 0 0 
trait 3 0.3 0 0 0 0 0 0 0 
node 1 2 1 3
node 2 3 1 1
node 3 3 1 1
node 4 3 0 2
node 11 1 0 0
node 23 1 0 0
gene 2 1 4 2.33304 0 1 2.33304 1
gene 3 2 4 1.96957 0 2 1.96957 0
gene 3 3 4 -4.63771 0 3 -4.63771 1
gene 3 2 11 0.478905 0 16 0.478905 0
gene 3 11 4 3.63944 0 17 3.63944 1
gene 1 3 11 0.591643 0 39 0.591643 1
gene 3 2 23 0.663496 0 48 0.663496 1
gene 3 23 11 2.07748 0 49 2.07748 1
genomeend 132

/* Organism #133 Fitness: 8.90235 Error: 1.01632 */
genomestart 133
trait 1 0.154596 0 0 0 0 0.0399007 0.0823463 0 
trait 2 0.2 0 0 0 0 0 0 0 
trait 3 0.3 0 0 0 0 0 0 0 
node 1 2 1 3
node 2 3 1 1
node 3 3 1 1
node 4 3 0 2
node 11 1 0 0
node 23 1 0 0
gene 2 1 4 4.26512 0 1 4.26512 1
gene 3 2 4 0.804917 0 2 0.804917 0
gene 3 3 4 -5.30782 0 3 -5.30782 1
gene 3 2 11 -1.10749 0 16 -1.10749 0
gene 3 11 4 7.10712 0 17 7.10712 1
gene 1 3 11 -1.37514 0 39 -1.37514 1
gene 3 2 23 -1.11086 0 48 -1.11086 1
gene 3 23 11 2.36142 0 49 2.36142 1
genomeend 133

/* Organism #134 Fitness: 3.9793 Error: 2.00518 */
genomestart 134
trait 1 0.154596 0 0 0 0.926128 0.0399007 0.327703 0.432593 
trait 2 0.2 0 0 0 0 0 0 0 
trait 3 0.3 0 0 0 0 0 0 0 
node 1 2 1 3
node 2 3 1 1
node 3 3 1 1
node 4 3 0 2
node 11 1 0 0
node 23 1 0 0
gene 3 1 4 -2.01468 0 1 -2.01468 1
gene 3 2 4 1.82083 0 2 1.82083 0
gene 3 3 4 0.183515 0 3 0.183515 1
gene 3 2 11 -1.96093 0 16 -1.96093 0
gene 3 11 4 0.799787 0 17 0.799787 1
gene 1 3 11 -1.28276 0 39 -1.28276 1
gene 3 2 23 0.57875 0 48 0.57875 1
gene 3 23 11 2.58591 0 49 2.58591 1
genomeend 134

/* Organism #135 Fitness: 4 Error: 2 */
genomestart 135
trait 1 0.154596 0 0 0 0 0.0399007 0.0823463 0 
trait 2 0.2 0 0 0 0 0 0 0 
trait 3 0.3 0 0 0 0 0 0 0 
node 1 2 1 3
node 2 1 1 1
node 3 3 1 1
node 4 3 0 2
node 11 1 0 0
node 23 1 0 0
gene 2 1 4 1.07286 0 1 1.07286 1
gene 3 2 4 -2.29912 0 2 -2.29912 0
gene 3 3 4 -4.82593 0 3 -4.82593 1
gene 3 2 11 1.24151 0 16 1.24151 0
gene 3 11 4 7.13535 0 17 7.13535 1
gene 1 3 11 2.46276 0 39 2.46276 1
gene 3 2 23 1.10665 0 48 1.10665 1
gene 3 23 11 1.23607 0 49 1.23607 1
genomeend 135

/* Organism #136 Fitness: 4.00002 Error: 2 */
genomestart 136
trait 1 0.154596 0 0 0 0 0.0399007 0.0823463 0 
trait 2 0.2 0 0 0 0 0 0 0 
trait 3 0.3 0 0 0 0 0 0 0 
node 1 2 1 3
node 2 3 1 1
node 3 3 1 1
node 4 3 0 2
node 11 1 0 0
node 23 1 0 0
gene 2 1 4 2.57248 0 1 2.57248 1
gene 3 2 4 0.702087 0 2 0.702087 0
gene 3 3 4 -5.11357 0 3 -5.11357 1
gene 3 2 11 -1.5185 0 16 -1.5185 0
gene 3 11 4 -1.30586 0 17 -1.30586 1
gene 1 3 11 -2.15299 0 39 -2.15299 1
gene 3 2 23 0.126516 0 48 0.126516 1
gene 3 23 11 -0.497278 0 49 -0.497278 1
genomeend 136

/* Organism #137 Fitness: 4.36658 Error: 1.91036 */
genomestart 137
trait 1 0.154596 0 0 0 0 0.0399007 0.0823463 0 
trait 2 0.2 0 0 0 0 0 0 0 
trait 3 0.3 0 0 0 0 0 0 0 
node 1 2 1 3
node 2 3 1 1
node 3 3 1 1
node 4 3 0 2
node 11 1 0 0
node 23 1 0 0
gene 2 1 4 2.90499 0 1 2.90499 1
gene 3 2 4 2.27116 0 2 2.27116 0
gene 3 3 4 -2.44468 0 3 -2.44468 1
gene 3 2 11 1.61716 0 16 1.61716 0
gene 3 11 4 4.91176 0 17 4.91176 1
gene 1 3 11 -1.2493 0 39 -1.2493 1
gene 3 2 23 -3.52335 0 48 -3.52335 1
gene 3 23 11 3.4977 0 49 3.4977 1
genomeend 137

/* Organism #138 Fitness: 5.52051 Error: 1.65042 */
genomestart 138
trait 1 0.154596 0 0 0 0 0.0399007 0.0823463 0 
trait 2 0.2 0 0 0 0 0 0 0 
trait 3 0.3 0 0 0 0 0 0 0 
node 1 2 1 3
node 2 3 1 1
node 3 3 1 1
node 4 3 0 2
node 11 1 0 0
node 23 1 0 0
gene 3 1 4 3.03771 0 1 3.03771 1
gene 3 2 4 1.36547 0 2 1.36547 0
gene 3 3 4 -3.80092 0 3 -3.80092 1
gene 3 2 11 -0.934824 0 16 -0.934824 0
gene 3 11 4 2.96057 0 17 2.96057 1
gene 1 3 11 -1.07289 0 39 -1.07289 1
gene 3 2 23 -0.429765 0 48 -0.429765 1
gene 3 23 11 1.63931 0 49 1.63931 1
genomeend 138

/* Organism #139 Fitness: 7.75414 Error: 1.21537 */
genomestart 139
trait 1 0.154596 0 0 0 0 0.0399007 0.0823463 0 
trait 2 0.2 0 0 0 0 0 0 0 
trait 3 0.3 0 0 0 0 0 0 0 
node 1 2 1 3
node 2 3 1 1
node 3 3 1 1
node 4 3 0 2
node 11 1 0 0
node 23 1 0 0
gene 2 1 4 3.8977 0 1 3.8977 1
gene 3 2 4 -0.397054 0 2 -0.397054 0
gene 3 3 4 -4.16209 0 3 -4.16209 1
gene 3 2 11 -0.893601 0 16 -0.893601 0
gene 3 11 4 6.89548 0 17 6.89548 1
gene 1 3 11 -1.66957 0 39 -1.66957 1
gene 3 2 23 -2.17973 0 48 -2.17973 1
gene 3 23 11 3.52637 0 49 3.52637 1
genomeend 139

/* Organism #140 Fitness: 4.03344 Error: 1.99166 */
genomestart 140
trait 1 0.154596 0 0 0 0 0.0399007 0.0823463 0 
trait 2 0.2 0 0 0 0 0 0 0 
trait 3 0.3 0 0 0 0 0 0 0 
node 1 2 1 3
node 2 3 1 1
node 3 3 1 1
node 4 3 0 2
node 11 1 0 0
node 23 1 0 0
gene 2 1 4 1.13606 0 1 1.13606 1
gene 3 2 4 1.02473 0 2 1.02473 0
gene 3 3 4 -1.8148 0 3 -1.8148 1
gene 3 2 11 -1.37182 0 16 -1.37182 0
gene 3 11 4 2.60642 0 17 2.60642 1
gene 1 3 11 -1.8309 0 39 -1.8309 1
gene 3 2 23 -1.4532 0 48 -1.4532 1
gene 3 23 11 2.03329 0 49 2.03329 1
genomeend 140

/* Organism #141 Fitness: 8.99791 Error: 1.00035 */
genomestart 141
trait 1 0.154596 0 0 0 0 0.0399007 0.0823463 0 
trait 2 0.2 0 0 0 0 0 0 0 
trait 3 0.3 0 0 0 0 0 0 0 
node 1 2 1 3
node 2 3 1 1
node 3 3 1 1
node 4 3 0 2
node 11 1 0 0
node 23 1 0 0
node 36 1 0 0
gene 2 1 4 2.04451 0 1 2.04451 1
gene 3 2 4 -0.00379806 0 2 -0.00379806 0
gene 3 3 4 -4.16209 0 3 -4.16209 1
gene 3 2 11 1.17823 0 16 1.17823 0
gene 3 11 4 4.91176 0 17 4.91176 1
gene 1 3 11 -0.457982 0 39 -0.457982 0
gene 3 2 23 -1.05163 0 48 -1.05163 1
gene 3 23 11 2.03329 0 49 2.03329 1
gene 1 3 36 1 0 88 0 1
gene 1 36 11 -0.457982 0 89 0 1
genomeend 141

/* Organism #142 Fitness: 4 Error: 2 */
genomestart 142
trait 1 0.154596 0 0 0 0 0.0399007 0.0823463 0 
trait 2 0.2 0 0 0 0 0 0 0 
trait 3 0.3 0 0 0 0 0 0 0 
node 1 2 1 3
node 2 3 1 1
node 3 3 1 1
node 4 3 0 2
node 11 1 0 0
node 23 1 0 0
gene 3 1 4 3.6914 0 1 3.6914 1
gene 3 2 4 2.85477 0 2 2.85477 0
gene 3 3 4 0.872559 0 3 0.872559 1
gene 3 2 11 -1.38683 0 16 -1.38683 0
gene 3 11 4 0.861112 0 17 0.861112 1
gene 1 3 11 2.47313 0 39 2.47313 1
gene 3 2 23 1.05822 0 48 1.05822 1
gene 3 23 11 -0.681184 0 49 -0.681184 1
genomeend 142

/* Organism #143 Fitness: 3.99987 Error: 2.00003 */
genomestart 143
trait 1 0.154596 0 0 0 0 0.0399007 0.0823463 0 
trait 2 0.2 0 0 0 0 0 0 0 
trait 3 0.3 0 0 0 0 0 0 0 
node 1 2 1 3
node 2 3 1 1
node 3 3 1 1
node 4 3 0 2
node 11 1 0 0
node 23 1 0 0
gene 2 1 4 0.910789 0 1 0.910789 1
gene 3 2 4 -0.80856 0 2 -0.80856 0
gene 3 3 4 -1.08484 0 3 -1.08484 1
gene 3 2 11 -1.20629 0 16 -1.20629 0
gene 3 11 4 2.27232 0 17 2.27232 1
gene 1 3 11 0.749062 0 39 0.749062 1
gene 3 2 23 -2.895 0 48 -2.895 1
gene 3 23 11 1.83353 0 49 1.83353 1
genomeend 143

/* Organism #144 Fitness: 4 Error: 2 */
genomestart 144
trait 1 0.154596 0 0 0 0 0.0399007 0.0823463 0 
trait 2 0.2 0 0 0 0 0 0 0 
trait 3 0.3 0 0 0 0 0 0 0 
node 1 2 1 3
node 2 3 1 1
node 3 3 1 1
node 4 3 0 2
node 11 1 0 0
node 23 1 0 0
gene 2 1 4 2.78746 0 1 2.78746 1
gene 3 2 4 -0.324629 0 2 -0.324629 1
gene 3 3 4 -2.24744 0 3 -2.24744 1
gene 3 2 11 0.322472 0 16 0.322472 0
gene 3 11 4 6.0101 0 17 6.0101 1
gene 1 3 11 1.53814 0 39 1.53814 1
gene 3 2 23 -0.448213 0 48 -0.448213 1
gene 3 23 11 0.9997 0 49 0.9997 1
genomeend 144

/* Organism #145 Fitness: 4 Error: 2 */
genomestart 145
trait 1 0.154596 0 0 0 0 0.0399007 0.0823463 0 
trait 2 0.2 0 0 0 0 0 0 0 
trait 3 0.3 0 0 0 0 0 0 0 
node 1 2 1 3
node 2 3 1 1
node 3 3 1 1
node 4 3 0 2
node 11 1 0 0
node 23 1 0 0
gene 2 1 4 2.44592 0 1 2.44592 1
gene 3 2 4 1.78443 0 2 1.78443 0
gene 3 3 4 -5.56389 0 3 -5.56389 1
gene 3 2 11 1.72486 0 16 1.72486 0
gene 3 11 4 -0.509332 0 17 -0.509332 1
gene 1 3 11 -1.73811 0 39 -1.73811 1
gene 3 2 23 1.15638 0 48 1.15638 1
gene 3 23 11 1.98062 0 49 1.98062 1
genomeend 145

/* Species #10 : (Size 1) (AF 4.08295) (Age 1)  */


/* Organism #146 Fitness: 4.08295 Error: 1.97937 */
genomestart 146
trait 1 0.410815 0.058821 0 0.0951162 0.0094486 0 0.253777 0.0801015 
trait 2 0.248249 0 0 0.0207541 0.0609098 0.00588727 0 0.0269262 
trait 3 0.3 0 0 0 0 0 0 0 
node 1 2 1 3
node 2 3 1 1
node 3 3 1 1
node 4 3 0 2
node 12 1 0 0
node 35 1 0 0
gene 3 1 4 -4.17555 0 1 -4.17555 1
gene 1 2 4 -0.545505 0 2 -0.545505 0
gene 3 3 4 -2.91053 0 3 -2.91053 1
gene 1 2 12 2.63712 0 18 2.63712 1
gene 1 12 4 5.34222 0 19 5.34222 0
gene 2 3 12 -1.05506 0 70 -1.05506 1
gene 1 12 35 1 0 85 0 1
gene 1 35 4 5.34222 0 86 0 1
genomeend 146

/* Species #11 : (Size 3) (AF 6.33611) (Age 1)  */


/* Organism #147 Fitness: 4.00001 Error: 2 */
genomestart 147
trait 1 0.318384 0 0 0 0 0.159603 0.329385 0 
trait 2 0.2 0 0 0 0 0 0 0 
trait 3 0.3 0 0 0 0 0 0 0 
node 1 2 1 3
node 2 3 1 1
node 3 3 1 1
node 4 3 0 2
node 11 1 0 0
node 22 1 0 0
gene 2 1 4 -3.0668 0 1 -3.0668 1
gene 3 2 4 -2.27154 0 2 -2.27154 0
gene 1 3 4 -4.31755 0 3 -4.31755 1
gene 3 2 11 2.82524 0 16 2.82524 1
gene 3 11 4 0.462624 0 17 0.462624 1
gene 3 2 22 1 0 46 1 1
gene 3 22 4 -0.0370815 0 47 -0.0370815 1
gene 2 22 11 -2.22377 0 64 -2.22377 1
gene 2 1 11 0.453421 0 84 0.453421 1
genomeend 147

/* Organism #148 Fitness: 8.88226 Error: 1.01969 */
genomestart 148
trait 1 0.318384 0 0 0 0 0.159603 0.329385 0 
trait 2 0.2 0 0 0 0 0 0 0 
trait 3 0.3 0 0 0 0 0 0 0 
node 1 2 1 3
node 2 3 1 1
node 3 3 1 1
node 4 3 0 2
node 11 1 0 0
node 22 1 0 0
gene 2 1 4 -2.32536 0 1 -2.32536 1
gene 3 2 4 -0.00445528 0 2 -0.00445528 0
gene 1 3 4 -2.00678 0 3 -2.00678 1
gene 3 2 11 2.03022 0 16 2.03022 1
gene 3 11 4 3.46222 0 17 3.46222 1
gene 3 2 22 1 0 46 0 1
gene 3 22 4 -0.00445528 0 47 0 1
gene 2 22 11 -0.298639 0 64 -0.298639 1
genomeend 148

/* Organism #149 Fitness: 6.12606 Error: 1.52491 */
genomestart 149
trait 1 0.318384 0 0 0 0 0.159603 0.329385 0 
trait 2 0.2 0 0 0 0 0 0 0 
trait 3 0.3 0 0 0 0 0 0 0 
node 1 2 1 3
node 2 3 1 1
node 3 3 1 1
node 4 3 0 2
node 11 1 0 0
node 22 1 0 0
gene 2 1 4 -0.337339 0 1 -0.337339 1
gene 3 2 4 0.962005 0 2 0.962005 0
gene 1 3 4 -2.5556 0 3 -2.5556 1
gene 3 2 11 2.16007 0 16 2.16007 1
gene 3 11 4 3.0754 0 17 3.0754 1
gene 3 2 22 -1.98343 0 46 -1.98343 1
gene 3 22 4 0.475331 0 47 0.475331 1
gene 2 22 11 -2.06431 0 64 -2.06431 1
gene 2 1 11 -1.84702 0 84 -1.84702 1
genomeend 149
