
/* Species #3 : (Size 6) (AF 7.33594) (Age 40)  */


/* Organism #0 Fitness: 9 Error: 1 */
genomestart 0
trait 1 0.1 0 0 0 0 0 0 0 
trait 2 0.2 0 0 0 0 0 0 0 
trait 3 0 0.992171 0.609578 0.567582 1 0 0 0 
node 1 3 1 3
node 2 3 1 1
node 3 3 1 1
node 4 2 0 2
node 11 1 0 0
gene 3 1 4 -0.0439507 0 1 -0.0439507 1
gene 2 2 4 6.6583 0 2 6.6583 1
gene 2 3 4 -7.80699 0 3 -7.80699 1
gene 3 3 11 5.66541 0 16 5.66541 1
gene 2 11 4 -8 0 17 -8 1
gene 3 2 11 -3.88734 0 227 -3.88734 1
gene 1 1 11 2.6371 0 379 2.6371 1
genomeend 0

/* Organism #1 Fitness: 9 Error: 1 */
genomestart 1
trait 1 0.1 0 0 0 0 0 0 0 
trait 2 0.2 0 0 0 0 0 0 0 
trait 3 0 0.992171 0.609578 0.567582 1 0 0 0 
node 1 3 1 3
node 2 3 1 1
node 3 3 1 1
node 4 2 0 2
node 11 1 0 0
gene 3 1 4 -2.21141 0 1 -2.21141 1
gene 2 2 4 8 0 2 8 1
gene 2 3 4 -6.77158 0 3 -6.77158 1
gene 3 3 11 3.53798 0 16 3.53798 1
gene 2 11 4 -8 0 17 -8 1
gene 3 2 11 -2.07713 0 227 -2.07713 1
gene 3 1 11 0.320075 0 394 0.320075 1
genomeend 1

/* Organism #2 Fitness: 4.00142 Error: 1.99964 */
genomestart 2
trait 1 0.1 0 0 0 0 0 0 0 
trait 2 0.2 0 0 0 0 0 0 0 
trait 3 0 0.992171 0.609578 0.567582 1 0 0 0 
node 1 3 1 3
node 2 3 1 1
node 3 3 1 1
node 4 2 0 2
node 11 1 0 0
gene 3 1 4 0.44172 0 1 0.44172 1
gene 2 2 4 5.9089 0 2 5.9089 1
gene 2 3 4 -8 0 3 -8 1
gene 3 3 11 4.82349 0 16 4.82349 1
gene 2 11 4 -8 0 17 -8 1
gene 3 2 11 -1.15868 0 227 -1.15868 1
gene 1 1 11 2.25194 0 379 2.25194 1
genomeend 2

/* Organism #3 Fitness: 8.99991 Error: 1.00002 */
genomestart 3
trait 1 0.1 0 0 0 0 0 0 0 
trait 2 0.2 0 0 0 0 0 0 0 
trait 3 0 0.992171 0.609578 0.567582 1 0 0 0 
node 1 3 1 3
node 2 3 1 1
node 3 3 1 1
node 4 2 0 2
node 11 1 0 0
gene 3 1 4 -2.21141 0 1 -2.21141 1
gene 2 2 4 8 0 2 8 1
gene 2 3 4 -6.15824 0 3 -6.15824 1
gene 3 3 11 1.41935 0 16 1.41935 1
gene 2 11 4 -6.667 0 17 -6.667 1
gene 3 2 11 0.211441 0 227 0.211441 1
gene 3 1 11 -1.0317 0 394 -1.0317 1
genomeend 3

/* Organism #4 Fitness: 4.01431 Error: 1.99643 */
genomestart 4
trait 1 0.1 0 0 0 0 0 0 0 
trait 2 0.2 0 0 0 0 0 0 0 
trait 3 0 0.992171 0.609578 0.567582 1 0 0 0 
node 1 3 1 3
node 2 3 1 1
node 3 3 1 1
node 4 2 0 2
node 11 1 0 0
gene 3 1 4 -1.63164 0 1 -1.63164 1
gene 2 2 4 2.24498 0 2 2.24498 1
gene 2 3 4 -7.80699 0 3 -7.80699 1
gene 3 3 11 6.36202 0 16 6.36202 1
gene 2 11 4 -8 0 17 -8 1
gene 3 2 11 -2.05038 0 227 -2.05038 1
gene 1 1 11 1.79288 0 379 1.79288 1
genomeend 4

/* Organism #5 Fitness: 9 Error: 1 */
genomestart 5
trait 1 0.1 0 0 0 0 0 0 0 
trait 2 0.2 0 0 0 0 0 0 0 
trait 3 0 0.992171 0.609578 0.567582 1 0 0 0 
node 1 3 1 3
node 2 3 1 1
node 3 3 1 1
node 4 2 0 2
node 11 1 0 0
gene 3 1 4 -0.0439507 0 1 -0.0439507 1
gene 2 2 4 6.6583 0 2 6.6583 1
gene 2 3 4 -7.80699 0 3 -7.80699 1
gene 3 3 11 5.66541 0 16 5.66541 1
gene 2 11 4 -8 0 17 -8 1
gene 3 2 11 -3.88734 0 227 -3.88734 1
gene 1 1 11 2.6371 0 379 2.6371 1
genomeend 5

/* Species #4 : (Size 7) (AF 8.65056) (Age 40)  */


/* Organism #6 Fitness: 9 Error: 1 */
genomestart 6
trait 1 0.1 0 0 0.132628 0 0.435992 0 0 
trait 2 0.0535237 0 0 0.141415 0.579635 0 0.24444 0.713981 
trait 3 0.3 0 0 0 0 0 0 0 
node 1 1 1 3
node 2 1 1 1
node 3 1 1 1
node 4 1 0 2
node 12 1 0 0
gene 1 1 4 -3.90226 0 1 -3.90226 1
gene 2 2 4 8 0 2 8 1
gene 2 3 4 8 0 3 8 1
gene 2 2 12 -5.9021 0 18 -5.9021 1
gene 2 12 4 0.36623 0 19 0.36623 0
gene 1 1 12 -0.12225 0 46 -0.12225 1
gene 3 3 12 2.88688 0 92 2.88688 1
genomeend 6

/* Organism #7 Fitness: 6.55792 Error: 1.43916 */
genomestart 7
trait 1 0.1 0 0 0.132628 0 0.435992 0 0 
trait 2 0.0535237 0 0 0 1 0 0.0511753 0 
trait 3 0.3 0 0 0 0 0 0 0 
node 1 1 1 3
node 2 1 1 1
node 3 1 1 1
node 4 1 0 2
node 12 1 0 0
gene 1 1 4 -0.0496695 0 1 -0.0496695 1
gene 2 2 4 8 0 2 8 1
gene 2 3 4 6.87437 0 3 6.87437 1
gene 2 2 12 -4.70355 0 18 -4.70355 1
gene 1 12 4 -2.45224 0 19 -2.45224 0
gene 1 1 12 -2.53065 0 46 -2.53065 1
gene 3 3 12 7.04939 0 92 7.04939 1
genomeend 7

/* Organism #8 Fitness: 9 Error: 1 */
genomestart 8
trait 1 0.1 0 0 0.132628 0 0.435992 0 0 
trait 2 0.0535237 0 0 0.141415 0.579635 0 0.24444 0.713981 
trait 3 0.3 0 0 0 0 0 0 0 
node 1 1 1 3
node 2 1 1 1
node 3 1 1 1
node 4 1 0 2
node 12 1 0 0
gene 1 1 4 -3.90226 0 1 -3.90226 1
gene 2 2 4 8 0 2 8 1
gene 2 3 4 7.91114 0 3 7.91114 1
gene 2 2 12 -3.01921 0 18 -3.01921 1
gene 2 12 4 0.36623 0 19 0.36623 0
gene 1 1 12 -0.12225 0 46 -0.12225 1
gene 3 3 12 4.62566 0 92 4.62566 1
genomeend 8

/* Organism #9 Fitness: 9 Error: 1 */
genomestart 9
trait 1 0.1 0 0 0.132628 0 0.435992 0 0 
trait 2 0.0535237 0 0 0.141415 0.579635 0 0.24444 0.713981 
trait 3 0.3 0 0 0 0 0 0 0 
node 1 1 1 3
node 2 1 1 1
node 3 1 1 1
node 4 1 0 2
node 12 1 0 0
gene 1 1 4 -3.90226 0 1 -3.90226 1
gene 2 2 4 8 0 2 8 1
gene 2 3 4 8 0 3 8 1
gene 2 2 12 -5.9021 0 18 -5.9021 1
gene 2 12 4 0.36623 0 19 0.36623 0
gene 1 1 12 -0.12225 0 46 -0.12225 1
gene 3 3 12 2.88688 0 92 2.88688 1
genomeend 9

/* Organism #10 Fitness: 8.99602 Error: 1.00066 */
genomestart 10
trait 1 0.1 0 0 0.132628 0 0.435992 0 0 
trait 2 0.0535237 0 0 0.141415 0.579635 0 0.24444 0.713981 
trait 3 0.3 0 0 0 0 0 0 0 
node 1 1 1 3
node 2 1 1 1
node 3 1 1 1
node 4 1 0 2
node 12 1 0 0
gene 1 1 4 -4.38354 0 1 -4.38354 1
gene 2 2 4 5.86947 0 2 5.86947 1
gene 2 3 4 8 0 3 8 1
gene 2 2 12 -4.08312 0 18 -4.08312 1
gene 2 12 4 -1.51964 0 19 -1.51964 0
gene 1 1 12 -0.16836 0 46 -0.16836 1
gene 3 3 12 5.2736 0 92 5.2736 1
genomeend 10

/* Organism #11 Fitness: 9 Error: 1 */
genomestart 11
trait 1 0.1 0 0 0.132628 0 0.435992 0 0 
trait 2 0.0535237 0 0 0.141415 0.579635 0 0.24444 0.713981 
trait 3 0.3 0 0 0 0 0 0 0 
node 1 1 1 3
node 2 1 1 1
node 3 1 1 1
node 4 1 0 2
node 12 1 0 0
gene 1 1 4 -3.90226 0 1 -3.90226 1
gene 2 2 4 6.9016 0 2 6.9016 1
gene 2 3 4 7.5174 0 3 7.5174 1
gene 2 2 12 -3.53362 0 18 -3.53362 1
gene 2 12 4 -0.537307 0 19 -0.537307 0
gene 1 1 12 -1.86696 0 46 -1.86696 1
gene 3 3 12 2.88688 0 92 2.88688 1
genomeend 11

/* Organism #12 Fitness: 9 Error: 1 */
genomestart 12
trait 1 0.1 0 0 0.132628 0 0.435992 0 0 
trait 2 0.0535237 0 0 0.141415 0.579635 0 0.24444 0.713981 
trait 3 0.3 0 0 0 0 0 0 0 
node 1 1 1 3
node 2 1 1 1
node 3 1 1 1
node 4 1 0 2
node 12 1 0 0
gene 1 1 4 -4.38504 0 1 -4.38504 1
gene 2 2 4 8 0 2 8 1
gene 2 3 4 7.91114 0 3 7.91114 1
gene 2 2 12 -3.01921 0 18 -3.01921 1
gene 1 12 4 0.157541 0 19 0.157541 0
gene 1 1 12 -2.53065 0 46 -2.53065 1
gene 3 3 12 4.62566 0 92 4.62566 1
genomeend 12

/* Species #5 : (Size 4) (AF 5.22225) (Age 38)  */


/* Organism #13 Fitness: 4.19325 Error: 1.95226 */
genomestart 13
trait 1 0.1 0 0 0 0 0 0 0 
trait 2 0.95 0 0 0 0 0 0 0 
trait 3 0.3 0 0 0 0 0 0 0 
node 1 1 1 3
node 2 2 1 1
node 3 1 1 1
node 4 2 0 2
node 19 1 0 0
gene 1 1 4 -2.71397 0 1 -2.71397 1
gene 3 2 4 4.19684 0 2 4.19684 1
gene 2 3 4 -3.26006 0 3 -3.26006 1
gene 2 3 19 2.74956 0 37 2.74956 1
gene 2 19 4 -2.09068 0 38 -2.09068 1
gene 3 1 19 3.06872 0 126 3.06872 1
gene 2 2 19 -0.155643 0 266 -0.155643 1
genomeend 13

/* Organism #14 Fitness: 7.86211 Error: 1.19605 */
genomestart 14
trait 1 0.1 0 0 0 0 0 0 0 
trait 2 0.95 0 0 0 0 0 0 0 
trait 3 0.3 0 0 0 0 0 0 0 
node 1 1 1 3
node 2 2 1 1
node 3 1 1 1
node 4 2 0 2
node 19 1 0 0
gene 3 1 4 0.041698 0 1 0.041698 1
gene 3 2 4 0.92495 0 2 0.92495 1
gene 2 3 4 -3.97836 0 3 -3.97836 1
gene 2 3 19 5.82824 0 37 5.82824 1
gene 2 19 4 -0.601003 0 38 -0.601003 1
gene 3 1 19 0.66107 0 126 0.66107 1
gene 2 2 19 0.0137136 0 266 0.0137136 1
genomeend 14

/* Organism #15 Fitness: 4.00255 Error: 1.99936 */
genomestart 15
trait 1 0.1 0 0 0 0 0 0 0 
trait 2 0.95 0 0 0 0 0 0 0 
trait 3 0.3 0 0 0 0 0 0 0 
node 1 1 1 3
node 2 2 1 1
node 3 1 1 1
node 4 2 0 2
node 19 1 0 0
gene 1 1 4 -3.48836 0 1 -3.48836 1
gene 3 2 4 2.65483 0 2 2.65483 1
gene 2 3 4 -2.23172 0 3 -2.23172 1
gene 2 3 19 4.42111 0 37 4.42111 1
gene 2 19 4 -0.660848 0 38 -0.660848 1
gene 3 1 19 1.40356 0 126 1.40356 1
gene 2 2 19 0.217877 0 266 0.217877 1
genomeend 15

/* Organism #16 Fitness: 4.83111 Error: 1.80202 */
genomestart 16
trait 1 0.1 0 0 0 0 0 0 0 
trait 2 0.95 0 0 0 0 0 0 0 
trait 3 0.3 0 0 0 0 0 0 0 
node 1 1 1 3
node 2 2 1 1
node 3 1 1 1
node 4 2 0 2
node 19 1 0 0
gene 1 1 4 0.811659 0 1 0.811659 1
gene 3 2 4 -0.459161 0 2 -0.459161 1
gene 2 3 4 -0.797915 0 3 -0.797915 1
gene 2 3 19 3.5008 0 37 3.5008 1
gene 2 19 4 -0.11572 0 38 -0.11572 1
gene 3 1 19 0.525174 0 126 0.525174 1
gene 2 2 19 -1.81012 0 266 -1.81012 1
genomeend 16

/* Species #7 : (Size 8) (AF 7.02316) (Age 37)  */


/* Organism #17 Fitness: 9 Error: 1 */
genomestart 17
trait 1 0.1 0 0 0 0 0 0 0 
trait 2 0.939499 0 0 0 0.178351 0 0.0400821 0.683293 
trait 3 0 0 0.993589 0 0 0 0 0 
node 1 1 1 3
node 2 3 1 1
node 3 1 1 1
node 4 1 0 2
node 12 1 0 0
gene 1 1 4 -4.30621 0 1 -4.30621 1
gene 2 2 4 8 0 2 8 1
gene 2 3 4 8 0 3 8 1
gene 2 2 12 6.29262 0 18 6.29262 1
gene 2 12 4 2.28829 0 19 2.28829 1
gene 1 1 12 -5.0021 0 35 -5.0021 1
gene 2 3 12 -6.20277 0 53 -6.20277 1
genomeend 17

/* Organism #18 Fitness: 4.55685 Error: 1.86532 */
genomestart 18
trait 1 0.1 0 0 0 0 0 0 0 
trait 2 0.939499 0 0 0 0.178351 0 0.0400821 0.683293 
trait 3 0.130492 0.480927 0.993589 0.387544 0 0.331138 0 0 
node 1 1 1 3
node 2 3 1 1
node 3 1 1 1
node 4 1 0 2
node 12 1 0 0
gene 1 1 4 0.377764 0 1 0.377764 1
gene 2 2 4 8 0 2 8 1
gene 2 3 4 8 0 3 8 1
gene 2 2 12 1.61341 0 18 1.61341 1
gene 2 12 4 2.54759 0 19 2.54759 1
gene 1 1 12 -5.0021 0 35 -5.0021 1
gene 2 3 12 -8 0 53 -8 1
genomeend 18

/* Organism #19 Fitness: 4 Error: 2 */
genomestart 19
trait 1 0.1 0 0 0 0 0 0 0 
trait 2 0.939499 0 0 0 0.178351 0 0.0400821 0.683293 
trait 3 0 0 0.993589 0 0 0 0 0 
node 1 1 1 3
node 2 3 1 1
node 3 3 1 1
node 4 1 0 2
node 12 1 0 0
gene 1 1 4 -3.87245 0 1 -3.87245 1
gene 2 2 4 -0.552158 0 2 -0.552158 1
gene 2 3 4 7.3854 0 3 7.3854 1
gene 2 2 12 4.0655 0 18 4.0655 1
gene 2 12 4 1.47253 0 19 1.47253 1
gene 1 1 12 -3.40799 0 35 -3.40799 1
gene 2 3 12 -6.33214 0 53 -6.33214 1
genomeend 19

/* Organism #20 Fitness: 4.00088 Error: 1.99978 */
genomestart 20
trait 1 0.1 0 0 0 0 0 0 0 
trait 2 0.939499 0 0 0 0.178351 0 0.0400821 0.683293 
trait 3 0 0 0.993589 0 0 0 0 0 
node 1 1 1 3
node 2 3 1 1
node 3 1 1 1
node 4 1 0 2
node 12 1 0 0
gene 1 1 4 1.70963 0 1 1.70963 1
gene 2 2 4 8 0 2 8 1
gene 2 3 4 6.82885 0 3 6.82885 1
gene 2 2 12 7.40155 0 18 7.40155 1
gene 2 12 4 2.62211 0 19 2.62211 1
gene 1 1 12 -7.03341 0 35 -7.03341 1
gene 2 3 12 -7.70794 0 53 -7.70794 1
genomeend 20

/* Organism #21 Fitness: 7.63107 Error: 1.23756 */
genomestart 21
trait 1 0.1 0 0 0 0 0 0 0 
trait 2 0.939499 0 0 0 0.178351 0 0.0400821 0.683293 
trait 3 0 0 0.993589 0 0 0 0 0 
node 1 1 1 3
node 2 3 1 1
node 3 1 1 1
node 4 1 0 2
node 12 1 0 0
gene 1 1 4 -3.48274 0 1 -3.48274 1
gene 2 2 4 8 0 2 8 1
gene 2 3 4 8 0 3 8 1
gene 2 2 12 -0.249675 0 18 -0.249675 1
gene 2 12 4 3.31202 0 19 3.31202 1
gene 3 1 12 0.790808 0 35 0.790808 1
gene 2 3 12 -7.94225 0 53 -7.94225 1
genomeend 21

/* Organism #22 Fitness: 8.99927 Error: 1.00012 */
genomestart 22
trait 1 0.1 0 0 0 0 0 0 0 
trait 2 0.939499 0 0 0 0.178351 0 0.0400821 0.683293 
trait 3 0 0 0.993589 0 0 0 0 0 
node 1 1 1 3
node 2 3 1 1
node 3 1 1 1
node 4 1 0 2
node 12 1 0 0
gene 1 1 4 -3.86385 0 1 -3.86385 1
gene 2 2 4 5.91894 0 2 5.91894 1
gene 2 3 4 5.70376 0 3 5.70376 1
gene 2 2 12 8 0 18 8 1
gene 2 12 4 0.409096 0 19 0.409096 1
gene 1 1 12 -4.30014 0 35 -4.30014 1
gene 2 3 12 -4.04243 0 53 -4.04243 1
genomeend 22

/* Organism #23 Fitness: 8.99724 Error: 1.00046 */
genomestart 23
trait 1 0.1 0 0 0 0 0 0 0 
trait 2 0.939499 0 0 0 0.178351 0 0.0400821 0.683293 
trait 3 0 0 0.993589 0 0 0 0 0 
node 1 1 1 3
node 2 3 1 1
node 3 1 1 1
node 4 1 0 2
node 12 1 0 0
gene 1 1 4 -5.99006 0 1 -5.99006 1
gene 2 2 4 6.72402 0 2 6.72402 1
gene 2 3 4 7.55033 0 3 7.55033 1
gene 2 2 12 8 0 18 8 1
gene 2 12 4 3.4674 0 19 3.4674 1
gene 1 1 12 -5.39269 0 35 -5.39269 1
gene 2 3 12 -8 0 53 -8 1
genomeend 23

/* Organism #24 Fitness: 9 Error: 1 */
genomestart 24
trait 1 0 0.651252 0 0 0 0 0 0 
trait 2 0.939499 0 0 0 0.178351 0 0.0400821 0.683293 
trait 3 0 0 0.993589 0 0 0 0 0 
node 1 1 1 3
node 2 3 1 1
node 3 1 1 1
node 4 1 0 2
node 12 1 0 0
gene 1 1 4 -4.81107 0 1 -4.81107 1
gene 2 2 4 6.21476 0 2 6.21476 1
gene 2 3 4 8 0 3 8 1
gene 2 2 12 5.93773 0 18 5.93773 1
gene 2 12 4 4.03793 0 19 4.03793 1
gene 1 1 12 -2.57695 0 35 -2.57695 1
gene 2 3 12 -6.4636 0 53 -6.4636 1
genomeend 24

/* Species #9 : (Size 8) (AF 7.99325) (Age 36)  */


/* Organism #25 Fitness: 9 Error: 1 */
genomestart 25
trait 1 0.1 0 0 0 0 0 0 0 
trait 2 0.379324 0.099547 0 0.411589 0.201598 0.101113 0.48888 0.416846 
trait 3 0.3 0 0 0 0 0 0 0 
node 1 3 1 3
node 2 1 1 1
node 3 1 1 1
node 4 1 0 2
node 12 1 0 0
gene 2 1 4 -3.93406 0 1 -3.93406 1
gene 2 2 4 8 0 2 8 1
gene 2 3 4 8 0 3 8 1
gene 2 2 12 -1.05032 0 18 -1.05032 0
gene 2 12 4 2.64443 0 19 2.64443 1
gene 1 3 12 -0.378836 0 36 -0.378836 0
gene 2 1 12 -3.48199 0 52 -3.48199 1
genomeend 25

/* Organism #26 Fitness: 8.96006 Error: 1.00666 */
genomestart 26
trait 1 0.1 0 0 0 0 0 0 0 
trait 2 0.379324 0.099547 0 0.411589 0.201598 0.101113 0.48888 0.416846 
trait 3 0.3 0 0 0 0 0 0 0 
node 1 3 1 3
node 2 1 1 1
node 3 1 1 1
node 4 1 0 2
node 12 1 0 0
gene 2 1 4 -1.01628 0 1 -1.01628 1
gene 2 2 4 8 0 2 8 1
gene 2 3 4 8 0 3 8 1
gene 2 2 12 1.32224 0 18 1.32224 0
gene 2 12 4 2.64443 0 19 2.64443 1
gene 1 3 12 -2.42412 0 36 -2.42412 0
gene 2 1 12 -5.60391 0 52 -5.60391 1
genomeend 26

/* Organism #27 Fitness: 8.99881 Error: 1.0002 */
genomestart 27
trait 1 0.1 0 0 0 0 0 0 0 
trait 2 0.379324 0.099547 0 0.411589 0.201598 0.101113 0.48888 0.416846 
trait 3 0.3 0 0 0 0 0 0 0 
node 1 3 1 3
node 2 1 1 1
node 3 1 1 1
node 4 1 0 2
node 12 1 0 0
gene 2 1 4 -2.57616 0 1 -2.57616 1
gene 2 2 4 6.07741 0 2 6.07741 1
gene 2 3 4 8 0 3 8 1
gene 2 2 12 -0.673458 0 18 -0.673458 0
gene 2 12 4 0.847105 0 19 0.847105 1
gene 1 3 12 -0.378836 0 36 -0.378836 0
gene 2 1 12 1.22176 0 52 1.22176 1
genomeend 27

/* Organism #28 Fitness: 9 Error: 1 */
genomestart 28
trait 1 0.1 0 0 0 0 0 0 0 
trait 2 0.379324 0.099547 0 0.411589 0.201598 0.101113 0.48888 0.416846 
trait 3 0.3 0 0 0 0 0 0 0 
node 1 3 1 3
node 2 1 1 1
node 3 1 1 1
node 4 1 0 2
node 12 1 0 0
gene 2 1 4 -3.07152 0 1 -3.07152 1
gene 2 2 4 8 0 2 8 1
gene 2 3 4 8 0 3 8 1
gene 2 2 12 -0.425286 0 18 -0.425286 0
gene 2 12 4 2.36412 0 19 2.36412 1
gene 1 3 12 -0.332747 0 36 -0.332747 0
gene 2 1 12 -5.15786 0 52 -5.15786 1
genomeend 28

/* Organism #29 Fitness: 9 Error: 1 */
genomestart 29
trait 1 0.1 0 0 0 0 0 0 0 
trait 2 0.379324 0.099547 0 0.411589 0.201598 0.101113 0.48888 0.416846 
trait 3 0.3 0 0 0 0 0 0 0 
node 1 2 1 3
node 2 1 1 1
node 3 1 1 1
node 4 1 0 2
node 12 1 0 0
gene 2 1 4 -3.93406 0 1 -3.93406 1
gene 2 2 4 8 0 2 8 1
gene 2 3 4 8 0 3 8 1
gene 2 2 12 -1.05032 0 18 -1.05032 0
gene 2 12 4 2.64443 0 19 2.64443 1
gene 1 3 12 -0.378836 0 36 -0.378836 0
gene 2 1 12 -3.48199 0 52 -3.48199 1
genomeend 29

/* Organism #30 Fitness: 4.13374 Error: 1.96684 */
genomestart 30
trait 1 0.1 0 0 0 0 0 0 0 
trait 2 0.379324 0.099547 0 0.411589 0.201598 0.101113 0.48888 0.416846 
trait 3 0.3 0 0 0 0 0 0 0 
node 1 3 1 3
node 2 1 1 1
node 3 1 1 1
node 4 1 0 2
node 12 1 0 0
gene 2 1 4 -6.42414 0 1 -6.42414 1
gene 2 2 4 8 0 2 8 1
gene 2 3 4 5.74192 0 3 5.74192 1
gene 2 2 12 -0.10232 0 18 -0.10232 0
gene 2 12 4 0.72972 0 19 0.72972 1
gene 1 3 12 0.326512 0 36 0.326512 0
gene 2 1 12 -3.25275 0 52 -3.25275 1
genomeend 30

/* Organism #31 Fitness: 5.85411 Error: 1.58047 */
genomestart 31
trait 1 0.1 0 0 0 0 0 0 0 
trait 2 0.379324 0.099547 0 0.411589 0.201598 0.101113 0.48888 0.416846 
trait 3 0.3 0 0 0 0 0 0 0 
node 1 3 1 3
node 2 1 1 1
node 3 1 1 1
node 4 1 0 2
node 12 1 0 0
node 136 1 0 0
gene 2 1 4 -3.93406 0 1 -3.93406 1
gene 2 2 4 8 0 2 8 0
gene 2 3 4 8 0 3 8 1
gene 2 2 12 -1.05032 0 18 -1.05032 0
gene 2 12 4 2.64443 0 19 2.64443 1
gene 1 3 12 -0.378836 0 36 -0.378836 0
gene 2 1 12 -3.48199 0 52 -3.48199 1
gene 2 2 136 1 0 415 0 1
gene 2 136 4 8 0 416 0 1
genomeend 31

/* Organism #32 Fitness: 8.99924 Error: 1.00013 */
genomestart 32
trait 1 0.1 0 0 0 0 0 0 0 
trait 2 0.379324 0.099547 0 0.411589 0.201598 0.101113 0.48888 0.416846 
trait 3 0.3 0 0 0 0 0 0 0 
node 1 3 1 3
node 2 1 1 1
node 3 1 1 1
node 4 1 0 2
node 12 1 0 0
gene 2 1 4 -4.73769 0 1 -4.73769 1
gene 2 2 4 6.56143 0 2 6.56143 1
gene 2 3 4 8 0 3 8 1
gene 2 2 12 -0.0522947 0 18 -0.0522947 0
gene 2 12 4 4.71324 0 19 4.71324 1
gene 1 3 12 1.73464 0 36 1.73464 0
gene 2 1 12 -5.78078 0 52 -5.78078 1
genomeend 32

/* Species #10 : (Size 8) (AF 7.58971) (Age 36)  */


/* Organism #33 Fitness: 9 Error: 1 */
genomestart 33
trait 1 0.1 0 0 0 0 0 0 0 
trait 2 0.107047 0 0 0 0.178351 0 0.48888 0.427963 
trait 3 0.3 0 0 0 0 0 0 0 
node 1 3 1 3
node 2 1 1 1
node 3 1 1 1
node 4 1 0 2
node 12 1 0 0
node 25 1 0 0
gene 1 1 4 -6.15336 0 1 -6.15336 1
gene 2 2 4 7.75361 0 2 7.75361 1
gene 2 3 4 7.05973 0 3 7.05973 1
gene 2 2 12 1.53311 0 18 1.53311 1
gene 2 12 4 5.24103 0 19 5.24103 1
gene 1 3 12 2.5441 0 36 2.5441 1
gene 2 12 25 4.80011 0 59 4.80011 1
gene 2 25 4 1.21707 0 60 1.21707 1
gene 3 1 12 -1.19903 0 70 -1.19903 1
gene 3 3 25 0.0863377 0 91 0.0863377 1
genomeend 33

/* Organism #34 Fitness: 5.71778 Error: 1.60881 */
genomestart 34
trait 1 0.1 0 0 0 0 0 0 0 
trait 2 0.107047 0 0 0 0.178351 0 0.48888 0.427963 
trait 3 0.3 0 0 0 0 0 0 0 
node 1 3 1 3
node 2 1 1 1
node 3 1 1 1
node 4 1 0 2
node 12 1 0 0
node 25 1 0 0
gene 1 1 4 -5.83614 0 1 -5.83614 1
gene 2 2 4 7.86962 0 2 7.86962 1
gene 2 3 4 7.05973 0 3 7.05973 1
gene 2 2 12 1.53311 0 18 1.53311 1
gene 2 12 4 -1.3311 0 19 -1.3311 1
gene 1 3 12 0.456851 0 36 0.456851 1
gene 2 12 25 6.43359 0 59 6.43359 1
gene 2 25 4 0.0377752 0 60 0.0377752 1
gene 3 1 12 0.936545 0 70 0.936545 1
gene 3 3 25 2.14692 0 91 2.14692 1
genomeend 34

/* Organism #35 Fitness: 9 Error: 1 */
genomestart 35
trait 1 0.1 0 0 0 0 0 0 0 
trait 2 0.107047 0 0 0 0.178351 0 0.48888 0.427963 
trait 3 0.3 0 0 0 0 0 0 0 
node 1 3 1 3
node 2 1 1 1
node 3 1 1 1
node 4 1 0 2
node 12 1 0 0
node 25 1 0 0
gene 1 1 4 -5.65846 0 1 -5.65846 1
gene 2 2 4 7.69813 0 2 7.69813 1
gene 2 3 4 7.41331 0 3 7.41331 1
gene 2 2 12 3.22559 0 18 3.22559 1
gene 2 12 4 3.72251 0 19 3.72251 1
gene 1 3 12 1.7235 0 36 1.7235 1
gene 2 12 25 0.146193 0 59 0.146193 1
gene 2 25 4 -1.06392 0 60 -1.06392 1
gene 3 1 12 -1.19903 0 70 -1.19903 1
gene 3 3 25 1.5305 0 91 1.5305 1
genomeend 35

/* Organism #36 Fitness: 8.99983 Error: 1.00003 */
genomestart 36
trait 1 0.1 0 0 0 0 0 0 0 
trait 2 0.107047 0 0 0 0.178351 0 0.48888 0.427963 
trait 3 0.3 0 0 0 0 0 0 0 
node 1 3 1 3
node 2 1 1 1
node 3 1 1 1
node 4 1 0 2
node 12 1 0 0
node 25 1 0 0
gene 1 1 4 -4.65204 0 1 -4.65204 1
gene 2 2 4 7.19527 0 2 7.19527 1
gene 2 3 4 6.86943 0 3 6.86943 1
gene 2 2 12 0.116651 0 18 0.116651 1
gene 2 12 4 5.21249 0 19 5.21249 1
gene 1 3 12 1.61667 0 36 1.61667 1
gene 2 12 25 2.53981 0 59 2.53981 1
gene 2 25 4 -1.02716 0 60 -1.02716 1
gene 3 1 12 -0.726349 0 70 -0.726349 1
gene 3 3 25 1.03102 0 91 1.03102 1
genomeend 36

/* Organism #37 Fitness: 9 Error: 1 */
genomestart 37
trait 1 0.1 0 0 0 0 0 0 0 
trait 2 0 0 0.838876 0 0.178351 0 0.22115 0.427963 
trait 3 0.3 0 0 0 0 0 0 0 
node 1 3 1 3
node 2 1 1 1
node 3 1 1 1
node 4 1 0 2
node 12 1 0 0
node 25 1 0 0
gene 1 1 4 -3.97261 0 1 -3.97261 1
gene 2 2 4 8 0 2 8 1
gene 2 3 4 7.8059 0 3 7.8059 1
gene 2 2 12 3.15591 0 18 3.15591 1
gene 2 12 4 6.90694 0 19 6.90694 1
gene 1 3 12 2.91647 0 36 2.91647 1
gene 2 12 25 6.12126 0 59 6.12126 1
gene 2 25 4 1.72373 0 60 1.72373 1
gene 3 1 12 -1.8983 0 70 -1.8983 1
gene 3 3 25 -0.362234 0 91 -0.362234 1
genomeend 37

/* Organism #38 Fitness: 1.00006 Error: 2.99997 */
genomestart 38
trait 1 0.1 0 0 0 0 0 0 0 
trait 2 0.107047 0 0 0 0.178351 0 0.48888 0.427963 
trait 3 0.3 0 0 0 0 0 0 0 
node 1 3 1 3
node 2 1 1 1
node 3 1 1 1
node 4 1 0 2
node 12 1 0 0
node 25 1 0 0
gene 1 1 4 -7.98819 0 1 -7.98819 1
gene 2 2 4 5.25568 0 2 5.25568 1
gene 2 3 4 0.865573 0 3 0.865573 1
gene 2 2 12 0.694851 0 18 0.694851 1
gene 2 12 4 6.17471 0 19 6.17471 1
gene 1 3 12 2.22637 0 36 2.22637 1
gene 2 12 25 4.26004 0 59 4.26004 1
gene 2 25 4 1.21707 0 60 1.21707 1
gene 3 1 12 -2.42457 0 70 -2.42457 1
gene 3 3 25 -0.0225632 0 91 -0.0225632 1
genomeend 38

/* Organism #39 Fitness: 9 Error: 1 */
genomestart 39
trait 1 0.1 0 0 0 0 0 0 0 
trait 2 0.107047 0 0 0 0.178351 0 0.48888 0.427963 
trait 3 0.3 0 0 0 0 0 0 0 
node 1 3 1 3
node 2 1 1 1
node 3 1 1 1
node 4 1 0 2
node 12 1 0 0
node 25 1 0 0
gene 1 1 4 -6.15336 0 1 -6.15336 1
gene 2 2 4 7.75361 0 2 7.75361 1
gene 2 3 4 7.05973 0 3 7.05973 1
gene 2 2 12 1.53311 0 18 1.53311 1
gene 2 12 4 5.24103 0 19 5.24103 1
gene 1 3 12 2.5441 0 36 2.5441 1
gene 2 12 25 4.80011 0 59 4.80011 1
gene 2 25 4 1.21707 0 60 1.21707 1
gene 3 1 12 -1.19903 0 70 -1.19903 1
gene 3 3 25 0.0863377 0 91 0.0863377 1
genomeend 39

/* Organism #40 Fitness: 9 Error: 1 */
genomestart 40
trait 1 0.1 0 0 0 0 0 0 0 
trait 2 0.107047 0 0 0 0.178351 0 0.48888 0.427963 
trait 3 0.3 0 0 0 0 0 0 0 
node 1 3 1 3
node 2 1 1 1
node 3 1 1 1
node 4 1 0 2
node 12 1 0 0
node 25 1 0 0
gene 1 1 4 -6.00095 0 1 -6.00095 1
gene 2 2 4 8 0 2 8 1
gene 2 3 4 6.28644 0 3 6.28644 1
gene 2 2 12 2.39555 0 18 2.39555 1
gene 2 12 4 5.54112 0 19 5.54112 1
gene 1 3 12 1.5749 0 36 1.5749 1
gene 2 12 25 4.66209 0 59 4.66209 1
gene 2 25 4 1.75781 0 60 1.75781 1
gene 3 1 12 -0.735848 0 70 -0.735848 1
gene 3 3 25 -2.17462 0 91 -2.17462 1
genomeend 40

/* Species #11 : (Size 3) (AF 4) (Age 35)  */


/* Organism #41 Fitness: 4 Error: 2 */
genomestart 41
trait 1 0.1 0 0 0.0884361 0 0 0 0 
trait 2 1 0 0 0.62263 0 0.990594 0.375661 0 
trait 3 0.3 0 0 0 0 0 0 0 
node 1 2 1 3
node 2 3 1 1
node 3 1 1 1
node 4 1 0 2
node 26 1 0 0
gene 3 1 4 2.48298 0 1 2.48298 1
gene 2 2 4 1.68384 0 2 1.68384 1
gene 2 3 4 -1.96221 0 3 -1.96221 0
gene 1 3 26 0.7555 0 62 0.7555 1
gene 2 26 4 -0.490516 0 63 -0.490516 0
gene 2 2 26 0.576551 0 275 0.576551 1
gene 3 1 26 8 0 313 8 1
genomeend 41

/* Organism #42 Fitness: 4 Error: 2 */
genomestart 42
trait 1 0.1 0 0 0.0884361 0 0 0 0 
trait 2 1 0 0 0.62263 0 0.990594 0.375661 0 
trait 3 0.3 0 0 0 0 0 0 0 
node 1 2 1 3
node 2 3 1 1
node 3 1 1 1
node 4 1 0 2
node 26 1 0 0
gene 3 1 4 1.29005 0 1 1.29005 1
gene 2 2 4 3.41567 0 2 3.41567 1
gene 2 3 4 -3.52991 0 3 -3.52991 0
gene 1 3 26 3.44073 0 62 3.44073 1
gene 2 26 4 7.03483 0 63 7.03483 0
gene 2 2 26 -0.496233 0 275 -0.496233 1
gene 3 1 26 7.20331 0 313 7.20331 1
genomeend 42

/* Organism #43 Fitness: 4 Error: 2 */
genomestart 43
trait 1 0.1 0 0 0.0884361 0 0 0 0 
trait 2 1 0 0 0.62263 0 0.990594 0.375661 0 
trait 3 0.3 0 0 0 0 0 0 0 
node 1 2 1 3
node 2 3 1 1
node 3 1 1 1
node 4 1 0 2
node 26 1 0 0
node 137 1 0 0
gene 3 1 4 -0.36879 0 1 -0.36879 1
gene 2 2 4 1.56096 0 2 1.56096 1
gene 2 3 4 -2.22311 0 3 -2.22311 0
gene 1 3 26 1.76787 0 62 1.76787 1
gene 2 26 4 6.12274 0 63 6.12274 0
gene 2 2 26 0.750703 0 275 0.750703 0
gene 3 1 26 6.18441 0 313 6.18441 1
gene 2 2 137 1 0 417 0 1
gene 2 137 26 0.750703 0 418 0 1
genomeend 43

/* Species #12 : (Size 8) (AF 8.21526) (Age 35)  */


/* Organism #44 Fitness: 9 Error: 1 */
genomestart 44
trait 1 0.263211 0.0351121 0.156713 0.0439569 0 0.381594 0 0 
trait 2 0.597082 0.496041 0 0.214089 0.062914 0.0605292 0 0 
trait 3 0.3 0 0 0 0 0 0 0 
node 1 1 1 3
node 2 1 1 1
node 3 1 1 1
node 4 1 0 2
node 7 1 0 0
gene 2 1 4 -3.65366 0 1 -3.65366 1
gene 2 2 4 -0.68569 0 2 -0.68569 1
gene 2 3 4 -0.00790479 0 3 -0.00790479 1
gene 2 2 7 8 0 8 8 1
gene 2 7 4 6.86159 0 9 6.86159 1
gene 3 3 7 5.6389 0 179 5.6389 1
gene 1 1 7 -4.1124 0 245 -4.1124 1
genomeend 44

/* Organism #45 Fitness: 7.17454 Error: 1.32147 */
genomestart 45
trait 1 0.263211 0.0351121 0.156713 0.0439569 0 0.381594 0 0 
trait 2 0.597082 0.496041 0 0.214089 0.062914 0.0605292 0 0 
trait 3 0.3 0 0 0 0 0 0 0 
node 1 1 1 3
node 2 1 1 1
node 3 1 1 1
node 4 1 0 2
node 7 1 0 0
gene 2 1 4 -1.38054 0 1 -1.38054 1
gene 2 2 4 -0.68569 0 2 -0.68569 1
gene 2 3 4 1.98494 0 3 1.98494 1
gene 2 2 7 8 0 8 8 1
gene 2 7 4 -0.19974 0 9 -0.19974 1
gene 3 3 7 6.83893 0 179 6.83893 1
gene 1 1 7 -4.1124 0 245 -4.1124 1
genomeend 45

/* Organism #46 Fitness: 4 Error: 2 */
genomestart 46
trait 1 0.263211 0.33939 0 0 0 0.381594 0 0 
trait 2 0.597082 0.496041 0 0.214089 0.062914 0.0605292 0 0 
trait 3 0.3 0 0 0 0 0 0 0 
node 1 1 1 3
node 2 1 1 1
node 3 1 1 1
node 4 1 0 2
node 7 1 0 0
gene 2 1 4 -1.8419 0 1 -1.8419 1
gene 2 2 4 0.640335 0 2 0.640335 0
gene 2 3 4 -0.987119 0 3 -0.987119 1
gene 2 2 7 8 0 8 8 1
gene 2 7 4 8 0 9 8 1
gene 1 3 7 5.6193 0 179 5.6193 1
gene 1 1 7 0.515645 0 245 0.515645 1
genomeend 46

/* Organism #47 Fitness: 6.05565 Error: 1.53918 */
genomestart 47
trait 1 0.263211 0.0351121 0.156713 0.0439569 0 0.381594 0 0 
trait 2 0.597082 0.496041 0 0.214089 0.062914 0.0605292 0 0 
trait 3 0.3 0.0709592 0 0 0 0.879249 0 0 
node 1 1 1 3
node 2 1 1 1
node 3 1 1 1
node 4 1 0 2
node 7 1 0 0
gene 2 1 4 -6.02591 0 1 -6.02591 1
gene 2 2 4 -2.25264 0 2 -2.25264 0
gene 2 3 4 -0.69179 0 3 -0.69179 1
gene 2 2 7 8 0 8 8 1
gene 2 7 4 6.01935 0 9 6.01935 1
gene 3 3 7 2.2718 0 179 2.2718 1
gene 1 1 7 -2.78802 0 245 -2.78802 1
genomeend 47

/* Organism #48 Fitness: 9 Error: 1 */
genomestart 48
trait 1 0.263211 0.0351121 0.156713 0.0439569 0 0.381594 0 0 
trait 2 0.597082 0.496041 0 0.214089 0.062914 0.0605292 0 0 
trait 3 0.3 0 0 0 0 0 0 0 
node 1 1 1 3
node 2 1 1 1
node 3 1 1 1
node 4 1 0 2
node 7 1 0 0
gene 2 1 4 -3.65366 0 1 -3.65366 1
gene 2 2 4 -0.68569 0 2 -0.68569 0
gene 2 3 4 1.40414 0 3 1.40414 1
gene 2 2 7 8 0 8 8 1
gene 2 7 4 6.86159 0 9 6.86159 1
gene 3 3 7 5.6389 0 179 5.6389 1
gene 1 1 7 -4.1124 0 245 -4.1124 1
genomeend 48

/* Organism #49 Fitness: 8.99994 Error: 1.00001 */
genomestart 49
trait 1 0.263211 0.0351121 0.156713 0.0439569 0 0.381594 0 0 
trait 2 0.597082 0.496041 0 0.214089 0.062914 0.0605292 0 0 
trait 3 0.3 0 0 0 0 0 0 0 
node 1 1 1 3
node 2 1 1 1
node 3 1 1 1
node 4 1 0 2
node 7 1 0 0
gene 2 1 4 -4.21094 0 1 -4.21094 1
gene 2 2 4 3.87447 0 2 3.87447 0
gene 2 3 4 1.63356 0 3 1.63356 1
gene 2 2 7 8 0 8 8 1
gene 2 7 4 6.5624 0 9 6.5624 1
gene 3 3 7 4.77824 0 179 4.77824 1
gene 1 1 7 -2.8815 0 245 -2.8815 1
genomeend 49

/* Organism #50 Fitness: 12.279 Error: 0.495854 */
/* ##------$ WINNER 50 SPECIES #12 $------## */
genomestart 50
trait 1 0.263211 0.0351121 0.156713 0.0439569 0 0.381594 0 0 
trait 2 0.597082 0.496041 0 0.214089 0.062914 0.0605292 0 0 
trait 3 0.3 0 0 0 0 0 0 0 
node 1 1 1 3
node 2 1 1 1
node 3 1 1 1
node 4 1 0 2
node 7 1 0 0
gene 2 1 4 -3.74876 0 1 -3.74876 1
gene 2 2 4 -1.02791 0 2 -1.02791 1
gene 2 3 4 -1.35012 0 3 -1.35012 1
gene 2 2 7 7.19375 0 8 7.19375 1
gene 2 7 4 5.20194 0 9 5.20194 1
gene 3 3 7 7.16346 0 179 7.16346 1
gene 1 1 7 -3.40235 0 245 -3.40235 1
genomeend 50

/* Organism #51 Fitness: 9.21287 Error: 0.964729 */
genomestart 51
trait 1 0.263211 0.0351121 0.156713 0.0439569 0 0.381594 0 0 
trait 2 0.597082 0.496041 0 0.214089 0.062914 0.0605292 0 0 
trait 3 0.3 0 0 0 0 0 0 0 
node 1 1 1 3
node 2 1 1 1
node 3 1 1 1
node 4 1 0 2
node 7 1 0 0
gene 2 1 4 -1.95641 0 1 -1.95641 1
gene 2 2 4 -2.83626 0 2 -2.83626 1
gene 2 3 4 -0.719928 0 3 -0.719928 1
gene 2 2 7 7.51407 0 8 7.51407 1
gene 2 7 4 6.17774 0 9 6.17774 1
gene 3 3 7 3.31148 0 179 3.31148 1
gene 1 1 7 -2.51906 0 245 -2.51906 1
genomeend 51

/* Species #13 : (Size 7) (AF 8.97103) (Age 35)  */


/* Organism #52 Fitness: 9 Error: 1 */
genomestart 52
trait 1 0.05 0 0 0.244437 0 0 0 0 
trait 2 0.501862 0 0.0977764 0 0 0.0427801 0 0 
trait 3 0.3 0 0 0 0 0 0 0 
node 1 1 1 3
node 2 2 1 1
node 3 1 1 1
node 4 1 0 2
node 19 1 0 0
node 27 2 0 0
gene 3 1 4 -8 0 1 -8 1
gene 1 2 4 7.92332 0 2 7.92332 1
gene 2 3 4 8 0 3 8 1
gene 2 3 19 5.66506 0 37 5.66506 1
gene 2 19 4 5.1513 0 38 5.1513 1
gene 2 2 19 1.31784 0 54 1.31784 1
gene 1 19 27 -6.92767 0 64 -6.92767 0
gene 2 27 4 4.0804 0 65 4.0804 1
genomeend 52

/* Organism #53 Fitness: 9 Error: 1 */
genomestart 53
trait 1 0.05 0 0 0.244437 0 0 0 0 
trait 2 0.501862 0 0.0977764 0 0 0.0427801 0 0 
trait 3 0.3 0 0 0 0 0 0 0 
node 1 1 1 3
node 2 2 1 1
node 3 1 1 1
node 4 1 0 2
node 19 1 0 0
node 27 2 0 0
gene 3 1 4 -8 0 1 -8 1
gene 1 2 4 7.81462 0 2 7.81462 1
gene 2 3 4 8 0 3 8 1
gene 2 3 19 4.20949 0 37 4.20949 1
gene 2 19 4 7.58229 0 38 7.58229 1
gene 2 2 19 0.899756 0 54 0.899756 1
gene 1 19 27 -8 0 64 -8 0
gene 2 27 4 6.4354 0 65 6.4354 1
genomeend 53

/* Organism #54 Fitness: 9 Error: 1 */
genomestart 54
trait 1 0.05 0 0 0.244437 0 0 0 0 
trait 2 0.501862 0 0.0977764 0 0 0.0427801 0 0 
trait 3 0.3 0 0 0 0 0 0 0 
node 1 1 1 3
node 2 2 1 1
node 3 1 1 1
node 4 1 0 2
node 19 1 0 0
node 27 2 0 0
gene 3 1 4 -5.81416 0 1 -5.81416 1
gene 1 2 4 8 0 2 8 1
gene 2 3 4 8 0 3 8 1
gene 2 3 19 4.03703 0 37 4.03703 1
gene 2 19 4 2.76233 0 38 2.76233 1
gene 2 2 19 3.45129 0 54 3.45129 1
gene 1 19 27 -7.79123 0 64 -7.79123 0
gene 2 27 4 4.19244 0 65 4.19244 1
genomeend 54

/* Organism #55 Fitness: 8.79718 Error: 1.034 */
genomestart 55
trait 1 0.05 0 0 0.244437 0 0 0 0 
trait 2 0.501862 0 0.0977764 0 0 0.0427801 0 0 
trait 3 0.3 0 0 0 0 0 0 0 
node 1 1 1 3
node 2 2 1 1
node 3 1 1 1
node 4 1 0 2
node 19 1 0 0
node 27 2 0 0
gene 3 1 4 -7.81894 0 1 -7.81894 1
gene 1 2 4 6.87279 0 2 6.87279 1
gene 2 3 4 8 0 3 8 1
gene 2 3 19 8 0 37 8 1
gene 2 19 4 5.51635 0 38 5.51635 1
gene 2 2 19 -0.177188 0 54 -0.177188 1
gene 1 19 27 -8 0 64 -8 0
gene 2 27 4 5.95452 0 65 5.95452 1
genomeend 55

/* Organism #56 Fitness: 9 Error: 1 */
genomestart 56
trait 1 0.05 0 0 0.244437 0 0 0 0 
trait 2 0.501862 0 0.0977764 0 0 0.0427801 0 0 
trait 3 0.3 0 0 0 0 0 0 0 
node 1 1 1 3
node 2 2 1 1
node 3 1 1 1
node 4 1 0 2
node 19 1 0 0
node 27 2 0 0
gene 3 1 4 -6.4411 0 1 -6.4411 1
gene 1 2 4 5.8888 0 2 5.8888 1
gene 2 3 4 6.3644 0 3 6.3644 1
gene 2 3 19 6.14137 0 37 6.14137 1
gene 2 19 4 6.28478 0 38 6.28478 1
gene 2 2 19 0.480643 0 54 0.480643 1
gene 1 19 27 -6.68858 0 64 -6.68858 1
gene 2 27 4 4.65295 0 65 4.65295 1
genomeend 56

/* Organism #57 Fitness: 9 Error: 1 */
genomestart 57
trait 1 0.05 0 0 0.244437 0 0 0 0 
trait 2 0.501862 0 0.0977764 0 0 0.0427801 0 0 
trait 3 0.3 0 0 0 0 0 0 0 
node 1 1 1 3
node 2 2 1 1
node 3 1 1 1
node 4 1 0 2
node 19 1 0 0
node 27 2 0 0
node 138 1 0 0
gene 3 1 4 -8 0 1 -8 1
gene 1 2 4 7.92332 0 2 7.92332 1
gene 2 3 4 8 0 3 8 1
gene 2 3 19 5.66506 0 37 5.66506 1
gene 2 19 4 5.1513 0 38 5.1513 1
gene 2 2 19 1.31784 0 54 1.31784 1
gene 1 19 27 -6.92767 0 64 -6.92767 0
gene 2 27 4 4.0804 0 65 4.0804 0
gene 2 27 138 1 0 419 0 1
gene 2 138 4 4.0804 0 420 0 1
genomeend 57

/* Organism #58 Fitness: 9 Error: 1 */
genomestart 58
trait 1 0.05 0 0 0.244437 0 0 0 0 
trait 2 0.501862 0 0.0977764 0 0 0.0427801 0 0 
trait 3 0.3 0 0 0 0 0 0 0 
node 1 1 1 3
node 2 2 1 1
node 3 1 1 1
node 4 1 0 2
node 19 1 0 0
node 27 2 0 0
gene 3 1 4 -6.66885 0 1 -6.66885 1
gene 1 2 4 6.36137 0 2 6.36137 1
gene 2 3 4 7.05326 0 3 7.05326 1
gene 2 3 19 4.34362 0 37 4.34362 1
gene 2 19 4 5.33275 0 38 5.33275 1
gene 2 2 19 1.99887 0 54 1.99887 1
gene 1 19 27 -5.00203 0 64 -5.00203 1
gene 2 27 4 3.82298 0 65 3.82298 1
genomeend 58

/* Species #14 : (Size 6) (AF 6.7083) (Age 35)  */


/* Organism #59 Fitness: 9 Error: 1 */
genomestart 59
trait 1 0.1 0.366033 0 0 0.0464313 0 0 0 
trait 2 0.2 0.159709 0 0.058176 0 0 0.406 0.18207 
trait 3 0.3 0 0 0 0 0 0 0 
node 1 1 1 3
node 2 2 1 1
node 3 1 1 1
node 4 1 0 2
node 19 1 0 0
node 28 1 0 0
gene 2 1 4 -3.60174 0 1 -3.60174 1
gene 3 2 4 3.13649 0 2 3.13649 1
gene 2 3 4 2.49818 0 3 2.49818 1
gene 2 3 19 1.39403 0 37 1.39403 0
gene 2 19 4 7.92595 0 38 7.92595 1
gene 2 2 19 3.18201 0 54 3.18201 1
gene 2 3 28 -7.30542 0 66 -7.30542 1
gene 2 28 19 -3.43807 0 67 -3.43807 1
gene 2 1 19 0.299855 0 151 0.299855 1
gene 3 28 4 -2.03158 0 166 -2.03158 1
gene 3 2 28 -1.56672 0 316 -1.56672 1
gene 2 1 28 -0.21783 0 382 -0.21783 1
genomeend 59

/* Organism #60 Fitness: 4 Error: 2 */
genomestart 60
trait 1 0.1 0.366033 0.0393669 0 0.0464313 0 0 0.00461041 
trait 2 0.2 0.159709 0 0.058176 0 0 0.406 0.18207 
trait 3 0.3 0 0 0 0 0 0 0 
node 1 1 1 3
node 2 2 1 1
node 3 1 1 1
node 4 1 0 2
node 19 1 0 0
node 28 1 0 0
gene 2 1 4 -3.60174 0 1 -3.60174 1
gene 3 2 4 3.13649 0 2 3.13649 1
gene 2 3 4 2.49818 0 3 2.49818 1
gene 2 3 19 1.39403 0 37 1.39403 0
gene 2 19 4 8 0 38 8 1
gene 2 2 19 5.34383 0 54 5.34383 1
gene 2 3 28 -5.29512 0 66 -5.29512 1
gene 2 28 19 -3.4979 0 67 -3.4979 1
gene 2 1 19 0.299855 0 151 0.299855 1
gene 3 28 4 -2.55804 0 166 -2.55804 1
gene 3 2 28 -1.56672 0 316 -1.56672 1
gene 2 1 28 -1.32759 0 382 -1.32759 1
genomeend 60

/* Organism #61 Fitness: 8.9593 Error: 1.00679 */
genomestart 61
trait 1 0.1 0.366033 0.0787337 0 0.0464313 0 0 0.00922082 
trait 2 0.2 0.159709 0 0.058176 0 0 0.406 0.18207 
trait 3 0.3 0 0 0 0 0 0 0 
node 1 1 1 3
node 2 2 1 1
node 3 1 1 1
node 4 1 0 2
node 19 1 0 0
node 28 1 0 0
gene 2 1 4 -0.612332 0 1 -0.612332 1
gene 3 2 4 0.143466 0 2 0.143466 1
gene 2 3 4 4.26605 0 3 4.26605 1
gene 2 3 19 3.90567 0 37 3.90567 0
gene 2 19 4 5.92699 0 38 5.92699 1
gene 2 2 19 7.58577 0 54 7.58577 1
gene 2 3 28 -6.48273 0 66 -6.48273 1
gene 2 28 19 -4.41817 0 67 -4.41817 1
gene 2 1 19 -2.5151 0 151 -2.5151 1
gene 3 28 4 -4.02096 0 166 -4.02096 1
gene 3 2 28 -1.91587 0 316 -1.91587 1
gene 2 1 28 -0.447355 0 382 -0.447355 1
genomeend 61

/* Organism #62 Fitness: 4.01795 Error: 1.99552 */
genomestart 62
trait 1 0.1 0.366033 0.0787337 0 0.0464313 0 0 0.00922082 
trait 2 0.2 0.159709 0 0.058176 0 0 0.406 0.18207 
trait 3 0.3 0 0 0 0 0 0 0 
node 1 1 1 3
node 2 2 1 1
node 3 1 1 1
node 4 1 0 2
node 19 1 0 0
node 28 1 0 0
gene 2 1 4 -2.6471 0 1 -2.6471 1
gene 3 2 4 -1.90978 0 2 -1.90978 1
gene 2 3 4 4.65121 0 3 4.65121 1
gene 2 3 19 2.407 0 37 2.407 0
gene 2 19 4 8 0 38 8 1
gene 2 2 19 7.48752 0 54 7.48752 1
gene 2 3 28 -4.34637 0 66 -4.34637 1
gene 2 28 19 0.618206 0 67 0.618206 1
gene 2 1 19 -2.00625 0 151 -2.00625 1
gene 2 28 4 -4.53821 0 166 -4.53821 1
gene 3 2 28 1.48058 0 316 1.48058 1
gene 2 1 28 0.533306 0 382 0.533306 1
genomeend 62

/* Organism #63 Fitness: 8.99572 Error: 1.00071 */
genomestart 63
trait 1 0.1 0.366033 0 0 0.0464313 0 0 0 
trait 2 0.2 0.159709 0 0.058176 0 0 0.406 0.18207 
trait 3 0.3 0 0 0 0 0 0 0 
node 1 1 1 3
node 2 2 1 1
node 3 1 1 1
node 4 1 0 2
node 19 1 0 0
node 28 1 0 0
gene 2 1 4 -1.20576 0 1 -1.20576 1
gene 3 2 4 5.46882 0 2 5.46882 1
gene 2 3 4 4.28313 0 3 4.28313 1
gene 2 3 19 -1.06104 0 37 -1.06104 0
gene 2 19 4 8 0 38 8 1
gene 2 2 19 2.10063 0 54 2.10063 1
gene 2 3 28 -7.68685 0 66 -7.68685 1
gene 2 28 19 -3.85368 0 67 -3.85368 1
gene 2 1 19 -0.995606 0 151 -0.995606 1
gene 3 28 4 -0.265462 0 166 -0.265462 1
gene 3 2 28 -0.515658 0 316 -0.515658 1
gene 2 1 28 1.52481 0 382 1.52481 1
genomeend 63

/* Organism #64 Fitness: 5.27681 Error: 1.70287 */
genomestart 64
trait 1 0.1 0.366033 0 0 0.0464313 0 0 0 
trait 2 0.485796 0 0 0 0.524408 0 0 0.876836 
trait 3 0.3 0 0 0 0 0 0 0 
node 1 1 1 3
node 2 2 1 1
node 3 1 1 1
node 4 1 0 2
node 19 1 0 0
node 28 1 0 0
gene 2 1 4 0.928929 0 1 0.928929 1
gene 3 2 4 -2.20938 0 2 -2.20938 1
gene 2 3 4 1.19753 0 3 1.19753 1
gene 2 3 19 0.182313 0 37 0.182313 0
gene 2 19 4 8 0 38 8 1
gene 2 2 19 0.270485 0 54 0.270485 1
gene 2 3 28 -8 0 66 -8 1
gene 2 28 19 -5.45871 0 67 -5.45871 1
gene 2 1 19 1.08361 0 151 1.08361 1
gene 3 28 4 -2.37089 0 166 -2.37089 1
gene 3 2 28 -2.23457 0 316 -2.23457 1
gene 2 1 28 -0.116248 0 382 -0.116248 1
genomeend 64

/* Species #15 : (Size 7) (AF 6.1241) (Age 34)  */


/* Organism #65 Fitness: 8.97893 Error: 1.00351 */
genomestart 65
trait 1 0.1 0 0 0 0 0 0 0 
trait 2 0.107047 0 0 0 0.178351 0 0.48888 0.427963 
trait 3 0.3 0 0 0 0 0 0 0 
node 1 3 1 3
node 2 1 1 1
node 3 1 1 1
node 4 1 0 2
node 12 2 0 0
node 25 1 0 0
node 116 2 0 0
gene 1 1 4 -0.469894 0 1 -0.469894 1
gene 2 2 4 2.87785 0 2 2.87785 0
gene 2 3 4 2.7582 0 3 2.7582 1
gene 2 2 12 -4.62999 0 18 -4.62999 1
gene 2 12 4 -1.36274 0 19 -1.36274 1
gene 1 3 12 -0.609197 0 36 -0.609197 1
gene 2 12 25 -3.03725 0 59 -3.03725 1
gene 2 25 4 2.4306 0 60 2.4306 1
gene 2 2 25 5.2067 0 71 5.2067 0
gene 1 1 25 -3.44906 0 274 -3.44906 1
gene 2 2 116 1.32805 0 344 0.828046 1
gene 2 116 25 5.04919 0 345 2.5246 1
gene 2 1 116 -0.342266 0 354 -0.342266 1
gene 1 1 12 0.929914 0 410 0.929914 1
genomeend 65

/* Organism #66 Fitness: 3.9483 Error: 2.01297 */
genomestart 66
trait 1 0.1 0 0 0 0 0 0 0 
trait 2 0.107047 0 0 0 0.178351 0 0.48888 0.427963 
trait 3 0.3 0 0 0 0 0 0 0 
node 1 3 1 3
node 2 1 1 1
node 3 1 1 1
node 4 1 0 2
node 12 2 0 0
node 25 1 0 0
node 116 1 0 0
gene 1 1 4 -2.62282 0 1 -2.62282 1
gene 2 2 4 1.14798 0 2 1.14798 0
gene 2 3 4 2.77792 0 3 2.77792 1
gene 2 2 12 -4.62999 0 18 -4.62999 1
gene 2 12 4 -1.36274 0 19 -1.36274 1
gene 1 3 12 -1.10512 0 36 -1.10512 1
gene 2 12 25 -3.30459 0 59 -3.30459 1
gene 2 25 4 0.730205 0 60 0.730205 1
gene 2 2 25 7.61149 0 71 7.61149 0
gene 1 1 25 -2.96628 0 274 -2.96628 1
gene 2 2 116 1.33126 0 344 1.33126 1
gene 2 116 25 3.78795 0 345 3.78795 1
gene 2 1 116 0.369585 0 354 0.369585 1
genomeend 66

/* Organism #67 Fitness: 3.98297 Error: 2.00426 */
genomestart 67
trait 1 0.1 0 0 0 0 0 0 0 
trait 2 0.107047 0 0 0 0.178351 0 0.48888 0.427963 
trait 3 0.3 0 0 0 0 0 0 0 
node 1 3 1 3
node 2 1 1 1
node 3 1 1 1
node 4 1 0 2
node 12 2 0 0
node 25 1 0 0
node 116 2 0 0
gene 1 1 4 -0.345024 0 1 -0.345024 1
gene 2 2 4 4.42365 0 2 4.42365 0
gene 2 3 4 3.27857 0 3 3.27857 1
gene 2 2 12 -2.29542 0 18 -2.29542 1
gene 2 12 4 0.245499 0 19 0.245499 1
gene 1 3 12 -1.89491 0 36 -1.89491 1
gene 2 12 25 -1.57379 0 59 -1.57379 1
gene 2 25 4 2.4306 0 60 2.4306 1
gene 2 2 25 7.18525 0 71 7.18525 0
gene 1 1 25 -2.83227 0 274 -2.83227 1
gene 2 2 116 0.250172 0 344 0.250172 1
gene 2 116 25 -1.49019 0 345 -1.49019 1
gene 2 1 116 -1.34829 0 354 -1.34829 1
gene 1 1 12 -0.730494 0 410 -0.730494 1
genomeend 67

/* Organism #68 Fitness: 8.97932 Error: 1.00345 */
genomestart 68
trait 1 0.1 0 0 0 0 0 0 0 
trait 2 0.107047 0 0 0 0.178351 0 0.48888 0.427963 
trait 3 0.3 0 0 0 0 0 0 0 
node 1 3 1 3
node 2 1 1 1
node 3 1 1 1
node 4 1 0 2
node 12 2 0 0
node 25 1 0 0
node 116 2 0 0
gene 1 1 4 -0.469894 0 1 -0.469894 1
gene 2 2 4 2.87785 0 2 2.87785 1
gene 2 3 4 2.7582 0 3 2.7582 1
gene 2 2 12 -4.62999 0 18 -4.62999 1
gene 2 12 4 -1.36274 0 19 -1.36274 1
gene 1 3 12 -0.609197 0 36 -0.609197 1
gene 2 12 25 -3.03725 0 59 -3.03725 1
gene 2 25 4 2.4306 0 60 2.4306 1
gene 2 2 25 5.2067 0 71 5.2067 0
gene 1 1 25 -3.44906 0 274 -3.44906 1
gene 2 2 116 1.32805 0 344 0.828046 1
gene 2 116 25 5.04919 0 345 2.5246 1
gene 2 1 116 -0.342266 0 354 -0.342266 1
gene 1 1 12 0.929914 0 410 0.929914 1
genomeend 68

/* Organism #69 Fitness: 8.97889 Error: 1.00352 */
genomestart 69
trait 1 0.1 0 0 0 0 0 0 0 
trait 2 0.107047 0 0 0 0.178351 0 0.48888 0.427963 
trait 3 0.3 0 0 0 0 0 0 0 
node 1 3 1 3
node 2 1 1 1
node 3 1 1 1
node 4 1 0 2
node 12 2 0 0
node 25 1 0 0
node 116 1 0 0
gene 1 1 4 -0.469894 0 1 -0.469894 1
gene 2 2 4 2.87785 0 2 2.87785 0
gene 2 3 4 2.7582 0 3 2.7582 1
gene 2 2 12 -4.62999 0 18 -4.62999 1
gene 2 12 4 -1.36274 0 19 -1.36274 1
gene 1 3 12 -0.609197 0 36 -0.609197 1
gene 2 12 25 -3.03725 0 59 -3.03725 1
gene 2 25 4 2.4306 0 60 2.4306 1
gene 2 2 25 5.2067 0 71 5.2067 0
gene 1 1 25 -3.44906 0 274 -3.44906 1
gene 2 2 116 1.32805 0 344 0.828046 1
gene 2 116 25 5.04919 0 345 2.5246 1
gene 2 1 116 -0.342266 0 354 -0.342266 1
gene 1 3 116 -0.0163225 0 421 -0.0163225 1
genomeend 69

/* Organism #70 Fitness: 4.00028 Error: 1.99993 */
genomestart 70
trait 1 0.1 0 0 0 0 0 0 0 
trait 2 0.107047 0 0 0 0.178351 0 0.48888 0.427963 
trait 3 0.3 0 0 0 0 0 0 0 
node 1 3 1 3
node 2 1 1 1
node 3 1 1 1
node 4 1 0 2
node 12 2 0 0
node 25 1 0 0
node 116 1 0 0
gene 1 1 4 1.75904 0 1 1.75904 1
gene 2 2 4 2.3175 0 2 2.3175 0
gene 2 3 4 0.293054 0 3 0.293054 1
gene 2 2 12 -1.53687 0 18 -1.53687 1
gene 2 12 4 -0.311343 0 19 -0.311343 1
gene 1 3 12 1.31343 0 36 1.31343 1
gene 2 12 25 -5.51906 0 59 -5.51906 1
gene 2 25 4 0.179558 0 60 0.179558 1
gene 2 2 25 -1.63898 0 71 -1.63898 0
gene 1 1 25 -5.86601 0 274 -5.86601 1
gene 2 2 116 0.731214 0 344 0.731214 1
gene 2 116 25 4.543 0 345 4.543 1
gene 2 1 116 0.137916 0 354 0.137916 1
genomeend 70

/* Organism #71 Fitness: 4 Error: 2 */
genomestart 71
trait 1 0.1 0 0 0 0 0 0 0 
trait 2 0.107047 0 0 0 0.178351 0 0.48888 0.427963 
trait 3 0.3 0 0 0 0 0 0 0 
node 1 3 1 3
node 2 1 1 1
node 3 1 1 1
node 4 1 0 2
node 12 2 0 0
node 25 1 0 0
node 116 2 0 0
gene 1 1 4 -2.42734 0 1 -2.42734 1
gene 2 2 4 1.33681 0 2 1.33681 0
gene 2 3 4 5.16785 0 3 5.16785 1
gene 2 2 12 -4.89689 0 18 -4.89689 1
gene 2 12 4 -2.45823 0 19 -2.45823 1
gene 1 3 12 -2.14491 0 36 -2.14491 1
gene 3 12 25 -5.00221 0 59 -5.00221 1
gene 2 25 4 0.0606563 0 60 0.0606563 1
gene 2 2 25 6.89942 0 71 6.89942 0
gene 1 1 25 -5.70788 0 274 -5.70788 1
gene 2 2 116 -1.0303 0 344 -1.0303 1
gene 2 116 25 3.78334 0 345 3.78334 1
gene 2 1 116 -2.70361 0 354 -2.70361 1
gene 1 1 12 -2.24437 0 410 -2.24437 1
genomeend 71

/* Species #16 : (Size 8) (AF 8.27096) (Age 28)  */


/* Organism #72 Fitness: 9 Error: 1 */
genomestart 72
trait 1 0.0564401 0.000378363 0 0.0314585 0 0.0276843 0 0.0367036 
trait 2 0.375881 0 0 0.21118 0 0 0 0.162414 
trait 3 0.3 0 0 0 0 0 0 0 
node 1 1 1 3
node 2 2 1 1
node 3 1 1 1
node 4 1 0 2
node 20 1 0 0
node 50 1 0 0
gene 2 1 4 -1.0607 0 1 -1.0607 1
gene 3 2 4 6.3357 0 2 6.3357 1
gene 2 3 4 8 0 3 8 1
gene 1 2 20 -3.2092 0 40 -3.2092 1
gene 3 20 4 -3.05938 0 41 -3.05938 1
gene 1 2 50 -0.907295 0 139 -0.907295 1
gene 1 50 20 2.13938 0 140 2.13938 1
genomeend 72

/* Organism #73 Fitness: 8.99995 Error: 1.00001 */
genomestart 73
trait 1 0.0564401 0.000378363 0 0.0314585 0 0.0276843 0 0.0367036 
trait 2 0.375881 0 0 0.21118 0 0 0 0.162414 
trait 3 0.3 0 0 0 0 0 0 0 
node 1 1 1 3
node 2 2 1 1
node 3 1 1 1
node 4 1 0 2
node 20 1 0 0
node 50 1 0 0
gene 2 1 4 -1.29578 0 1 -1.29578 1
gene 3 2 4 4.8706 0 2 4.8706 1
gene 2 3 4 8 0 3 8 1
gene 1 2 20 -2.11718 0 40 -2.11718 1
gene 3 20 4 -2.10601 0 41 -2.10601 1
gene 2 2 50 -1.60503 0 139 -1.60503 1
gene 1 50 20 0.0205259 0 140 0.0205259 1
genomeend 73

/* Organism #74 Fitness: 8.99998 Error: 1 */
genomestart 74
trait 1 0.0564401 0.000378363 0 0.0314585 0 0.0276843 0 0.0367036 
trait 2 0.375881 0 0 0.21118 0 0 0 0.162414 
trait 3 0.3 0 0 0 0 0 0 0 
node 1 1 1 3
node 2 2 1 1
node 3 1 1 1
node 4 1 0 2
node 20 1 0 0
node 50 1 0 0
node 132 1 0 0
gene 2 1 4 -2.16141 0 1 -2.16141 1
gene 1 2 4 8 0 2 8 1
gene 2 3 4 5.76926 0 3 5.76926 1
gene 1 2 20 0.651024 0 40 0.651024 1
gene 3 20 4 1.37932 0 41 1.37932 0
gene 1 2 50 0.38854 0 139 0.38854 1
gene 1 50 20 1.18474 0 140 1.18474 1
gene 3 20 132 2.01149 0 399 2.01149 1
gene 3 132 4 -0.474634 0 400 -0.474634 1
genomeend 74

/* Organism #75 Fitness: 8.96234 Error: 1.00628 */
genomestart 75
trait 1 0.0564401 0.000378363 0 0.0314585 0 0.0276843 0 0.0367036 
trait 2 0.375881 0 0 0.21118 0 0 0 0.162414 
trait 3 0.3 0 0 0 0 0 0 0 
node 1 1 1 3
node 2 2 1 1
node 3 1 1 1
node 4 1 0 2
node 20 1 0 0
node 50 1 0 0
node 132 1 0 0
gene 2 1 4 -2.28265 0 1 -2.28265 1
gene 1 2 4 4.45916 0 2 4.45916 1
gene 2 3 4 8 0 3 8 1
gene 1 2 20 -3.76372 0 40 -3.76372 1
gene 3 20 4 1.32369 0 41 1.32369 0
gene 1 2 50 1.24502 0 139 1.24502 1
gene 1 50 20 0.648817 0 140 0.648817 1
gene 3 20 132 0.333644 0 399 0.333644 1
gene 3 132 4 -2.29641 0 400 -2.29641 1
genomeend 75

/* Organism #76 Fitness: 8.99964 Error: 1.00006 */
genomestart 76
trait 1 0.0564401 0.000378363 0 0.0314585 0 0.0276843 0 0.0367036 
trait 2 0.375881 0 0 0.21118 0 0 0 0.162414 
trait 3 0.3 0 0 0 0 0 0 0 
node 1 1 1 3
node 2 2 1 1
node 3 1 1 1
node 4 1 0 2
node 20 1 0 0
node 50 1 0 0
node 132 1 0 0
gene 2 1 4 -1.08984 0 1 -1.08984 1
gene 1 2 4 4.53685 0 2 4.53685 1
gene 2 3 4 6.22353 0 3 6.22353 1
gene 1 2 20 -2.68082 0 40 -2.68082 1
gene 3 20 4 -0.354401 0 41 -0.354401 0
gene 1 2 50 -0.534978 0 139 -0.534978 1
gene 1 50 20 6.92258 0 140 6.92258 1
gene 3 20 132 2.31741 0 399 2.31741 1
gene 3 132 4 -0.888259 0 400 -0.888259 1
genomeend 76

/* Organism #77 Fitness: 8.96786 Error: 1.00536 */
genomestart 77
trait 1 0.0564401 0.000378363 0 0.0314585 0 0.0276843 0 0.0367036 
trait 2 0.375881 0 0 0.21118 0 0 0 0.162414 
trait 3 0.3 0 0 0 0 0 0 0 
node 1 1 1 3
node 2 2 1 1
node 3 1 1 1
node 4 1 0 2
node 20 1 0 0
node 50 1 0 0
gene 2 1 4 -1.0607 0 1 -1.0607 1
gene 1 2 4 6.3357 0 2 6.3357 1
gene 2 3 4 8 0 3 8 1
gene 1 2 20 -3.2092 0 40 -3.2092 1
gene 3 20 4 -0.885224 0 41 -0.885224 0
gene 1 2 50 -0.907295 0 139 -0.907295 1
gene 1 50 20 4.56239 0 140 4.56239 1
genomeend 77

/* Organism #78 Fitness: 8.23785 Error: 1.12983 */
genomestart 78
trait 1 0.0564401 0.000378363 0 0.0314585 0 0.0276843 0 0.0367036 
trait 2 0.375881 0 0 0.21118 0 0 0 0.162414 
trait 3 0.3 0 0 0 0 0 0 0 
node 1 1 1 3
node 2 2 1 1
node 3 1 1 1
node 4 1 0 2
node 20 1 0 0
node 50 1 0 0
gene 2 1 4 -0.386336 0 1 -0.386336 1
gene 1 2 4 5.1162 0 2 5.1162 1
gene 2 3 4 8 0 3 8 1
gene 1 2 20 -4.17721 0 40 -4.17721 1
gene 3 20 4 -3.26235 0 41 -3.26235 0
gene 1 2 50 0.836176 0 139 0.836176 1
gene 1 50 20 5.22874 0 140 5.22874 1
genomeend 78

/* Organism #79 Fitness: 4.00001 Error: 2 */
genomestart 79
trait 1 0.0564401 0.000378363 0 0.0314585 0 0.0276843 0 0.0367036 
trait 2 0.375881 0 0 0.21118 0 0 0 0.162414 
trait 3 0.3 0 0 0 0 0 0 0 
node 1 1 1 3
node 2 2 1 1
node 3 1 1 1
node 4 1 0 2
node 20 1 0 0
node 50 1 0 0
node 132 1 0 0
gene 2 1 4 -1.91577 0 1 -1.91577 1
gene 1 2 4 -2.30565 0 2 -2.30565 1
gene 2 3 4 8 0 3 8 1
gene 1 2 20 -1.63342 0 40 -1.63342 1
gene 3 20 4 -1.73108 0 41 -1.73108 0
gene 1 2 50 1.30968 0 139 1.30968 1
gene 1 50 20 0.0360884 0 140 0.0360884 1
gene 3 20 132 -0.191728 0 399 -0.191728 1
gene 3 132 4 -2.54288 0 400 -2.54288 1
genomeend 79

/* Species #17 : (Size 7) (AF 6.33731) (Age 28)  */


/* Organism #80 Fitness: 9 Error: 1 */
genomestart 80
trait 1 0.1 0 0 0 0 0.274298 0 0 
trait 2 0.107047 0 0 0.457289 0.691881 0 0.541496 0.427963 
trait 3 0.3 0 0 0 0 0 0 0 
node 1 3 1 3
node 2 1 1 1
node 3 1 1 1
node 4 1 0 2
node 12 1 0 0
node 45 1 0 0
gene 1 1 4 -4.04111 0 1 -4.04111 1
gene 2 2 4 6.37292 0 2 6.37292 1
gene 2 3 4 8 0 3 8 1
gene 2 2 12 0.873262 0 18 0.873262 1
gene 2 12 4 1.43159 0 19 1.43159 1
gene 1 1 12 -1.92472 0 46 -1.92472 1
gene 2 2 45 1.43964 0 116 1.43964 1
gene 2 45 12 3.76436 0 117 3.76436 1
gene 2 45 4 0.285144 0 143 0.285144 1
gene 1 3 12 1.95542 0 153 1.95542 0
gene 3 1 45 -0.94318 0 196 -0.94318 1
genomeend 80

/* Organism #81 Fitness: 1.88494 Error: 2.62707 */
genomestart 81
trait 1 0.1 0 0 0 0 0.274298 0 0 
trait 2 0.107047 0 0 0.457289 0.691881 0 0.541496 0.427963 
trait 3 0.3 0 0 0 0 0 0 0 
node 1 3 1 3
node 2 1 1 1
node 3 1 1 1
node 4 1 0 2
node 12 1 0 0
node 45 1 0 0
gene 1 1 4 -5.2068 0 1 -5.2068 1
gene 2 2 4 5.62919 0 2 5.62919 1
gene 2 3 4 5.11003 0 3 5.11003 1
gene 2 2 12 -0.00690605 0 18 -0.00690605 1
gene 2 12 4 4.90465 0 19 4.90465 1
gene 1 1 12 -2.92607 0 46 -2.92607 1
gene 2 2 45 1.44243 0 116 1.44243 1
gene 2 45 12 1.08025 0 117 1.08025 1
gene 2 45 4 -0.567362 0 143 -0.567362 1
gene 1 3 12 2.8284 0 153 2.8284 0
gene 3 1 45 0.544021 0 196 0.544021 1
genomeend 81

/* Organism #82 Fitness: 4 Error: 2 */
genomestart 82
trait 1 0.1 0 0 0 0 0.274298 0 0 
trait 2 0.107047 0 0 0.457289 0.691881 0 0.541496 0.427963 
trait 3 0.3 0 0 0 0 0 0 0 
node 1 3 1 3
node 2 1 1 1
node 3 1 1 1
node 4 1 0 2
node 12 1 0 0
node 45 1 0 0
gene 1 1 4 -5.10329 0 1 -5.10329 1
gene 2 2 4 2.14601 0 2 2.14601 1
gene 2 3 4 8 0 3 8 1
gene 2 2 12 -1.349 0 18 -1.349 1
gene 2 12 4 1.25018 0 19 1.25018 1
gene 1 1 12 -0.814438 0 46 -0.814438 1
gene 2 2 45 2.58014 0 116 2.58014 1
gene 2 45 12 3.16238 0 117 3.16238 1
gene 2 45 4 -1.12184 0 143 -1.12184 1
gene 1 3 12 2.17928 0 153 2.17928 0
gene 3 1 45 -2.55594 0 196 -2.55594 1
genomeend 82

/* Organism #83 Fitness: 7.32526 Error: 1.29348 */
genomestart 83
trait 1 0.1 0 0 0 0 0.274298 0 0 
trait 2 0.107047 0 0 0.457289 0.691881 0 0.541496 0.427963 
trait 3 0.3 0 0 0 0 0 0 0 
node 1 2 1 3
node 2 1 1 1
node 3 1 1 1
node 4 1 0 2
node 12 1 0 0
node 45 1 0 0
gene 1 1 4 -4.14318 0 1 -4.14318 1
gene 2 2 4 4.32192 0 2 4.32192 1
gene 2 3 4 5.49664 0 3 5.49664 1
gene 2 2 12 2.16686 0 18 2.16686 1
gene 2 12 4 6.44857 0 19 6.44857 1
gene 1 1 12 -4.21257 0 46 -4.21257 1
gene 2 2 45 0.0840893 0 116 0.0840893 1
gene 2 45 12 1.06155 0 117 1.06155 1
gene 2 45 4 -0.389788 0 143 -0.389788 1
gene 1 3 12 3.45227 0 153 3.45227 1
gene 3 1 45 -2.55594 0 196 -2.55594 1
genomeend 83

/* Organism #84 Fitness: 8.99997 Error: 1.00001 */
genomestart 84
trait 1 0.1 0 0 0 0 0.274298 0 0 
trait 2 0.107047 0 0 0.457289 0.691881 0 0.541496 0.427963 
trait 3 0.3 0 0 0 0 0 0 0 
node 1 2 1 3
node 2 1 1 1
node 3 1 1 1
node 4 1 0 2
node 12 1 0 0
node 45 1 0 0
gene 1 1 4 -3.16091 0 1 -3.16091 1
gene 2 2 4 3.69658 0 2 3.69658 1
gene 2 3 4 5.62501 0 3 5.62501 1
gene 2 2 12 2.68318 0 18 2.68318 1
gene 2 12 4 6.30357 0 19 6.30357 1
gene 1 1 12 -2.61578 0 46 -2.61578 1
gene 2 2 45 2.21981 0 116 2.21981 1
gene 2 45 12 2.67475 0 117 2.67475 1
gene 2 45 4 -0.364989 0 143 -0.364989 1
gene 1 3 12 0.561534 0 153 0.561534 0
gene 3 1 45 -2.55594 0 196 -2.55594 1
genomeend 84

/* Organism #85 Fitness: 4.15297 Error: 1.96212 */
genomestart 85
trait 1 0.1 0 0 0 0 0.274298 0 0 
trait 2 0.107047 0 0 0.457289 0.691881 0 0.541496 0.427963 
trait 3 0.3 0 0 0 0 0 0 0 
node 1 3 1 3
node 2 1 1 1
node 3 1 1 1
node 4 1 0 2
node 12 1 0 0
node 45 1 0 0
gene 1 1 4 -5.2537 0 1 -5.2537 1
gene 2 2 4 8 0 2 8 1
gene 2 3 4 5.63466 0 3 5.63466 1
gene 2 2 12 2.20163 0 18 2.20163 1
gene 2 12 4 3.86268 0 19 3.86268 1
gene 1 1 12 -2.00165 0 46 -2.00165 1
gene 2 2 45 -0.419946 0 116 -0.419946 1
gene 2 45 12 4.30613 0 117 4.30613 1
gene 2 45 4 2.06092 0 143 2.06092 1
gene 1 3 12 0.502901 0 153 0.502901 0
gene 3 1 45 1.02781 0 196 1.02781 1
genomeend 85

/* Organism #86 Fitness: 8.99804 Error: 1.00033 */
genomestart 86
trait 1 0.1 0 0 0 0 0.274298 0 0 
trait 2 0.107047 0 0 0.457289 0.691881 0 0.541496 0.427963 
trait 3 0.3 0 0 0 0 0 0 0 
node 1 2 1 3
node 2 1 1 1
node 3 1 1 1
node 4 1 0 2
node 12 1 0 0
node 45 1 0 0
gene 1 1 4 -6.37054 0 1 -6.37054 1
gene 2 2 4 5.05524 0 2 5.05524 1
gene 2 3 4 8 0 3 8 1
gene 2 2 12 3.68784 0 18 3.68784 1
gene 2 12 4 7.12612 0 19 7.12612 1
gene 1 1 12 -2.63034 0 46 -2.63034 1
gene 2 2 45 0.925973 0 116 0.925973 1
gene 2 45 12 3.56841 0 117 3.56841 1
gene 2 45 4 0.148542 0 143 0.148542 1
gene 1 3 12 1.95542 0 153 1.95542 0
gene 3 1 45 -2.55594 0 196 -2.55594 1
genomeend 86

/* Species #18 : (Size 5) (AF 7.03325) (Age 28)  */


/* Organism #87 Fitness: 5.6731 Error: 1.61817 */
genomestart 87
trait 1 0.1 0 0 0 0 0 0 0 
trait 2 0.193122 0 0 0.0885791 0.178351 0 0.534843 0.427963 
trait 3 0.3 0 0.917842 0 0.0790527 0 0 0 
node 1 3 1 3
node 2 1 1 1
node 3 2 1 1
node 4 1 0 2
node 12 1 0 0
node 25 1 0 0
node 46 1 0 0
node 98 1 0 0
gene 2 1 4 0.808888 0 1 0.808888 1
gene 2 2 4 -2.80445 0 2 -2.80445 0
gene 1 3 4 -0.711049 0 3 -0.711049 1
gene 2 2 12 4.24311 0 18 4.24311 0
gene 2 12 4 2.20759 0 19 2.20759 0
gene 1 3 12 3.83946 0 36 3.83946 1
gene 2 12 25 1.44242 0 59 1.44242 1
gene 2 25 4 2.84126 0 60 2.84126 1
gene 2 2 25 -8 0 71 -8 1
gene 2 25 46 0.992299 0 122 0.992299 1
gene 2 46 4 4.47229 0 123 4.47229 1
gene 3 12 46 -4.82971 0 133 -4.82971 1
gene 2 3 25 3.6194 0 279 3.6194 1
gene 2 2 98 5.25863 0 287 5.25863 1
gene 2 98 12 -2.32247 0 288 -2.32247 1
genomeend 87

/* Organism #88 Fitness: 8.35167 Error: 1.11007 */
genomestart 88
trait 1 0 0.17972 0 0 0.969679 0 0 0.520271 
trait 2 0.193122 0 0 0.0885791 0.178351 0 0.534843 0.427963 
trait 3 0.3 0 0.917842 0 0.0790527 0 0 0 
node 1 3 1 3
node 2 1 1 1
node 3 2 1 1
node 4 1 0 2
node 12 1 0 0
node 25 1 0 0
node 46 1 0 0
node 98 1 0 0
node 139 1 0 0
gene 2 1 4 0.910794 0 1 0.910794 1
gene 2 2 4 0.80219 0 2 0.80219 0
gene 1 3 4 -1.35778 0 3 -1.35778 1
gene 2 2 12 -1.91409 0 18 -1.91409 0
gene 2 12 4 1.10079 0 19 1.10079 0
gene 1 3 12 4.778 0 36 4.778 1
gene 2 12 25 3.84554 0 59 3.84554 1
gene 2 25 4 4.37845 0 60 4.37845 1
gene 2 2 25 -7.40304 0 71 -7.40304 1
gene 2 25 46 1.80114 0 122 1.80114 1
gene 2 46 4 5.5398 0 123 5.5398 1
gene 3 12 46 -4.32643 0 133 -4.32643 1
gene 2 3 25 -1.12636 0 279 -1.12636 0
gene 2 2 98 -0.408647 0 287 -0.408647 1
gene 2 98 12 -1.61834 0 288 -1.61834 1
gene 2 3 139 1 0 422 0 1
gene 2 139 25 -1.12636 0 423 0 1
genomeend 88

/* Organism #89 Fitness: 8.18073 Error: 1.1398 */
genomestart 89
trait 1 0.1 0 0 0 0 0 0 0 
trait 2 0.193122 0 0 0.0885791 0.178351 0 0.534843 0.427963 
trait 3 0.3 0 0.917842 0 0.0790527 0 0 0 
node 1 3 1 3
node 2 1 1 1
node 3 2 1 1
node 4 1 0 2
node 12 1 0 0
node 25 1 0 0
node 46 1 0 0
node 98 1 0 0
gene 2 1 4 0.373198 0 1 0.373198 1
gene 2 2 4 -1.44177 0 2 -1.44177 0
gene 1 3 4 -1.93733 0 3 -1.93733 1
gene 2 2 12 5.53934 0 18 5.53934 0
gene 2 12 4 1.23264 0 19 1.23264 0
gene 1 3 12 2.10141 0 36 2.10141 1
gene 2 12 25 4.25607 0 59 4.25607 1
gene 2 25 4 2.82267 0 60 2.82267 1
gene 2 2 25 -8 0 71 -8 1
gene 2 25 46 3.33491 0 122 3.33491 1
gene 2 46 4 4.14671 0 123 4.14671 1
gene 3 12 46 -6.26834 0 133 -6.26834 1
gene 2 3 25 1.86818 0 279 1.86818 1
gene 2 2 98 1.57494 0 287 1.57494 1
gene 2 98 12 1.10821 0 288 1.10821 1
genomeend 89

/* Organism #90 Fitness: 3.99389 Error: 2.00153 */
genomestart 90
trait 1 0 0.17972 0 0 0.969679 0 0 0.520271 
trait 2 0.193122 0 0 0.0885791 0.178351 0 0.534843 0.427963 
trait 3 0.3 0 0.917842 0 0.0790527 0 0 0 
node 1 3 1 3
node 2 1 1 1
node 3 2 1 1
node 4 1 0 2
node 12 1 0 0
node 25 1 0 0
node 46 1 0 0
node 98 1 0 0
gene 2 1 4 1.28354 0 1 1.28354 1
gene 2 2 4 -1.3183 0 2 -1.3183 0
gene 1 3 4 0.339729 0 3 0.339729 1
gene 2 2 12 -0.86004 0 18 -0.86004 0
gene 2 12 4 0.776331 0 19 0.776331 0
gene 1 3 12 0.676892 0 36 0.676892 1
gene 2 12 25 4.72456 0 59 4.72456 1
gene 2 25 4 4.93726 0 60 4.93726 1
gene 2 2 25 -8 0 71 -8 1
gene 2 25 46 2.56824 0 122 2.56824 1
gene 2 46 4 -0.0189667 0 123 -0.0189667 1
gene 3 12 46 -4.49315 0 133 -4.49315 1
gene 2 3 25 0.969444 0 279 0.969444 1
gene 2 2 98 0.571863 0 287 0.571863 1
gene 2 98 12 -3.74798 0 288 -3.74798 1
genomeend 90

/* Organism #91 Fitness: 8.96685 Error: 1.00553 */
genomestart 91
trait 1 0 0.17972 0 0 0.969679 0 0 0.520271 
trait 2 0.193122 0 0 0.0885791 0.178351 0 0.534843 0.427963 
trait 3 0.3 0 0.917842 0 0.0790527 0 0 0 
node 1 3 1 3
node 2 1 1 1
node 3 2 1 1
node 4 1 0 2
node 12 1 0 0
node 25 1 0 0
node 46 1 0 0
node 98 1 0 0
gene 2 1 4 1.04965 0 1 1.04965 1
gene 2 2 4 -0.350333 0 2 -0.350333 0
gene 1 3 4 -2.98078 0 3 -2.98078 1
gene 2 2 12 -3.11334 0 18 -3.11334 0
gene 2 12 4 -0.424407 0 19 -0.424407 0
gene 1 3 12 2.95303 0 36 2.95303 1
gene 2 12 25 4.44144 0 59 4.44144 1
gene 2 25 4 3.98774 0 60 3.98774 1
gene 2 2 25 -6.04341 0 71 -6.04341 1
gene 2 25 46 3.39672 0 122 3.39672 1
gene 2 46 4 3.71132 0 123 3.71132 1
gene 3 12 46 -5.96842 0 133 -5.96842 1
gene 2 3 25 0.268863 0 279 0.268863 1
gene 2 2 98 0.311543 0 287 0.311543 1
gene 2 98 12 -0.335262 0 288 -0.335262 1
genomeend 91

/* Species #19 : (Size 7) (AF 7.07157) (Age 27)  */


/* Organism #92 Fitness: 8.99785 Error: 1.00036 */
genomestart 92
trait 1 0.1 0.366033 0 0.343997 0.964691 0 0.883768 0 
trait 2 0.2 0 0 0 0 0 0 0 
trait 3 0.3875 0 0.103678 0 0 0 0.115435 0.106327 
node 1 1 1 3
node 2 2 1 1
node 3 1 1 1
node 4 1 0 2
node 19 1 0 0
node 28 1 0 0
node 48 1 0 0
node 59 1 0 0
gene 2 1 4 1.34616 0 1 1.34616 1
gene 3 2 4 7.27415 0 2 7.27415 0
gene 2 3 4 4.27174 0 3 4.27174 1
gene 2 3 19 5.92302 0 37 5.92302 0
gene 2 19 4 -0.420734 0 38 -0.420734 1
gene 2 2 19 -2.36267 0 54 -2.36267 1
gene 2 3 28 -6.89845 0 66 -6.89845 1
gene 2 28 19 -4.47696 0 67 -4.47696 1
gene 3 2 48 7.26381 0 130 7.26381 1
gene 3 48 4 -8 0 131 -8 1
gene 1 1 19 -1.31431 0 138 -1.31431 1
gene 2 48 59 -2.68794 0 167 -2.68794 1
gene 3 59 4 -3.43438 0 168 -3.43438 1
gene 3 3 59 -2.33316 0 184 -2.33316 1
gene 3 28 59 -5.45035 0 213 -5.45035 1
gene 2 1 28 -1.91016 0 300 -1.91016 1
genomeend 92

/* Organism #93 Fitness: 8.74256 Error: 1.04322 */
genomestart 93
trait 1 0.1 0.366033 0 0.343997 0.964691 0 0.883768 0 
trait 2 0.2 0 0 0 0 0 0 0 
trait 3 0.3875 0 0.103678 0 0 0 0.115435 0.106327 
node 1 1 1 3
node 2 2 1 1
node 3 1 1 1
node 4 1 0 2
node 19 1 0 0
node 28 1 0 0
node 48 1 0 0
node 59 1 0 0
gene 2 1 4 1.74591 0 1 1.74591 1
gene 3 2 4 8 0 2 8 0
gene 2 3 4 3.8257 0 3 3.8257 1
gene 2 3 19 2.83298 0 37 2.83298 0
gene 2 19 4 2.35023 0 38 2.35023 1
gene 2 2 19 -3.07331 0 54 -3.07331 1
gene 2 3 28 -4.65937 0 66 -4.65937 1
gene 2 28 19 -4.77639 0 67 -4.77639 1
gene 3 2 48 6.33342 0 130 6.33342 1
gene 3 48 4 -8 0 131 -8 1
gene 1 1 19 0.172848 0 138 0.172848 1
gene 2 48 59 -5.11072 0 167 -5.11072 1
gene 3 59 4 -1.96184 0 168 -1.96184 1
gene 3 3 59 -1.10756 0 184 -1.10756 1
gene 3 28 59 -3.75497 0 213 -3.75497 1
gene 2 1 28 -1.27416 0 300 -1.27416 1
genomeend 93

/* Organism #94 Fitness: 5.77687 Error: 1.59649 */
genomestart 94
trait 1 0.1 0.366033 0 0.343997 0.964691 0 0.883768 0 
trait 2 0.2 0 0 0 0 0 0 0 
trait 3 0.3875 0 0.103678 0 0 0 0.115435 0.106327 
node 1 1 1 3
node 2 2 1 1
node 3 1 1 1
node 4 1 0 2
node 19 1 0 0
node 28 1 0 0
node 48 1 0 0
node 59 1 0 0
gene 2 1 4 2.34261 0 1 2.34261 1
gene 3 2 4 8 0 2 8 0
gene 2 3 4 4.06893 0 3 4.06893 1
gene 2 3 19 8 0 37 8 1
gene 2 19 4 0.988938 0 38 0.988938 1
gene 2 2 19 -4.67626 0 54 -4.67626 1
gene 2 3 28 -5.12888 0 66 -5.12888 1
gene 2 28 19 -2.13904 0 67 -2.13904 1
gene 3 2 48 5.53803 0 130 5.53803 1
gene 3 48 4 -8 0 131 -8 1
gene 1 1 19 -1.95975 0 138 -1.95975 1
gene 2 48 59 -1.8178 0 167 -1.8178 1
gene 3 59 4 -3.48238 0 168 -3.48238 1
gene 3 3 59 2.36159 0 184 2.36159 1
gene 3 28 59 -5.45035 0 213 -5.45035 1
gene 2 1 28 -1.8055 0 300 -1.8055 1
genomeend 94

/* Organism #95 Fitness: 8.99927 Error: 1.00012 */
genomestart 95
trait 1 0.1 0.366033 0 0.343997 0.964691 0 0.883768 0 
trait 2 0.2 0 0 0 0 0 0 0 
trait 3 0.3875 0 0.103678 0 0 0 0.115435 0.106327 
node 1 1 1 3
node 2 2 1 1
node 3 1 1 1
node 4 1 0 2
node 19 1 0 0
node 28 1 0 0
node 48 1 0 0
node 59 1 0 0
gene 2 1 4 1.75953 0 1 1.75953 1
gene 3 2 4 7.63707 0 2 7.63707 0
gene 2 3 4 4.25379 0 3 4.25379 1
gene 2 3 19 3.49925 0 37 3.49925 0
gene 2 19 4 0.00899887 0 38 0.00899887 1
gene 2 2 19 -1.666 0 54 -1.666 1
gene 2 3 28 -6.74935 0 66 -6.74935 1
gene 2 28 19 -5.40948 0 67 -5.40948 1
gene 3 2 48 7.63191 0 130 7.63191 1
gene 3 48 4 -8 0 131 -8 1
gene 1 1 19 -1.48064 0 138 -1.48064 1
gene 2 48 59 -2.68794 0 167 -2.68794 1
gene 3 59 4 -3.43438 0 168 -3.43438 1
gene 3 3 59 -1.48741 0 184 -1.48741 1
gene 3 28 59 -4.6882 0 213 -4.6882 1
gene 2 1 28 -1.91016 0 300 -1.91016 1
genomeend 95

/* Organism #96 Fitness: 8.98323 Error: 1.0028 */
genomestart 96
trait 1 0.1 0.366033 0 0.343997 0.964691 0 0.883768 0 
trait 2 0.2 0 0 0 0 0 0 0 
trait 3 0.3875 0 0.103678 0 0 0 0.115435 0.106327 
node 1 1 1 3
node 2 2 1 1
node 3 1 1 1
node 4 1 0 2
node 19 1 0 0
node 28 1 0 0
node 48 1 0 0
node 59 1 0 0
gene 2 1 4 1.11971 0 1 1.11971 1
gene 3 2 4 6.05555 0 2 6.05555 0
gene 2 3 4 3.87082 0 3 3.87082 1
gene 2 3 19 2.44129 0 37 2.44129 1
gene 2 19 4 0.306076 0 38 0.306076 1
gene 2 2 19 -4.11562 0 54 -4.11562 1
gene 2 3 28 -5.72752 0 66 -5.72752 1
gene 2 28 19 -6.36239 0 67 -6.36239 1
gene 3 2 48 5.55967 0 130 5.55967 1
gene 3 48 4 -8 0 131 -8 1
gene 1 1 19 -2.30216 0 138 -2.30216 1
gene 2 48 59 -0.312675 0 167 -0.312675 1
gene 3 59 4 -2.0878 0 168 -2.0878 1
gene 3 3 59 -1.48741 0 184 -1.48741 1
gene 3 28 59 -4.12938 0 213 -4.12938 1
gene 2 1 28 -1.91016 0 300 -1.91016 1
genomeend 96

/* Organism #97 Fitness: 4.00003 Error: 1.99999 */
genomestart 97
trait 1 0.1 0.366033 0 0.343997 0.964691 0 0.883768 0 
trait 2 0.2 0 0 0 0 0 0 0 
trait 3 0.3875 0 0.103678 0 0 0 0.115435 0.106327 
node 1 1 1 3
node 2 2 1 1
node 3 1 1 1
node 4 1 0 2
node 19 1 0 0
node 28 1 0 0
node 48 1 0 0
node 59 1 0 0
gene 2 1 4 -1.20891 0 1 -1.20891 1
gene 3 2 4 0.588389 0 2 0.588389 0
gene 2 3 4 1.96155 0 3 1.96155 1
gene 2 3 19 -0.0730219 0 37 -0.0730219 0
gene 2 19 4 -1.04685 0 38 -1.04685 1
gene 2 2 19 -0.624833 0 54 -0.624833 1
gene 2 3 28 -5.63428 0 66 -5.63428 1
gene 2 28 19 -7.76533 0 67 -7.76533 1
gene 3 2 48 5.855 0 130 5.855 1
gene 3 48 4 -6.34057 0 131 -6.34057 1
gene 1 1 19 -1.64698 0 138 -1.64698 1
gene 2 48 59 -1.10141 0 167 -1.10141 1
gene 3 59 4 0.0640041 0 168 0.0640041 1
gene 3 3 59 -3.02973 0 184 -3.02973 1
gene 3 28 59 1.00834 0 213 1.00834 1
gene 2 1 28 -1.72274 0 300 -1.72274 1
genomeend 97

/* Organism #98 Fitness: 4.00121 Error: 1.9997 */
genomestart 98
trait 1 0.1 0.366033 0 0.343997 0.964691 0 0.883768 0 
trait 2 0.2 0 0 0 0 0 0 0 
trait 3 0.3875 0 0.103678 0 0 0 0.115435 0.106327 
node 1 1 1 3
node 2 2 1 1
node 3 1 1 1
node 4 1 0 2
node 19 1 0 0
node 28 1 0 0
node 48 1 0 0
node 59 1 0 0
gene 2 1 4 0.479785 0 1 0.479785 1
gene 3 2 4 8 0 2 8 0
gene 2 3 4 1.88877 0 3 1.88877 1
gene 2 3 19 -1.00975 0 37 -1.00975 0
gene 2 19 4 2.5076 0 38 2.5076 1
gene 2 2 19 -2.38046 0 54 -2.38046 1
gene 2 3 28 -8 0 66 -8 1
gene 2 28 19 -8 0 67 -8 1
gene 3 2 48 6.44038 0 130 6.44038 1
gene 3 48 4 -8 0 131 -8 1
gene 1 1 19 -2.46273 0 138 -2.46273 1
gene 2 48 59 -0.468792 0 167 -0.468792 1
gene 3 59 4 -1.03697 0 168 -1.03697 1
gene 3 3 59 -0.641664 0 184 -0.641664 1
gene 3 28 59 -4.19046 0 213 -4.19046 1
gene 2 1 28 -1.91016 0 300 -1.91016 1
genomeend 98

/* Species #20 : (Size 9) (AF 8.42451) (Age 23)  */


/* Organism #99 Fitness: 9 Error: 1 */
genomestart 99
trait 1 0.1 0 0 0 0 0 0 0 
trait 2 0.550391 0 0.352175 0 0 0.4978 0.270417 0 
trait 3 0.3 0 0 0 0 0 0 0 
node 1 1 1 3
node 2 2 1 1
node 3 1 1 1
node 4 1 0 2
node 19 1 0 0
node 63 1 0 0
gene 2 1 4 -7.55839 0 1 -7.55839 1
gene 3 2 4 7.39776 0 2 7.39776 1
gene 2 3 4 7.52988 0 3 7.52988 1
gene 2 3 19 5.41549 0 37 5.41549 1
gene 2 19 4 7.90587 0 38 7.90587 1
gene 3 1 19 1.28851 0 126 1.28851 1
gene 1 2 19 -4.92111 0 165 -4.92111 0
gene 1 2 63 -3.04549 0 175 -3.04549 1
gene 3 63 19 -7.73361 0 176 -7.73361 1
gene 3 63 4 0.384163 0 365 0.384163 1
genomeend 99

/* Organism #100 Fitness: 9 Error: 1 */
genomestart 100
trait 1 0.1 0 0 0 0 0 0 0 
trait 2 0.550391 0 0.352175 0 0 0.4978 0.270417 0 
trait 3 0.3 0 0 0 0 0 0 0 
node 1 1 1 3
node 2 2 1 1
node 3 1 1 1
node 4 1 0 2
node 19 1 0 0
node 63 1 0 0
gene 2 1 4 -7.55839 0 1 -7.55839 1
gene 3 2 4 7.69888 0 2 7.69888 1
gene 2 3 4 7.54242 0 3 7.54242 1
gene 2 3 19 5.41549 0 37 5.41549 1
gene 2 19 4 7.47942 0 38 7.47942 1
gene 3 1 19 1.28851 0 126 1.28851 1
gene 1 2 19 -4.92111 0 165 -4.92111 0
gene 1 2 63 -3.04549 0 175 -3.04549 1
gene 3 63 19 -7.73361 0 176 -7.73361 1
gene 3 63 4 0.384163 0 365 0.384163 1
genomeend 100

/* Organism #101 Fitness: 8.84586 Error: 1.0258 */
genomestart 101
trait 1 0.1 0 0 0 0 0 0 0 
trait 2 0.550391 0 0.352175 0 0 0.4978 0.270417 0 
trait 3 0.3 0 0 0 0 0 0 0 
node 1 1 1 3
node 2 2 1 1
node 3 1 1 1
node 4 1 0 2
node 19 1 0 0
node 63 1 0 0
gene 2 1 4 -5.96521 0 1 -5.96521 1
gene 3 2 4 5.51162 0 2 5.51162 1
gene 2 3 4 8 0 3 8 1
gene 2 3 19 4.10495 0 37 4.10495 1
gene 2 19 4 8 0 38 8 1
gene 3 1 19 -0.343667 0 126 -0.343667 1
gene 1 2 19 -7.1748 0 165 -7.1748 0
gene 1 2 63 -1.31776 0 175 -1.31776 1
gene 3 63 19 -6.79347 0 176 -6.79347 1
gene 3 63 4 -0.243233 0 365 -0.243233 1
genomeend 101

/* Organism #102 Fitness: 9 Error: 1 */
genomestart 102
trait 1 0.1 0 0 0 0 0 0 0 
trait 2 0.550391 0 0.352175 0 0 0.4978 0.270417 0 
trait 3 0.3 0 0 0 0 0 0 0 
node 1 1 1 3
node 2 2 1 1
node 3 1 1 1
node 4 1 0 2
node 19 1 0 0
node 63 1 0 0
gene 2 1 4 -8 0 1 -8 1
gene 3 2 4 6.43308 0 2 6.43308 1
gene 2 3 4 7.65619 0 3 7.65619 1
gene 2 3 19 6.3563 0 37 6.3563 1
gene 2 19 4 8 0 38 8 1
gene 3 1 19 2.51503 0 126 2.51503 1
gene 1 2 19 -4.13658 0 165 -4.13658 0
gene 1 2 63 -4.99054 0 175 -4.99054 1
gene 3 63 19 -6.58692 0 176 -6.58692 1
gene 3 63 4 -1.87777 0 365 -1.87777 1
genomeend 102

/* Organism #103 Fitness: 9 Error: 1 */
genomestart 103
trait 1 0.1 0 0 0 0 0 0 0 
trait 2 0.550391 0 0.352175 0 0 0.4978 0.270417 0 
trait 3 0.3 0 0 0 0 0 0 0 
node 1 1 1 3
node 2 2 1 1
node 3 1 1 1
node 4 1 0 2
node 19 1 0 0
node 63 1 0 0
gene 2 1 4 -7.55839 0 1 -7.55839 1
gene 3 2 4 7.54832 0 2 7.54832 1
gene 2 3 4 7.53615 0 3 7.53615 1
gene 2 3 19 5.41549 0 37 5.41549 1
gene 2 19 4 7.69265 0 38 7.69265 1
gene 3 1 19 1.28851 0 126 1.28851 1
gene 1 2 19 -4.92111 0 165 -4.92111 0
gene 1 2 63 -3.04549 0 175 -3.04549 1
gene 3 63 19 -7.73361 0 176 -7.73361 1
gene 3 63 4 0.384163 0 365 0.384163 1
genomeend 103

/* Organism #104 Fitness: 5.31825 Error: 1.69387 */
genomestart 104
trait 1 0.1 0 0 0 0 0 0 0 
trait 2 0.550391 0 0.352175 0 0 0.4978 0.270417 0 
trait 3 0.3 0 0 0 0 0 0 0 
node 1 1 1 3
node 2 2 1 1
node 3 1 1 1
node 4 1 0 2
node 19 1 0 0
node 63 1 0 0
node 140 1 0 0
gene 2 1 4 -7.55839 0 1 -7.55839 1
gene 3 2 4 7.39776 0 2 7.39776 1
gene 2 3 4 7.52988 0 3 7.52988 1
gene 2 3 19 5.41549 0 37 5.41549 1
gene 2 19 4 7.90587 0 38 7.90587 1
gene 3 1 19 1.28851 0 126 1.28851 1
gene 1 2 19 -4.92111 0 165 -4.92111 0
gene 1 2 63 -3.04549 0 175 -3.04549 1
gene 3 63 19 -7.73361 0 176 -7.73361 0
gene 3 63 4 0.384163 0 365 0.384163 1
gene 3 63 140 1 0 424 0 1
gene 3 140 19 -7.73361 0 425 0 1
genomeend 104

/* Organism #105 Fitness: 9 Error: 1 */
genomestart 105
trait 1 0.1 0 0 0 0 0 0 0 
trait 2 0.550391 0 0.352175 0 0 0.4978 0.270417 0 
trait 3 0.3 0 0 0 0 0 0 0 
node 1 1 1 3
node 2 2 1 1
node 3 1 1 1
node 4 1 0 2
node 19 1 0 0
node 63 1 0 0
gene 2 1 4 -7.55839 0 1 -7.55839 1
gene 3 2 4 7.69888 0 2 7.69888 1
gene 2 3 4 6.32826 0 3 6.32826 1
gene 2 3 19 5.8251 0 37 5.8251 1
gene 2 19 4 6.20071 0 38 6.20071 1
gene 3 1 19 -0.990495 0 126 -0.990495 1
gene 1 2 19 -3.87379 0 165 -3.87379 0
gene 1 2 63 0.539045 0 175 0.539045 1
gene 3 63 19 2.47264 0 176 2.47264 1
gene 3 63 4 -0.386339 0 365 -0.386339 1
genomeend 105

/* Organism #106 Fitness: 9 Error: 1 */
genomestart 106
trait 1 0.1 0 0 0 0 0 0 0 
trait 2 0.550391 0 0.352175 0 0 0.4978 0.270417 0 
trait 3 0.3 0 0 0 0 0 0 0 
node 1 1 1 3
node 2 2 1 1
node 3 1 1 1
node 4 1 0 2
node 19 1 0 0
node 63 1 0 0
gene 2 1 4 -7.44807 0 1 -7.44807 1
gene 3 2 4 8 0 2 8 1
gene 2 3 4 8 0 3 8 1
gene 2 3 19 4.34357 0 37 4.34357 1
gene 2 19 4 6.33309 0 38 6.33309 1
gene 3 1 19 3.56749 0 126 3.56749 1
gene 1 2 19 0.0898201 0 165 0.0898201 0
gene 1 2 63 -1.65003 0 175 -1.65003 1
gene 3 63 19 -8 0 176 -8 1
gene 3 63 4 -0.0389392 0 365 -0.0389392 1
genomeend 106

/* Organism #107 Fitness: 7.65652 Error: 1.23296 */
genomestart 107
trait 1 0.1 0 0 0 0 0 0 0 
trait 2 0.550391 0 0.352175 0 0 0.4978 0.270417 0 
trait 3 0.3 0 0 0 0 0 0 0 
node 1 1 1 3
node 2 2 1 1
node 3 1 1 1
node 4 1 0 2
node 19 1 0 0
node 63 1 0 0
gene 2 1 4 -8 0 1 -8 1
gene 3 2 4 8 0 2 8 1
gene 2 3 4 8 0 3 8 1
gene 2 3 19 5.67424 0 37 5.67424 1
gene 2 19 4 8 0 38 8 1
gene 3 1 19 -0.704038 0 126 -0.704038 1
gene 1 2 19 -4.47266 0 165 -4.47266 0
gene 1 2 63 -2.17066 0 175 -2.17066 1
gene 3 63 19 -8 0 176 -8 1
gene 3 63 4 2.40725 0 365 2.40725 1
genomeend 107

/* Species #21 : (Size 6) (AF 6.50078) (Age 17)  */


/* Organism #108 Fitness: 9 Error: 1 */
genomestart 108
trait 1 0.11288 0.000756727 0 0.0314585 0 0.0553685 0 0.0367036 
trait 2 0.375881 0 0 0.21118 0 0 0 0.162414 
trait 3 0.3 0 0 0 0 0 0 0 
node 1 1 1 3
node 2 2 1 1
node 3 1 1 1
node 4 1 0 2
node 20 1 0 0
node 50 1 0 0
node 88 1 0 0
gene 2 1 4 3.01577 0 1 3.01577 1
gene 3 2 4 6.28238 0 2 6.28238 1
gene 2 3 4 7.19271 0 3 7.19271 1
gene 1 2 20 -4.69235 0 40 -4.69235 1
gene 3 20 4 -8 0 41 -8 1
gene 1 2 50 -1.00723 0 139 -1.00723 1
gene 1 50 20 3.09949 0 140 3.09949 1
gene 2 3 50 -1.91746 0 240 -1.91746 1
gene 3 2 88 3.71697 0 246 3.71697 1
gene 3 88 4 1.55828 0 247 1.55828 1
gene 1 88 50 0.274727 0 290 0.274727 1
gene 1 50 4 -0.923453 0 336 -0.923453 1
gene 1 1 50 0.933854 0 384 0.933854 1
genomeend 108

/* Organism #109 Fitness: 9 Error: 1 */
genomestart 109
trait 1 0.11288 0.000756727 0 0.0314585 0 0.0553685 0 0.0367036 
trait 2 0.375881 0 0 0.21118 0 0 0 0.162414 
trait 3 0.3 0 0 0 0 0 0 0 
node 1 1 1 3
node 2 2 1 1
node 3 1 1 1
node 4 1 0 2
node 20 1 0 0
node 50 1 0 0
node 88 1 0 0
gene 2 1 4 3.53301 0 1 3.53301 1
gene 3 2 4 1.7636 0 2 1.7636 1
gene 2 3 4 6.07897 0 3 6.07897 1
gene 1 2 20 -3.74625 0 40 -3.74625 1
gene 3 20 4 -7.10815 0 41 -7.10815 1
gene 1 2 50 -1.71167 0 139 -1.71167 1
gene 1 50 20 1.72258 0 140 1.72258 1
gene 2 3 50 -2.98592 0 240 -2.98592 1
gene 3 2 88 0.435998 0 246 0.435998 1
gene 3 88 4 -1.26177 0 247 -1.26177 1
gene 1 88 50 1.50201 0 290 1.50201 1
gene 1 50 4 0.886936 0 336 0.886936 1
gene 1 1 50 1.06752 0 384 1.06752 1
genomeend 109

/* Organism #110 Fitness: 4 Error: 2 */
genomestart 110
trait 1 0.11288 0.000756727 0 0.0314585 0 0.0553685 0 0.0367036 
trait 2 0.375881 0 0 0.21118 0 0 0 0.162414 
trait 3 0.3 0 0 0 0 0 0 0 
node 1 1 1 3
node 2 2 1 1
node 3 1 1 1
node 4 1 0 2
node 20 1 0 0
node 50 1 0 0
node 88 1 0 0
gene 2 1 4 2.643 0 1 2.643 1
gene 3 2 4 5.38068 0 2 5.38068 1
gene 2 3 4 5.54686 0 3 5.54686 1
gene 1 2 20 -6.13082 0 40 -6.13082 1
gene 3 20 4 -1.65151 0 41 -1.65151 1
gene 1 2 50 0.416721 0 139 0.416721 1
gene 1 50 20 -0.733306 0 140 -0.733306 1
gene 2 3 50 -0.750232 0 240 -0.750232 1
gene 3 2 88 3.11451 0 246 3.11451 1
gene 3 88 4 2.53889 0 247 2.53889 1
gene 1 88 50 0.451116 0 290 0.451116 1
gene 1 50 4 0.539077 0 336 0.539077 1
gene 1 1 50 -0.544566 0 384 -0.544566 1
genomeend 110

/* Organism #111 Fitness: 4.00453 Error: 1.99887 */
genomestart 111
trait 1 0.11288 0.000756727 0 0.0314585 0 0.0553685 0 0.0367036 
trait 2 0.375881 0 0 0.21118 0 0 0 0.162414 
trait 3 0.3 0 0 0 0 0 0 0 
node 1 1 1 3
node 2 2 1 1
node 3 1 1 1
node 4 1 0 2
node 20 1 0 0
node 50 1 0 0
node 88 1 0 0
gene 3 1 4 3.87739 0 1 3.87739 1
gene 3 2 4 3.52813 0 2 3.52813 1
gene 2 3 4 7.15906 0 3 7.15906 1
gene 1 2 20 -7.18679 0 40 -7.18679 1
gene 3 20 4 -6.99052 0 41 -6.99052 1
gene 1 2 50 -2.26315 0 139 -2.26315 1
gene 1 50 20 3.39661 0 140 3.39661 1
gene 2 3 50 -1.13264 0 240 -1.13264 1
gene 3 2 88 2.46772 0 246 2.46772 1
gene 3 88 4 1.99038 0 247 1.99038 1
gene 1 88 50 -1.02127 0 290 -1.02127 1
gene 1 50 4 -0.804809 0 336 -0.804809 1
gene 1 1 50 -2.20876 0 384 -2.20876 1
genomeend 111

/* Organism #112 Fitness: 9 Error: 1 */
genomestart 112
trait 1 0.11288 0.000756727 0 0.0314585 0 0.0553685 0 0.0367036 
trait 2 0.375881 0 0 0.21118 0 0 0 0.162414 
trait 3 0.3 0 0 0 0 0 0 0 
node 1 1 1 3
node 2 2 1 1
node 3 1 1 1
node 4 1 0 2
node 20 1 0 0
node 50 1 0 0
node 88 1 0 0
gene 2 1 4 2.643 0 1 2.643 1
gene 3 2 4 5.33938 0 2 5.33938 1
gene 2 3 4 8 0 3 8 1
gene 1 2 20 -6.13082 0 40 -6.13082 1
gene 3 20 4 -5.82005 0 41 -5.82005 1
gene 1 2 50 -1.43495 0 139 -1.43495 1
gene 1 50 20 4.637 0 140 4.637 1
gene 2 3 50 -2.04281 0 240 -2.04281 1
gene 3 2 88 4.0971 0 246 4.0971 1
gene 3 88 4 0.404906 0 247 0.404906 1
gene 1 88 50 0.741948 0 290 0.741948 1
gene 1 50 4 -1.49999 0 336 -1.49999 1
gene 1 1 50 0.949996 0 384 0.949996 1
genomeend 112

/* Organism #113 Fitness: 4.00013 Error: 1.99997 */
genomestart 113
trait 1 0.11288 0.000756727 0 0.0314585 0 0.0553685 0 0.0367036 
trait 2 0.375881 0 0 0.21118 0 0 0 0.162414 
trait 3 0.3 0 0 0 0 0 0 0 
node 1 1 1 3
node 2 2 1 1
node 3 1 1 1
node 4 1 0 2
node 20 1 0 0
node 50 1 0 0
node 88 1 0 0
gene 2 1 4 1.71435 0 1 1.71435 1
gene 3 2 4 7.13143 0 2 7.13143 1
gene 2 3 4 8 0 3 8 1
gene 1 2 20 -0.949692 0 40 -0.949692 1
gene 3 20 4 -0.777703 0 41 -0.777703 1
gene 1 2 50 0.871421 0 139 0.871421 1
gene 1 50 20 -2.13815 0 140 -2.13815 1
gene 2 3 50 -0.564509 0 240 -0.564509 1
gene 3 2 88 5.50605 0 246 5.50605 1
gene 3 88 4 0.57592 0 247 0.57592 1
gene 1 88 50 0.153403 0 290 0.153403 1
gene 1 50 4 1.60824 0 336 1.60824 1
gene 1 1 50 -0.436912 0 384 -0.436912 1
genomeend 113

/* Species #22 : (Size 7) (AF 7.48376) (Age 16)  */


/* Organism #114 Fitness: 9 Error: 1 */
genomestart 114
trait 1 0.11288 0.000756727 0 0.0314585 0 0.0553685 0 0.0367036 
trait 2 0.375881 0 0.903034 0.21118 0.40689 0 0 0.162414 
trait 3 0.3 0 0 0 0 0 0 0 
node 1 1 1 3
node 2 2 1 1
node 3 1 1 1
node 4 1 0 2
node 20 2 0 0
node 50 1 0 0
node 92 1 0 0
gene 2 1 4 0.966286 0 1 0.966286 1
gene 3 2 4 -1.59253 0 2 -1.59253 0
gene 2 3 4 4.62056 0 3 4.62056 1
gene 1 2 20 -2.54842 0 40 -2.54842 1
gene 3 20 4 -8 0 41 -8 1
gene 1 2 50 -5.93723 0 139 -5.93723 1
gene 1 50 20 5.58857 0 140 5.58857 1
gene 2 3 50 -1.08637 0 248 -1.08637 1
gene 3 2 92 2.33607 0 258 2.33607 1
gene 3 92 4 5.71396 0 259 5.71396 1
genomeend 114

/* Organism #115 Fitness: 9 Error: 1 */
genomestart 115
trait 1 0.11288 0.000756727 0 0.0314585 0 0.0553685 0 0.0367036 
trait 2 0.375881 0 0.903034 0.21118 0.40689 0 0 0.162414 
trait 3 0.3 0 0 0 0 0 0 0 
node 1 1 1 3
node 2 2 1 1
node 3 1 1 1
node 4 1 0 2
node 20 2 0 0
node 50 1 0 0
node 92 1 0 0
gene 2 1 4 0.966286 0 1 0.966286 1
gene 3 2 4 0.347586 0 2 0.347586 0
gene 2 3 4 4.62056 0 3 4.62056 1
gene 1 2 20 -2.54842 0 40 -2.54842 1
gene 3 20 4 -8 0 41 -8 1
gene 1 2 50 -5.70002 0 139 -5.70002 1
gene 1 50 20 5.52142 0 140 5.52142 1
gene 2 3 50 -1.08637 0 248 -1.08637 1
gene 3 2 92 3.37245 0 258 3.37245 1
gene 3 92 4 5.71396 0 259 5.71396 1
genomeend 115

/* Organism #116 Fitness: 4.00001 Error: 2 */
genomestart 116
trait 1 0.11288 0.000756727 0 0.0314585 0 0.0553685 0 0.0367036 
trait 2 0.375881 0 0.903034 0.21118 0.40689 0 0 0.162414 
trait 3 0.3 0 0 0 0 0 0 0 
node 1 1 1 3
node 2 2 1 1
node 3 1 1 1
node 4 1 0 2
node 20 2 0 0
node 50 1 0 0
node 92 1 0 0
gene 2 1 4 -0.652006 0 1 -0.652006 1
gene 3 2 4 -0.216972 0 2 -0.216972 0
gene 2 3 4 3.00845 0 3 3.00845 1
gene 1 2 20 -2.96464 0 40 -2.96464 1
gene 3 20 4 -8 0 41 -8 1
gene 1 2 50 -8 0 139 -8 1
gene 1 50 20 7.85479 0 140 7.85479 1
gene 2 3 50 -0.351278 0 248 -0.351278 1
gene 3 2 92 3.2828 0 258 3.2828 1
gene 3 92 4 5.74778 0 259 5.74778 1
genomeend 116

/* Organism #117 Fitness: 4 Error: 2 */
genomestart 117
trait 1 0.11288 0.000756727 0 0.0314585 0 0.0553685 0 0.0367036 
trait 2 0.375881 0 0.903034 0.21118 0.40689 0 0 0.162414 
trait 3 0.3 0 0 0 0 0 0 0 
node 1 1 1 3
node 2 2 1 1
node 3 1 1 1
node 4 1 0 2
node 20 2 0 0
node 50 1 0 0
node 92 1 0 0
gene 2 1 4 -0.998773 0 1 -0.998773 1
gene 3 2 4 1.26645 0 2 1.26645 0
gene 2 3 4 4.44472 0 3 4.44472 1
gene 1 2 20 -4.22169 0 40 -4.22169 1
gene 3 20 4 -8 0 41 -8 1
gene 1 2 50 -0.20181 0 139 -0.20181 1
gene 1 50 20 5.52142 0 140 5.52142 1
gene 2 3 50 -0.513542 0 248 -0.513542 1
gene 3 2 92 5.53828 0 258 5.53828 1
gene 3 92 4 4.36027 0 259 4.36027 1
gene 3 3 92 -0.529164 0 403 -0.529164 1
genomeend 117

/* Organism #118 Fitness: 8.40753 Error: 1.10043 */
genomestart 118
trait 1 0.11288 0.000756727 0 0.0314585 0 0.0553685 0 0.0367036 
trait 2 0.375881 0 0.903034 0.21118 0.40689 0 0 0.162414 
trait 3 0.3 0 0 0 0 0 0 0 
node 1 1 1 3
node 2 2 1 1
node 3 1 1 1
node 4 1 0 2
node 20 2 0 0
node 50 1 0 0
node 92 1 0 0
gene 2 1 4 -0.381607 0 1 -0.381607 1
gene 3 2 4 -0.331088 0 2 -0.331088 0
gene 2 3 4 3.11446 0 3 3.11446 1
gene 1 2 20 -4.22555 0 40 -4.22555 1
gene 3 20 4 -8 0 41 -8 1
gene 1 2 50 -4.05256 0 139 -4.05256 1
gene 1 50 20 7.97991 0 140 7.97991 1
gene 2 3 50 1.16503 0 248 1.16503 1
gene 3 2 92 4.76032 0 258 4.76032 1
gene 3 92 4 5.71396 0 259 5.71396 1
gene 3 3 92 1.66506 0 403 1.66506 1
genomeend 118

/* Organism #119 Fitness: 8.99982 Error: 1.00003 */
genomestart 119
trait 1 0.11288 0.000756727 0 0.0314585 0 0.0553685 0 0.0367036 
trait 2 0.375881 0 0.903034 0.21118 0.40689 0 0 0.162414 
trait 3 0.3 0 0 0 0 0 0 0 
node 1 1 1 3
node 2 2 1 1
node 3 1 1 1
node 4 1 0 2
node 20 2 0 0
node 50 1 0 0
node 92 1 0 0
gene 2 1 4 0.379629 0 1 0.379629 1
gene 3 2 4 -1.8601 0 2 -1.8601 0
gene 2 3 4 2.77563 0 3 2.77563 1
gene 1 2 20 -1.94649 0 40 -1.94649 1
gene 3 20 4 -8 0 41 -8 1
gene 1 2 50 -6.27439 0 139 -6.27439 1
gene 1 50 20 3.3794 0 140 3.3794 1
gene 2 3 50 0.565585 0 248 0.565585 1
gene 3 2 92 1.83381 0 258 1.83381 1
gene 3 92 4 6.96028 0 259 6.96028 1
gene 3 3 92 1.66506 0 403 1.66506 1
genomeend 119

/* Organism #120 Fitness: 8.97895 Error: 1.00351 */
genomestart 120
trait 1 0.11288 0.000756727 0 0.0314585 0 0.0553685 0 0.0367036 
trait 2 0.375881 0 0.903034 0.21118 0.40689 0 0 0.162414 
trait 3 0.3 0 0 0 0 0 0 0 
node 1 1 1 3
node 2 2 1 1
node 3 1 1 1
node 4 1 0 2
node 20 2 0 0
node 50 1 0 0
node 92 1 0 0
gene 2 1 4 1.97654 0 1 1.97654 1
gene 3 2 4 -0.0451882 0 2 -0.0451882 0
gene 2 3 4 6.45363 0 3 6.45363 1
gene 1 2 20 -4.03037 0 40 -4.03037 1
gene 3 20 4 -6.03878 0 41 -6.03878 1
gene 1 2 50 -3.47728 0 139 -3.47728 1
gene 1 50 20 5.28536 0 140 5.28536 1
gene 2 3 50 0.648662 0 248 0.648662 1
gene 3 2 92 3.40508 0 258 3.40508 1
gene 3 92 4 5.83031 0 259 5.83031 1
genomeend 120

/* Species #24 : (Size 7) (AF 8.09554) (Age 12)  */


/* Organism #121 Fitness: 8.99699 Error: 1.0005 */
genomestart 121
trait 1 0.1 0 0 0 0 0 0 0 
trait 2 0.379324 0.099547 0 0.411589 0.201598 0.101113 0.48888 0.416846 
trait 3 0.3 0 0 0 0 0 0 0 
node 1 3 1 3
node 2 1 1 1
node 3 1 1 1
node 4 1 0 2
node 12 1 0 0
node 96 1 0 0
gene 2 1 4 -3.72752 0 1 -3.72752 1
gene 2 2 4 3.6195 0 2 3.6195 1
gene 2 3 4 3.46538 0 3 3.46538 1
gene 2 2 12 0.560325 0 18 0.560325 1
gene 2 12 4 1.97013 0 19 1.97013 1
gene 1 3 12 6.00851 0 36 6.00851 0
gene 2 1 12 -1.94582 0 52 -1.94582 1
gene 1 3 96 4.90119 0 281 4.90119 1
gene 1 96 12 3.92305 0 282 3.92305 1
gene 1 1 96 0.803207 0 411 0.803207 1
genomeend 121

/* Organism #122 Fitness: 8.03239 Error: 1.16585 */
genomestart 122
trait 1 0.1 0 0 0 0 0 0 0 
trait 2 0.379324 0.099547 0 0.411589 0.201598 0.101113 0.48888 0.416846 
trait 3 0.3 0 0 0 0 0 0 0 
node 1 3 1 3
node 2 1 1 1
node 3 1 1 1
node 4 1 0 2
node 12 1 0 0
node 96 1 0 0
gene 2 1 4 -4.76011 0 1 -4.76011 1
gene 2 2 4 4.88149 0 2 4.88149 1
gene 2 3 4 4.60026 0 3 4.60026 1
gene 2 2 12 1.75615 0 18 1.75615 1
gene 2 12 4 0.546181 0 19 0.546181 1
gene 1 3 12 7.96858 0 36 7.96858 0
gene 2 1 12 -3.59429 0 52 -3.59429 1
gene 1 3 96 1.30771 0 281 1.30771 1
gene 1 96 12 5.75896 0 282 5.75896 1
gene 1 1 96 2.06999 0 411 2.06999 1
genomeend 122

/* Organism #123 Fitness: 8.9723 Error: 1.00462 */
genomestart 123
trait 1 0.1 0 0 0 0 0 0 0 
trait 2 0.379324 0.099547 0 0.411589 0.201598 0.101113 0.48888 0.416846 
trait 3 0.3 0 0 0 0 0 0 0 
node 1 3 1 3
node 2 1 1 1
node 3 1 1 1
node 4 1 0 2
node 12 1 0 0
node 96 1 0 0
gene 2 1 4 -1.33556 0 1 -1.33556 1
gene 2 2 4 5.41522 0 2 5.41522 1
gene 2 3 4 2.16912 0 3 2.16912 1
gene 2 2 12 -1.17134 0 18 -1.17134 1
gene 2 12 4 1.49739 0 19 1.49739 1
gene 1 3 12 4.02618 0 36 4.02618 0
gene 2 1 12 -1.94799 0 52 -1.94799 1
gene 1 3 96 6.76799 0 281 6.76799 1
gene 1 96 12 3.68437 0 282 3.68437 1
gene 1 1 96 -0.0501824 0 411 -0.0501824 1
genomeend 123

/* Organism #124 Fitness: 8.94076 Error: 1.00989 */
genomestart 124
trait 1 0.1 0 0 0 0 0 0 0 
trait 2 0.379324 0.099547 0 0.411589 0.201598 0.101113 0.48888 0.416846 
trait 3 0.3 0 0 0 0 0 0 0 
node 1 3 1 3
node 2 1 1 1
node 3 1 1 1
node 4 1 0 2
node 12 1 0 0
node 96 1 0 0
gene 2 1 4 -2.06324 0 1 -2.06324 1
gene 2 2 4 2.60823 0 2 2.60823 1
gene 2 3 4 3.77099 0 3 3.77099 1
gene 2 2 12 0.730156 0 18 0.730156 1
gene 2 12 4 0.396874 0 19 0.396874 1
gene 1 3 12 6.36769 0 36 6.36769 0
gene 2 1 12 -3.08116 0 52 -3.08116 1
gene 1 3 96 4.2029 0 281 4.2029 1
gene 1 96 12 4.83861 0 282 4.83861 1
gene 1 1 96 0.803207 0 411 0.803207 1
genomeend 124

/* Organism #125 Fitness: 4.15413 Error: 1.96183 */
genomestart 125
trait 1 0.1 0 0 0 0 0 0 0 
trait 2 0.379324 0.099547 0 0.411589 0.201598 0.101113 0.48888 0.416846 
trait 3 0.3 0 0 0 0 0 0 0 
node 1 3 1 3
node 2 2 1 1
node 3 1 1 1
node 4 1 0 2
node 12 1 0 0
node 96 1 0 0
gene 2 1 4 0.651949 0 1 0.651949 1
gene 2 2 4 4.04234 0 2 4.04234 1
gene 2 3 4 4.0766 0 3 4.0766 1
gene 2 2 12 1.54067 0 18 1.54067 1
gene 2 12 4 0.229988 0 19 0.229988 1
gene 1 3 12 8 0 36 8 0
gene 2 1 12 -2.60584 0 52 -2.60584 1
gene 1 3 96 2.50026 0 281 2.50026 1
gene 1 96 12 3.49885 0 282 3.49885 1
genomeend 125

/* Organism #126 Fitness: 8.94788 Error: 1.0087 */
genomestart 126
trait 1 0.1 0 0 0 0 0 0 0 
trait 2 0.379324 0.099547 0 0.411589 0.201598 0.101113 0.48888 0.416846 
trait 3 0.3 0 0 0 0 0 0 0 
node 1 3 1 3
node 2 1 1 1
node 3 1 1 1
node 4 1 0 2
node 12 1 0 0
node 96 1 0 0
gene 2 1 4 -2.31688 0 1 -2.31688 1
gene 2 2 4 3.38562 0 2 3.38562 1
gene 2 3 4 5.2395 0 3 5.2395 1
gene 2 2 12 0.200268 0 18 0.200268 1
gene 2 12 4 1.35499 0 19 1.35499 1
gene 1 3 12 6.95084 0 36 6.95084 0
gene 2 1 12 -2.11455 0 52 -2.11455 1
gene 1 3 96 6.18598 0 281 6.18598 1
gene 1 96 12 4.68746 0 282 4.68746 1
gene 1 1 96 1.8015 0 411 1.8015 1
genomeend 126

/* Organism #127 Fitness: 8.6243 Error: 1.06328 */
genomestart 127
trait 1 0.1 0 0 0 0 0 0 0 
trait 2 0.379324 0.099547 0 0.411589 0.201598 0.101113 0.48888 0.416846 
trait 3 0.3 0 0 0 0 0 0 0 
node 1 3 1 3
node 2 1 1 1
node 3 1 1 1
node 4 1 0 2
node 12 1 0 0
node 96 1 0 0
gene 2 1 4 -0.547198 0 1 -0.547198 1
gene 2 2 4 4.75651 0 2 4.75651 1
gene 2 3 4 4.77519 0 3 4.77519 1
gene 2 2 12 -1.44319 0 18 -1.44319 1
gene 2 12 4 -0.52046 0 19 -0.52046 1
gene 1 3 12 4.86779 0 36 4.86779 0
gene 2 1 12 -1.93048 0 52 -1.93048 1
gene 1 3 96 5.72398 0 281 5.72398 1
gene 1 96 12 6.97213 0 282 6.97213 1
gene 1 1 96 -1.55176 0 411 -1.55176 1
genomeend 127

/* Species #25 : (Size 6) (AF 6.83009) (Age 11)  */


/* Organism #128 Fitness: 9 Error: 1 */
genomestart 128
trait 1 0 0 0 0 0 0 0 0 
trait 2 0.2 0 0 0 0 0 0 0 
trait 3 0.3 0 0 0 0 0 0 0 
node 1 1 1 3
node 2 2 1 1
node 3 1 1 1
node 4 1 0 2
node 19 1 0 0
node 27 2 0 0
node 109 1 0 0
gene 3 1 4 -4.68743 0 1 -4.68743 1
gene 3 2 4 7.77256 0 2 7.77256 1
gene 2 3 4 6.63179 0 3 6.63179 1
gene 2 3 19 4.65513 0 37 4.65513 1
gene 2 19 4 8 0 38 8 1
gene 2 2 19 3.43605 0 54 3.43605 1
gene 2 19 27 -6.9771 0 64 -6.9771 1
gene 2 27 4 -1.35298 0 65 -1.35298 0
gene 3 1 19 -0.939097 0 303 -0.939097 1
gene 2 27 109 0.979958 0 325 0.979958 1
gene 2 109 4 -1.16437 0 326 -1.16437 1
genomeend 128

/* Organism #129 Fitness: 8.99971 Error: 1.00005 */
genomestart 129
trait 1 0 0 0 0 0 0 0 0 
trait 2 0.2 0 0 0 0 0 0 0 
trait 3 0.3 0 0 0 0 0 0 0 
node 1 1 1 3
node 2 2 1 1
node 3 1 1 1
node 4 1 0 2
node 19 1 0 0
node 27 2 0 0
node 109 1 0 0
gene 3 1 4 -5.9787 0 1 -5.9787 1
gene 3 2 4 8 0 2 8 1
gene 2 3 4 4.80198 0 3 4.80198 1
gene 2 3 19 4.87619 0 37 4.87619 1
gene 2 19 4 6.95153 0 38 6.95153 1
gene 2 2 19 1.67104 0 54 1.67104 1
gene 2 19 27 -6.0732 0 64 -6.0732 1
gene 2 27 4 0.131728 0 65 0.131728 0
gene 3 1 19 -3.80532 0 303 -3.80532 1
gene 2 27 109 -2.9175 0 325 -2.9175 1
gene 2 109 4 0.070079 0 326 0.070079 1
genomeend 129

/* Organism #130 Fitness: 1.0698 Error: 2.96569 */
genomestart 130
trait 1 0 0 0 0 0 0 0 0 
trait 2 0.2 0 0 0 0 0 0 0 
trait 3 0.3 0 0 0 0 0 0 0 
node 1 1 1 3
node 2 2 1 1
node 3 1 1 1
node 4 1 0 2
node 19 1 0 0
node 27 2 0 0
node 109 1 0 0
gene 3 1 4 -4.95768 0 1 -4.95768 1
gene 3 2 4 5.57552 0 2 5.57552 1
gene 2 3 4 8 0 3 8 1
gene 2 3 19 3.11003 0 37 3.11003 1
gene 2 19 4 -2.34825 0 38 -2.34825 1
gene 2 2 19 2.53565 0 54 2.53565 1
gene 2 19 27 -8 0 64 -8 1
gene 2 27 4 -0.73435 0 65 -0.73435 0
gene 3 1 19 -1.9428 0 303 -1.9428 1
gene 2 27 109 -2.29291 0 325 -2.29291 1
gene 2 109 4 -2.75859 0 326 -2.75859 1
genomeend 130

/* Organism #131 Fitness: 9 Error: 1 */
genomestart 131
trait 1 0 0 0 0 0 0 0 0 
trait 2 0.2 0 0 0 0 0 0 0 
trait 3 0.3 0 0 0 0 0 0 0 
node 1 1 1 3
node 2 2 1 1
node 3 1 1 1
node 4 1 0 2
node 19 1 0 0
node 27 2 0 0
node 109 1 0 0
gene 3 1 4 -4.59942 0 1 -4.59942 1
gene 3 2 4 8 0 2 8 1
gene 2 3 4 6.12878 0 3 6.12878 1
gene 2 3 19 6.33091 0 37 6.33091 1
gene 2 19 4 6.06472 0 38 6.06472 1
gene 2 2 19 3.00668 0 54 3.00668 1
gene 2 19 27 -5.74533 0 64 -5.74533 1
gene 2 27 4 -3.06005 0 65 -3.06005 0
gene 3 1 19 -0.301456 0 303 -0.301456 1
gene 2 27 109 -2.22063 0 325 -2.22063 1
gene 2 109 4 -1.61185 0 326 -1.61185 1
genomeend 131

/* Organism #132 Fitness: 4 Error: 2 */
genomestart 132
trait 1 0 0 0 0 0 0 0 0 
trait 2 0.2 0 0 0 0 0 0 0 
trait 3 0.3 0 0 0 0 0 0 0 
node 1 1 1 3
node 2 2 1 1
node 3 3 1 1
node 4 1 0 2
node 19 1 0 0
node 27 2 0 0
node 109 1 0 0
gene 3 1 4 -6.77057 0 1 -6.77057 1
gene 3 2 4 7.7632 0 2 7.7632 1
gene 2 3 4 -1.20114 0 3 -1.20114 1
gene 2 3 19 0.342483 0 37 0.342483 1
gene 2 19 4 8 0 38 8 1
gene 2 2 19 4.7976 0 54 4.7976 1
gene 2 19 27 2.37489 0 64 2.37489 1
gene 2 27 4 -1.92739 0 65 -1.92739 0
gene 3 1 19 -1.9428 0 303 -1.9428 1
gene 2 27 109 2.32559 0 325 2.32559 1
gene 2 109 4 -1.16437 0 326 -1.16437 1
genomeend 132

/* Organism #133 Fitness: 8.91104 Error: 1.01486 */
genomestart 133
trait 1 0 0 0 0 0 0 0 0 
trait 2 0.2 0 0 0 0 0 0 0 
trait 3 0.3 0 0 0 0 0 0 0 
node 1 1 1 3
node 2 2 1 1
node 3 1 1 1
node 4 1 0 2
node 19 1 0 0
node 27 2 0 0
node 109 1 0 0
gene 3 1 4 -5.99174 0 1 -5.99174 1
gene 3 2 4 8 0 2 8 1
gene 2 3 4 5.3422 0 3 5.3422 1
gene 2 3 19 4.65513 0 37 4.65513 1
gene 2 19 4 4.73359 0 38 4.73359 1
gene 2 2 19 0.354614 0 54 0.354614 1
gene 2 19 27 -5.58705 0 64 -5.58705 1
gene 2 27 4 -2.08163 0 65 -2.08163 0
gene 3 1 19 1.59667 0 303 1.59667 1
gene 2 27 109 0.132927 0 325 0.132927 1
gene 2 109 4 0.816587 0 326 0.816587 1
genomeend 133

/* Species #26 : (Size 7) (AF 6.89776) (Age 7)  */


/* Organism #134 Fitness: 8.98326 Error: 1.00279 */
genomestart 134
trait 1 0.1 0 0 0 0 0 0 0 
trait 2 0.107047 0 0 0 0.178351 0 0.48888 0.427963 
trait 3 0.3 0 0 0 0 0 0 0 
node 1 1 1 3
node 2 1 1 1
node 3 1 1 1
node 4 1 0 2
node 12 2 0 0
node 25 1 0 0
node 119 1 0 0
gene 1 1 4 -1.60108 0 1 -1.60108 1
gene 2 2 4 -0.878776 0 2 -0.878776 0
gene 2 3 4 2.82432 0 3 2.82432 1
gene 2 2 12 1.4201 0 18 1.4201 1
gene 2 12 4 0.286364 0 19 0.286364 0
gene 3 3 12 -4.70323 0 36 -4.70323 1
gene 2 12 25 0.0018386 0 59 0.0018386 1
gene 2 25 4 7.13456 0 60 7.13456 1
gene 2 2 25 8 0 71 8 1
gene 1 1 25 -6.54746 0 274 -6.54746 1
gene 1 3 119 -2.54542 0 355 -2.54542 1
gene 1 119 12 -2.80615 0 356 -2.80615 1
gene 2 119 25 2.49321 0 388 2.49321 1
genomeend 134

/* Organism #135 Fitness: 4.17281 Error: 1.95725 */
genomestart 135
trait 1 0.1 0 0 0 0 0 0 0 
trait 2 0.107047 0 0 0 0.178351 0 0.48888 0.427963 
trait 3 0.3 0 0 0 0 0 0 0 
node 1 1 1 3
node 2 1 1 1
node 3 1 1 1
node 4 1 0 2
node 12 2 0 0
node 25 1 0 0
node 119 1 0 0
gene 1 1 4 -1.07162 0 1 -1.07162 1
gene 2 2 4 1.42305 0 2 1.42305 0
gene 2 3 4 0.46419 0 3 0.46419 1
gene 2 2 12 3.78288 0 18 3.78288 1
gene 2 12 4 -1.17724 0 19 -1.17724 0
gene 3 3 12 -4.83115 0 36 -4.83115 1
gene 2 12 25 1.09115 0 59 1.09115 1
gene 2 25 4 6.72493 0 60 6.72493 1
gene 2 2 25 8 0 71 8 1
gene 1 1 25 -5.65704 0 274 -5.65704 1
gene 1 3 119 -1.62691 0 355 -1.62691 1
gene 1 119 12 -0.78129 0 356 -0.78129 1
gene 2 119 25 0.649817 0 388 0.649817 1
genomeend 135

/* Organism #136 Fitness: 8.99589 Error: 1.00069 */
genomestart 136
trait 1 0.1 0 0 0 0 0 0 0 
trait 2 0.107047 0 0 0 0.178351 0 0.48888 0.427963 
trait 3 0.3 0 0 0 0 0 0 0 
node 1 1 1 3
node 2 1 1 1
node 3 1 1 1
node 4 1 0 2
node 12 2 0 0
node 25 1 0 0
node 119 1 0 0
gene 1 1 4 -1.82735 0 1 -1.82735 1
gene 2 2 4 1.13581 0 2 1.13581 0
gene 2 3 4 3.34722 0 3 3.34722 1
gene 2 2 12 0.569952 0 18 0.569952 1
gene 2 12 4 0.211746 0 19 0.211746 0
gene 3 3 12 -3.85682 0 36 -3.85682 1
gene 2 12 25 -1.16426 0 59 -1.16426 1
gene 2 25 4 5.76432 0 60 5.76432 1
gene 2 2 25 7.74948 0 71 7.74948 1
gene 1 1 25 -4.92625 0 274 -4.92625 1
gene 1 3 119 -3.45903 0 355 -3.45903 1
gene 1 119 12 -4.56991 0 356 -4.56991 1
gene 2 119 25 2.19146 0 388 2.19146 1
genomeend 136

/* Organism #137 Fitness: 8.98326 Error: 1.00279 */
genomestart 137
trait 1 0.1 0 0 0 0 0 0 0 
trait 2 0.107047 0 0 0 0.178351 0 0.48888 0.427963 
trait 3 0.3 0 0 0 0 0 0 0 
node 1 1 1 3
node 2 1 1 1
node 3 1 1 1
node 4 1 0 2
node 12 2 0 0
node 25 1 0 0
node 119 1 0 0
gene 1 1 4 -1.60108 0 1 -1.60108 1
gene 2 2 4 -0.878776 0 2 -0.878776 0
gene 2 3 4 2.82432 0 3 2.82432 1
gene 2 2 12 1.4201 0 18 1.4201 1
gene 2 12 4 0.286364 0 19 0.286364 0
gene 3 3 12 -4.70323 0 36 -4.70323 1
gene 2 12 25 0.0018386 0 59 0.0018386 1
gene 2 25 4 7.13456 0 60 7.13456 1
gene 2 2 25 8 0 71 8 1
gene 1 1 25 -6.54746 0 274 -6.54746 1
gene 1 3 119 -2.54542 0 355 -2.54542 1
gene 1 119 12 -2.80615 0 356 -2.80615 1
gene 2 119 25 2.49321 0 388 2.49321 1
genomeend 137

/* Organism #138 Fitness: 4.10127 Error: 1.97484 */
genomestart 138
trait 1 0.1 0 0 0 0 0 0 0 
trait 2 0.107047 0 0 0 0.178351 0 0.48888 0.427963 
trait 3 0.3 0 0 0 0 0 0 0 
node 1 1 1 3
node 2 1 1 1
node 3 1 1 1
node 4 1 0 2
node 12 2 0 0
node 25 1 0 0
node 119 1 0 0
gene 1 1 4 -2.40868 0 1 -2.40868 1
gene 2 2 4 0.0379378 0 2 0.0379378 0
gene 2 3 4 1.66609 0 3 1.66609 1
gene 2 2 12 3.3119 0 18 3.3119 1
gene 2 12 4 0.757618 0 19 0.757618 0
gene 3 3 12 -6.46244 0 36 -6.46244 1
gene 2 12 25 1.34755 0 59 1.34755 1
gene 2 25 4 6.8895 0 60 6.8895 1
gene 2 2 25 7.87969 0 71 7.87969 1
gene 1 1 25 -6.77318 0 274 -6.77318 1
gene 1 3 119 -2.27175 0 355 -2.27175 1
gene 3 119 12 -0.640675 0 356 -0.640675 1
gene 2 119 25 4.50497 0 388 4.50497 1
genomeend 138

/* Organism #139 Fitness: 4.06454 Error: 1.98393 */
genomestart 139
trait 1 0.1 0 0 0 0 0 0 0 
trait 2 0.107047 0 0 0 0.178351 0 0.48888 0.427963 
trait 3 0.3 0 0 0 0 0 0 0 
node 1 1 1 3
node 2 1 1 1
node 3 1 1 1
node 4 1 0 2
node 12 2 0 0
node 25 1 0 0
node 119 1 0 0
gene 1 1 4 0.207313 0 1 0.207313 1
gene 2 2 4 -1.18078 0 2 -1.18078 0
gene 2 3 4 3.55011 0 3 3.55011 1
gene 2 2 12 3.06131 0 18 3.06131 1
gene 2 12 4 -1.75323 0 19 -1.75323 0
gene 3 3 12 -4.64494 0 36 -4.64494 1
gene 2 12 25 0.0018386 0 59 0.0018386 1
gene 2 25 4 6.58902 0 60 6.58902 1
gene 2 2 25 0.130752 0 71 0.130752 1
gene 1 1 25 -1.22834 0 274 -1.22834 1
gene 1 3 119 -0.735853 0 355 -0.735853 1
gene 1 119 12 -2.80615 0 356 -2.80615 1
gene 2 119 25 1.52674 0 388 1.52674 1
genomeend 139

/* Organism #140 Fitness: 8.98326 Error: 1.00279 */
genomestart 140
trait 1 0.1 0 0 0 0 0 0 0 
trait 2 0.107047 0 0 0 0.178351 0 0.48888 0.427963 
trait 3 0.3 0 0 0 0 0 0 0 
node 1 1 1 3
node 2 1 1 1
node 3 1 1 1
node 4 1 0 2
node 12 2 0 0
node 25 1 0 0
node 119 1 0 0
gene 1 1 4 -1.60108 0 1 -1.60108 1
gene 2 2 4 -0.878776 0 2 -0.878776 0
gene 2 3 4 2.82432 0 3 2.82432 1
gene 2 2 12 1.4201 0 18 1.4201 1
gene 2 12 4 0.286364 0 19 0.286364 0
gene 3 3 12 -4.70323 0 36 -4.70323 1
gene 2 12 25 0.0018386 0 59 0.0018386 1
gene 2 25 4 7.13456 0 60 7.13456 1
gene 2 2 25 8 0 71 8 1
gene 1 1 25 -6.54746 0 274 -6.54746 1
gene 1 3 119 -2.54542 0 355 -2.54542 1
gene 1 119 12 -2.80615 0 356 -2.80615 1
gene 2 119 25 2.49321 0 388 2.49321 1
genomeend 140

/* Species #27 : (Size 6) (AF 6.50002) (Age 6)  */


/* Organism #141 Fitness: 9 Error: 1 */
genomestart 141
trait 1 0.1 0 0 0 0 0 0 0 
trait 2 0.2 0 0 0 0 0 0 0 
trait 3 0 0.992171 0.609578 0.567582 1 0 0 0 
node 1 3 1 3
node 2 3 1 1
node 3 3 1 1
node 4 2 0 2
node 11 1 0 0
node 118 1 0 0
node 120 1 0 0
gene 3 1 4 -3.12483 0 1 -3.12483 1
gene 2 2 4 8 0 2 8 1
gene 2 3 4 -6.29881 0 3 -6.29881 1
gene 3 3 11 3.73929 0 16 3.73929 0
gene 2 11 4 -6.89506 0 17 -6.89506 1
gene 3 2 11 -0.931128 0 227 -0.931128 1
gene 3 3 118 1.75521 0 350 1.25521 1
gene 3 118 11 4.72216 0 351 2.95317 1
gene 3 2 120 1 0 358 0.5 1
gene 3 120 11 -3.26263 0 359 -2.22406 1
gene 1 118 120 -0.815675 0 405 -0.815675 1
genomeend 141

/* Organism #142 Fitness: 9 Error: 1 */
genomestart 142
trait 1 0.1 0 0 0 0 0 0 0 
trait 2 0.2 0 0 0 0 0 0 0 
trait 3 0 0.992171 0.609578 0.567582 1 0 0 0 
node 1 3 1 3
node 2 3 1 1
node 3 3 1 1
node 4 2 0 2
node 11 1 0 0
node 118 1 0 0
node 120 1 0 0
gene 3 1 4 -3.12483 0 1 -3.12483 1
gene 2 2 4 8 0 2 8 1
gene 2 3 4 -6.29881 0 3 -6.29881 1
gene 3 3 11 3.73929 0 16 3.73929 0
gene 2 11 4 -6.89506 0 17 -6.89506 1
gene 3 2 11 -0.931128 0 227 -0.931128 1
gene 3 3 118 1.75521 0 350 1.25521 1
gene 3 118 11 4.72216 0 351 2.95317 1
gene 3 2 120 1 0 358 0.5 1
gene 3 120 11 -3.26263 0 359 -2.22406 1
gene 1 118 120 -0.815675 0 405 -0.815675 1
genomeend 142

/* Organism #143 Fitness: 9 Error: 1 */
genomestart 143
trait 1 0.1 0 0 0 0 0 0 0 
trait 2 0.2 0 0 0 0 0 0 0 
trait 3 0 0.992171 0.609578 0.567582 1 0 0 0 
node 1 3 1 3
node 2 3 1 1
node 3 3 1 1
node 4 2 0 2
node 11 1 0 0
node 118 1 0 0
node 120 1 0 0
gene 3 1 4 -2.49607 0 1 -2.49607 1
gene 2 2 4 6.99158 0 2 6.99158 1
gene 2 3 4 -7.1494 0 3 -7.1494 1
gene 3 3 11 3.37437 0 16 3.37437 0
gene 2 11 4 -6.61244 0 17 -6.61244 1
gene 3 2 11 -1.1985 0 227 -1.1985 0
gene 3 3 118 2.57287 0 350 2.32287 1
gene 3 118 11 6.04728 0 351 5.16279 1
gene 3 2 120 0.768527 0 358 0.518527 1
gene 3 120 11 -3.47431 0 359 -2.95503 1
gene 1 118 120 0.077128 0 405 0.077128 1
genomeend 143

/* Organism #144 Fitness: 4 Error: 2 */
genomestart 144
trait 1 0.1 0 0 0 0 0 0 0 
trait 2 0.2 0 0 0 0 0 0 0 
trait 3 0 0.992171 0.609578 0.567582 1 0 0 0 
node 1 3 1 3
node 2 3 1 1
node 3 3 1 1
node 4 2 0 2
node 11 1 0 0
node 118 1 0 0
node 120 1 0 0
gene 3 1 4 -3.27872 0 1 -3.27872 1
gene 2 2 4 -0.520933 0 2 -0.520933 1
gene 2 3 4 -8 0 3 -8 1
gene 3 3 11 5.44809 0 16 5.44809 0
gene 2 11 4 -1.69263 0 17 -1.69263 1
gene 3 2 11 -3.12499 0 227 -3.12499 1
gene 3 3 118 4.78104 0 350 4.78104 1
gene 3 118 11 -0.854133 0 351 -0.854133 1
gene 3 2 120 2.11119 0 358 2.11119 1
gene 3 120 11 -2.27562 0 359 -2.27562 1
gene 1 118 120 -1.711 0 405 -1.711 1
genomeend 144

/* Organism #145 Fitness: 4 Error: 2 */
genomestart 145
trait 1 0.1 0 0 0 0 0 0 0 
trait 2 0.2 0 0 0 0 0 0 0 
trait 3 0 0.992171 0.609578 0.567582 1 0 0 0 
node 1 3 1 3
node 2 3 1 1
node 3 3 1 1
node 4 2 0 2
node 11 1 0 0
node 118 1 0 0
node 120 1 0 0
gene 3 1 4 -3.92218 0 1 -3.92218 1
gene 2 2 4 5.61788 0 2 5.61788 1
gene 2 3 4 -6.92611 0 3 -6.92611 1
gene 3 3 11 4.72234 0 16 4.72234 0
gene 2 11 4 -7.74962 0 17 -7.74962 1
gene 3 2 11 1.04791 0 227 1.04791 0
gene 3 3 118 3.07736 0 350 3.07736 1
gene 3 118 11 5.5801 0 351 5.5801 1
gene 3 2 120 2.032 0 358 2.032 1
gene 3 120 11 0.914112 0 359 0.914112 1
gene 1 118 120 -3.04195 0 405 -3.04195 1
genomeend 145

/* Organism #146 Fitness: 4.00013 Error: 1.99997 */
genomestart 146
trait 1 0.1 0 0 0 0 0 0 0 
trait 2 0.2 0 0 0 0 0 0 0 
trait 3 0 0.992171 0.609578 0.567582 1 0 0 0 
node 1 3 1 3
node 2 3 1 1
node 3 3 1 1
node 4 2 0 2
node 11 1 0 0
node 118 1 0 0
node 120 1 0 0
gene 3 1 4 -4.2224 0 1 -4.2224 1
gene 2 2 4 2.11959 0 2 2.11959 1
gene 2 3 4 -5.64142 0 3 -5.64142 1
gene 3 3 11 2.32332 0 16 2.32332 1
gene 2 11 4 -7.16581 0 17 -7.16581 1
gene 3 2 11 -3.95415 0 227 -3.95415 0
gene 3 3 118 1.53803 0 350 1.53803 1
gene 3 118 11 -1.1045 0 351 -1.1045 1
gene 3 2 120 -1.3601 0 358 -1.3601 1
gene 3 120 11 -5.54844 0 359 -5.54844 1
gene 1 118 120 2.35777 0 405 2.35777 1
genomeend 146

/* Species #28 : (Size 3) (AF 4.27876) (Age 4)  */


/* Organism #147 Fitness: 4 Error: 2 */
genomestart 147
trait 1 0.1 0 0 0 0 0 0 0 
trait 2 0.107047 0 0 0 0.178351 0 0.48888 0.427963 
trait 3 0.155648 0 0 0 0 0 0.79812 0 
node 1 3 1 3
node 2 1 1 1
node 3 1 1 1
node 4 1 0 2
node 12 2 0 0
node 25 1 0 0
node 119 1 0 0
node 128 1 0 0
gene 1 1 4 2.57766 0 1 2.57766 1
gene 2 2 4 3.40779 0 2 3.40779 0
gene 2 3 4 0.383334 0 3 0.383334 1
gene 2 2 12 -2.89146 0 18 -2.89146 1
gene 2 12 4 2.48455 0 19 2.48455 0
gene 1 3 12 1.98852 0 36 1.98852 1
gene 2 12 25 -0.0670772 0 59 -0.0670772 1
gene 2 25 4 3.9054 0 60 3.9054 1
gene 2 2 25 -0.224528 0 71 -0.224528 1
gene 1 1 25 0.121089 0 274 0.121089 1
gene 1 3 119 0.814192 0 355 0.814192 1
gene 1 119 12 0.427626 0 356 0.427626 1
gene 2 12 128 0.630299 0 389 0.630299 1
gene 2 128 4 -2.25555 0 390 -2.25555 1
gene 1 1 12 0.115557 0 406 0.115557 1
genomeend 147

/* Organism #148 Fitness: 4.61089 Error: 1.8527 */
genomestart 148
trait 1 0.1 0 0 0 0 0 0 0 
trait 2 0.107047 0 0 0 0.178351 0 0.48888 0.427963 
trait 3 0.155648 0 0 0 0 0 0.79812 0 
node 1 3 1 3
node 2 1 1 1
node 3 1 1 1
node 4 1 0 2
node 12 2 0 0
node 25 1 0 0
node 119 1 0 0
node 128 1 0 0
gene 1 1 4 0.118035 0 1 0.118035 1
gene 2 2 4 1.72964 0 2 1.72964 0
gene 2 3 4 -0.933989 0 3 -0.933989 1
gene 2 2 12 -2.34388 0 18 -2.34388 1
gene 2 12 4 0.0915187 0 19 0.0915187 0
gene 1 3 12 4.44151 0 36 4.44151 1
gene 2 12 25 -2.65046 0 59 -2.65046 1
gene 2 25 4 3.8905 0 60 3.8905 1
gene 2 2 25 -0.161806 0 71 -0.161806 1
gene 1 1 25 -0.185502 0 274 -0.185502 1
gene 1 3 119 2.56285 0 355 2.56285 1
gene 1 119 12 0.357116 0 356 0.357116 1
gene 2 12 128 -0.848011 0 389 -0.848011 1
gene 2 128 4 0.0915187 0 390 0.0915187 1
gene 1 1 12 -0.507563 0 406 -0.507563 1
genomeend 148

/* Organism #149 Fitness: 4.2254 Error: 1.94442 */
genomestart 149
trait 1 0.1 0.107838 0 0 0.866826 0.0390439 0 0 
trait 2 0.107047 0 0 0 0.178351 0 0.48888 0.427963 
trait 3 0.155648 0 0 0 0 0 0.79812 0 
node 1 3 1 3
node 2 1 1 1
node 3 1 1 1
node 4 1 0 2
node 12 2 0 0
node 25 1 0 0
node 119 1 0 0
node 128 1 0 0
gene 1 1 4 0.25376 0 1 0.25376 1
gene 2 2 4 0.394986 0 2 0.394986 0
gene 2 3 4 0.4097 0 3 0.4097 1
gene 2 2 12 -4.71236 0 18 -4.71236 1
gene 2 12 4 2.20503 0 19 2.20503 0
gene 1 3 12 6.23834 0 36 6.23834 1
gene 2 12 25 0.559538 0 59 0.559538 1
gene 2 25 4 2.60242 0 60 2.60242 1
gene 2 2 25 0.473316 0 71 0.473316 1
gene 1 1 25 -3.6716 0 274 -3.6716 1
gene 1 3 119 0.354459 0 355 0.354459 1
gene 1 119 12 -3.72696 0 356 -3.72696 1
gene 2 12 128 2.96901 0 389 2.96901 1
gene 2 128 4 -1.64995 0 390 -1.64995 1
gene 1 1 12 1.78415 0 406 1.78415 1
genomeend 149
