
/* Species #1 : (Size 13) (AF 8.49423) (Age 18)  */


/* Organism #0 Fitness: 9 Error: 1 */
genomestart 0
trait 1 0.0875 0.0200876 0.125729 0.0397125 0.015971 0 0.00106039 0 
trait 2 0.2 0 0.00368662 0.0444479 0 0 0 0.0122033 
trait 3 0.368597 0.0519765 0 0 0 0 0.116716 0 
node 1 1 1 3
node 2 2 1 1
node 3 1 1 1
node 4 3 0 2
gene 3 1 4 -3.88399 0 1 -3.88399 1
gene 3 2 4 7.67029 0 2 7.67029 1
gene 3 3 4 7.53163 0 3 7.53163 1
genomeend 0

/* Organism #1 Fitness: 9 Error: 1 */
genomestart 1
trait 1 0.0875 0.0401751 0.153931 0.0384315 0.031942 0 0.00212079 0 
trait 2 0.2 0 0.00374334 0.0451317 0 0 0 0.0123911 
trait 3 0.367508 0.0511515 0 0 0 0 0.114863 0 
node 1 1 1 3
node 2 2 1 1
node 3 1 1 1
node 4 3 0 2
gene 3 1 4 -3.28466 0 1 -3.28466 1
gene 3 2 4 7.34058 0 2 7.34058 1
gene 3 3 4 7.69041 0 3 7.69041 1
genomeend 1

/* Organism #2 Fitness: 7.1876 Error: 1.31903 */
genomestart 2
trait 1 0.0875 0.0200876 0.125729 0.0397125 0.015971 0 0.00106039 0 
trait 2 0.2 0 0.00368662 0.0444479 0 0 0 0.0122033 
trait 3 0.368597 0.0519765 0 0 0 0 0.116716 0 
node 1 1 1 3
node 2 2 1 1
node 3 1 1 1
node 4 3 0 2
gene 3 1 4 -1.49136 0 1 -1.49136 1
gene 3 2 4 1.64594 0 2 1.64594 1
gene 3 3 4 6.63095 0 3 6.63095 1
genomeend 2

/* Organism #3 Fitness: 9 Error: 1 */
genomestart 3
trait 1 0.0875 0.0150657 0.118678 0.0400328 0.0119782 0 0.000795296 0 
trait 2 0.2 0 0.00367244 0.0442769 0 0 0 0.0121564 
trait 3 0.368869 0.0521828 0 0 0 0 0.117179 0 
node 1 3 1 3
node 2 2 1 1
node 3 1 1 1
node 4 3 0 2
gene 1 1 4 -4.15277 0 1 -4.15277 1
gene 3 2 4 8 0 2 8 1
gene 3 3 4 7.54925 0 3 7.54925 1
genomeend 3

/* Organism #4 Fitness: 9 Error: 1 */
genomestart 4
trait 1 0.0875 0.0401751 0.153931 0.0384315 0.031942 0 0.00212079 0 
trait 2 0.2 0 0.00374334 0.0451317 0 0 0 0.0123911 
trait 3 0.367508 0.0511515 0 0 0 0 0.114863 0 
node 1 1 1 3
node 2 2 1 1
node 3 1 1 1
node 4 3 0 2
gene 3 1 4 -3.28466 0 1 -3.28466 1
gene 3 2 4 7.34058 0 2 7.34058 1
gene 3 3 4 7.69041 0 3 7.69041 1
genomeend 4

/* Organism #5 Fitness: 8.99997 Error: 1 */
genomestart 5
trait 1 0.0875 0.0200876 0.125729 0.0397125 0.015971 0 0.00106039 0 
trait 2 0.2 0 0.00368662 0.0444479 0 0 0 0.0122033 
trait 3 0.368597 0.0519765 0 0 0 0 0.116716 0 
node 1 1 1 3
node 2 2 1 1
node 3 1 1 1
node 4 3 0 2
gene 3 1 4 -2.48029 0 1 -2.48029 1
gene 3 2 4 8 0 2 8 1
gene 3 3 4 8 0 3 8 1
genomeend 5

/* Organism #6 Fitness: 8.99943 Error: 1.00009 */
genomestart 6
trait 1 0.0875 0.0175766 0.122203 0.0398726 0.0139746 0 0.000927845 0 
trait 2 0.2 0 0.00367953 0.0443624 0 0 0 0.0121799 
trait 3 0.368733 0.0520797 0 0 0 0 0.116947 0 
node 1 3 1 3
node 2 2 1 1
node 3 1 1 1
node 4 3 0 2
gene 1 1 4 -1.8816 0 1 -1.8816 1
gene 3 2 4 8 0 2 8 1
gene 3 3 4 6.24223 0 3 6.24223 1
genomeend 6

/* Organism #7 Fitness: 8.99997 Error: 1 */
genomestart 7
trait 1 0.0875 0.0150657 0.118678 0.0400328 0.0119782 0 0.000795296 0 
trait 2 0.2 0 0.00367244 0.0442769 0 0 0 0.0121564 
trait 3 0.368869 0.0521828 0 0 0 0 0.117179 0 
node 1 3 1 3
node 2 2 1 1
node 3 1 1 1
node 4 3 0 2
gene 1 1 4 -2.52665 0 1 -2.52665 1
gene 3 2 4 8 0 2 8 1
gene 3 3 4 5.58089 0 3 5.58089 1
genomeend 7

/* Organism #8 Fitness: 8.99894 Error: 1.00018 */
genomestart 8
trait 1 0.0875 0.0200876 0.125729 0.0397125 0.015971 0 0.00106039 0 
trait 2 0.2 0 0.00368662 0.0444479 0 0 0 0.0122033 
trait 3 0.368597 0.0519765 0 0 0 0 0.116716 0 
node 1 1 1 3
node 2 2 1 1
node 3 1 1 1
node 4 3 0 2
gene 3 1 4 -1.7551 0 1 -1.7551 1
gene 3 2 4 8 0 2 8 1
gene 1 3 4 6.05009 0 3 6.05009 1
genomeend 8

/* Organism #9 Fitness: 8.99836 Error: 1.00027 */
genomestart 9
trait 1 0.0875 0.0175766 0.122203 0.0398726 0.0139746 0 0.000927845 0 
trait 2 0.2 0 0.00367953 0.0443624 0 0 0 0.0121799 
trait 3 0.368733 0.0520797 0 0 0 0 0.116947 0 
node 1 3 1 3
node 2 2 1 1
node 3 1 1 1
node 4 3 0 2
gene 3 1 4 -4.22486 0 1 -4.22486 1
gene 3 2 4 7.29888 0 2 7.29888 1
gene 3 3 4 5.89086 0 3 5.89086 1
genomeend 9

/* Organism #10 Fitness: 4.24075 Error: 1.94069 */
genomestart 10
trait 1 0.0875 0.0175766 0.122203 0.0398726 0.0139746 0 0.000927845 0 
trait 2 0.2 0 0.00367953 0.0443624 0 0 0 0.0121799 
trait 3 0.368733 0.0520797 0 0 0 0 0.116947 0 
node 1 3 1 3
node 2 2 1 1
node 3 1 1 1
node 4 3 0 2
node 47 1 0 0
gene 1 1 4 -3.20455 0 1 -3.20455 1
gene 3 2 4 7.67029 0 2 7.67029 1
gene 3 3 4 7.53163 0 3 7.53163 0
gene 3 3 47 1 0 135 0 1
gene 3 47 4 7.53163 0 136 0 1
genomeend 10

/* Organism #11 Fitness: 9 Error: 1 */
genomestart 11
trait 1 0.0875 0.0150657 0.118678 0.0400328 0.0119782 0 0.000795296 0 
trait 2 0.2 0 0.00367244 0.0442769 0 0 0 0.0121564 
trait 3 0.368869 0 0 0 0 0 0.117179 0 
node 1 3 1 3
node 2 2 1 1
node 3 1 1 1
node 4 3 0 2
gene 1 1 4 -3.20455 0 1 -3.20455 1
gene 3 2 4 8 0 2 8 1
gene 3 3 4 7.97359 0 3 7.97359 1
genomeend 11

/* Organism #12 Fitness: 8.99998 Error: 1 */
genomestart 12
trait 1 0.0875 0.0150657 0.118678 0.0400328 0.0119782 0 0.000795296 0 
trait 2 0.2 0 0.00367244 0.0442769 0 0 0 0.0121564 
trait 3 0.368869 0.0521828 0 0 0 0 0.117179 0 
node 1 3 1 3
node 2 2 1 1
node 3 1 1 1
node 4 3 0 2
gene 1 1 4 -5.01177 0 1 -5.01177 1
gene 3 2 4 8 0 2 8 1
gene 3 3 4 7.62583 0 3 7.62583 1
genomeend 12

/* Species #2 : (Size 14) (AF 7.60906) (Age 15)  */


/* Organism #13 Fitness: 9 Error: 1 */
genomestart 13
trait 1 0.025 0.0304744 0 0 0 0.0223751 0 0.43136 
trait 2 0.2 0 0 0 0 0 0 0 
trait 3 0.341699 0.0149655 0 0 0 0.045887 0 0.0306201 
node 1 1 1 3
node 2 2 1 1
node 3 2 1 1
node 4 3 0 2
node 8 1 0 0
node 12 1 0 0
gene 1 1 4 -4.11899 0 1 -4.11899 1
gene 1 2 4 8 0 2 8 1
gene 2 3 4 -7.90347 0 3 -7.90347 1
gene 3 3 8 3.16378 0 10 3.16378 0
gene 3 8 4 -4.69702 0 11 -4.69702 1
gene 3 3 12 1.32094 0 20 1.32094 1
gene 3 12 8 -7.73141 0 21 -7.73141 1
gene 3 1 12 0.113482 0 39 0.113482 1
genomeend 13

/* Organism #14 Fitness: 9 Error: 1 */
genomestart 14
trait 1 0 0.0304744 0 0 0 0.0223751 0 0.575147 
trait 2 0.2 0 0 0 0 0 0 0 
trait 3 0.332812 0.0117762 0 0 0 0.0361078 0 0.0240945 
node 1 1 1 3
node 2 2 1 1
node 3 2 1 1
node 4 3 0 2
node 8 1 0 0
node 12 1 0 0
gene 1 1 4 -3.80817 0 1 -3.80817 1
gene 1 2 4 8 0 2 8 1
gene 2 3 4 -8 0 3 -8 1
gene 3 3 8 8 0 10 8 0
gene 3 8 4 -4.52812 0 11 -4.52812 1
gene 3 3 12 1.51945 0 20 1.51945 1
gene 3 12 8 -7.46282 0 21 -7.46282 1
gene 3 1 12 0.13342 0 39 0.13342 1
genomeend 14

/* Organism #15 Fitness: 7.40068 Error: 1.27958 */
genomestart 15
trait 1 0 0.0304744 0 0 0 0.0223751 0 0.575147 
trait 2 0.2 0 0 0 0 0 0 0 
trait 3 0.332812 0.0117762 0 0 0 0.0361078 0 0.0240945 
node 1 1 1 3
node 2 2 1 1
node 3 2 1 1
node 4 3 0 2
node 8 1 0 0
node 12 1 0 0
gene 1 1 4 -1.71726 0 1 -1.71726 1
gene 1 2 4 7.24031 0 2 7.24031 1
gene 2 3 4 -5.71548 0 3 -5.71548 1
gene 3 3 8 6.42502 0 10 6.42502 0
gene 3 8 4 -2.35007 0 11 -2.35007 1
gene 3 3 12 2.40903 0 20 2.40903 1
gene 3 12 8 -7.46282 0 21 -7.46282 1
gene 3 1 12 2.62464 0 39 2.62464 1
genomeend 15

/* Organism #16 Fitness: 8.99992 Error: 1.00001 */
genomestart 16
trait 1 0.0125 0.0304744 0 0 0 0.0223751 0 0.503253 
trait 2 0.2 0 0 0 0 0 0 0 
trait 3 0.337256 0.0133709 0 0 0 0.0409974 0 0.0273573 
node 1 1 1 3
node 2 2 1 1
node 3 2 1 1
node 4 3 0 2
node 8 3 0 0
node 12 1 0 0
gene 1 1 4 -2.28888 0 1 -2.28888 1
gene 1 2 4 8 0 2 8 1
gene 2 3 4 -8 0 3 -8 1
gene 3 3 8 3.16378 0 10 3.16378 0
gene 3 8 4 -4.33934 0 11 -4.33934 1
gene 3 3 12 -0.913673 0 20 -0.913673 1
gene 3 12 8 -5.89787 0 21 -5.89787 1
gene 3 1 12 0.113482 0 39 0.113482 1
genomeend 16

/* Organism #17 Fitness: 9 Error: 1 */
genomestart 17
trait 1 0 0.0304744 0 0 0 0.0223751 0 0.575147 
trait 2 0.2 0 0 0 0 0 0 0 
trait 3 0.332812 0.0117762 0 0 0 0.0361078 0 0.0240945 
node 1 1 1 3
node 2 2 1 1
node 3 2 1 1
node 4 3 0 2
node 8 1 0 0
node 12 1 0 0
gene 1 1 4 -3.80817 0 1 -3.80817 1
gene 1 2 4 8 0 2 8 1
gene 2 3 4 -8 0 3 -8 1
gene 1 3 8 8 0 10 8 0
gene 3 8 4 -4.52812 0 11 -4.52812 1
gene 3 3 12 1.51945 0 20 1.51945 1
gene 3 12 8 -7.46282 0 21 -7.46282 1
gene 3 1 12 0.13342 0 39 0.13342 1
genomeend 17

/* Organism #18 Fitness: 9 Error: 1 */
genomestart 18
trait 1 0.0125 0.0304744 0 0 0 0.0223751 0 0.503253 
trait 2 0.2 0 0 0 0 0 0 0 
trait 3 0.337256 0.0133709 0 0 0 0.0409974 0 0.0273573 
node 1 1 1 3
node 2 2 1 1
node 3 2 1 1
node 4 3 0 2
node 8 1 0 0
node 12 1 0 0
gene 1 1 4 -3.10481 0 1 -3.10481 1
gene 1 2 4 8 0 2 8 1
gene 2 3 4 -7.52482 0 3 -7.52482 1
gene 3 3 8 6.00374 0 10 6.00374 1
gene 3 8 4 -3.82552 0 11 -3.82552 1
gene 3 3 12 -0.660222 0 20 -0.660222 1
gene 3 12 8 -5.59761 0 21 -5.59761 1
gene 3 1 12 0.935954 0 39 0.935954 1
genomeend 18

/* Organism #19 Fitness: 4 Error: 2 */
genomestart 19
trait 1 0.05 0.0304744 0 0 0 0.0223751 0 0.287573 
trait 2 0.2 0 0 0 0 0 0 0 
trait 3 0.316406 0.00588808 0 0 0 0.0180539 0 0.0120472 
node 1 1 1 3
node 2 2 1 1
node 3 2 1 1
node 4 3 0 2
node 8 1 0 0
node 12 1 0 0
gene 1 1 4 -5.00355 0 1 -5.00355 1
gene 1 2 4 1.92879 0 2 1.92879 1
gene 2 3 4 -7.05846 0 3 -7.05846 1
gene 3 3 8 0.842543 0 10 0.842543 0
gene 3 8 4 -4.76545 0 11 -4.76545 0
gene 3 3 12 -0.108502 0 20 -0.108502 1
gene 3 12 8 -3.38122 0 21 -3.38122 1
gene 3 1 12 0.139424 0 39 0.139424 1
genomeend 19

/* Organism #20 Fitness: 4.08963 Error: 1.97772 */
genomestart 20
trait 1 0.0125 0.0304744 0 0 0 0.0223751 0 0.503253 
trait 2 0.2 0 0 0 0 0 0 0 
trait 3 0.337256 0.0133709 0 0 0 0.0409974 0 0.0273573 
node 1 1 1 3
node 2 2 1 1
node 3 2 1 1
node 4 3 0 2
node 8 1 0 0
node 12 1 0 0
gene 1 1 4 -3.8566 0 1 -3.8566 1
gene 1 2 4 5.54681 0 2 5.54681 1
gene 2 3 4 -5.63337 0 3 -5.63337 1
gene 3 3 8 7.71661 0 10 7.71661 0
gene 3 8 4 -6.41987 0 11 -6.41987 1
gene 3 3 12 1.5753 0 20 1.5753 1
gene 3 12 8 -8 0 21 -8 1
gene 3 1 12 -0.893748 0 39 -0.893748 1
genomeend 20

/* Organism #21 Fitness: 8.99812 Error: 1.00031 */
genomestart 21
trait 1 0 0.0304744 0 0 0 0.0223751 0 0.575147 
trait 2 0.2 0 0 0 0 0 0 0 
trait 3 0.332812 0.0117762 0 0 0 0.0361078 0 0.0240945 
node 1 1 1 3
node 2 2 1 1
node 3 2 1 1
node 4 3 0 2
node 8 1 0 0
node 12 1 0 0
gene 1 1 4 -3.95361 0 1 -3.95361 1
gene 1 2 4 7.88935 0 2 7.88935 1
gene 2 3 4 -5.57361 0 3 -5.57361 1
gene 3 3 8 8 0 10 8 0
gene 3 8 4 -4.85985 0 11 -4.85985 1
gene 3 3 12 -0.186321 0 20 -0.186321 1
gene 3 12 8 -8 0 21 -8 1
gene 3 1 12 0.627469 0 39 0.627469 1
genomeend 21

/* Organism #22 Fitness: 8.99999 Error: 1 */
genomestart 22
trait 1 0 0.0304744 0 0 0 0.0223751 0 0.575147 
trait 2 0.2 0 0 0 0 0 0 0 
trait 3 0.332812 0.0117762 0 0 0 0.0361078 0 0.0240945 
node 1 1 1 3
node 2 2 1 1
node 3 2 1 1
node 4 3 0 2
node 8 1 0 0
node 12 1 0 0
gene 1 1 4 -3.41137 0 1 -3.41137 1
gene 1 2 4 8 0 2 8 1
gene 2 3 4 -7.22769 0 3 -7.22769 1
gene 3 3 8 6.37725 0 10 6.37725 0
gene 3 8 4 -3.74522 0 11 -3.74522 1
gene 3 3 12 -0.623993 0 20 -0.623993 1
gene 3 12 8 -8 0 21 -8 1
gene 3 1 12 0.94025 0 39 0.94025 1
genomeend 22

/* Organism #23 Fitness: 9 Error: 1 */
genomestart 23
trait 1 0.0125 0.0304744 0 0 0 0.0223751 0 0.503253 
trait 2 0.2 0 0 0 0 0 0 0 
trait 3 0.337256 0.0133709 0 0 0 0.0409974 0 0.0273573 
node 1 1 1 3
node 2 2 1 1
node 3 2 1 1
node 4 3 0 2
node 8 1 0 0
node 12 1 0 0
gene 1 1 4 -3.96358 0 1 -3.96358 1
gene 1 2 4 8 0 2 8 1
gene 2 3 4 -7.95173 0 3 -7.95173 1
gene 3 3 8 5.58189 0 10 5.58189 0
gene 3 8 4 -4.61257 0 11 -4.61257 1
gene 3 3 12 1.42019 0 20 1.42019 1
gene 3 12 8 -7.59712 0 21 -7.59712 1
gene 3 1 12 0.123451 0 39 0.123451 1
genomeend 23

/* Organism #24 Fitness: 8.98779 Error: 1.00204 */
genomestart 24
trait 1 0.0125 0.0304744 0 0 0 0.0223751 0 0.503253 
trait 2 0.2 0 0 0 0 0 0 0 
trait 3 0.337256 0.0133709 0 0 0 0.0409974 0 0.0273573 
node 1 1 1 3
node 2 2 1 1
node 3 2 1 1
node 4 3 0 2
node 8 1 0 0
node 12 1 0 0
gene 1 1 4 -5.30318 0 1 -5.30318 1
gene 1 2 4 6.56125 0 2 6.56125 1
gene 2 3 4 -7.95173 0 3 -7.95173 1
gene 3 3 8 5.58189 0 10 5.58189 0
gene 3 8 4 -4.99063 0 11 -4.99063 1
gene 3 3 12 1.42019 0 20 1.42019 1
gene 3 12 8 -8 0 21 -8 1
gene 3 1 12 0.123451 0 39 0.123451 1
genomeend 24

/* Organism #25 Fitness: 1.05065 Error: 2.97499 */
genomestart 25
trait 1 0 0.0304744 0 0 0 0.0223751 0 0.575147 
trait 2 0.2 0 0 0 0 0 0 0 
trait 3 0 0 0 0 0.860626 0.0361078 0 0.0240945 
node 1 1 1 3
node 2 2 1 1
node 3 2 1 1
node 4 3 0 2
node 8 1 0 0
node 12 1 0 0
gene 1 1 4 1.89415 0 1 1.89415 1
gene 1 2 4 8 0 2 8 1
gene 2 3 4 -8 0 3 -8 1
gene 3 3 8 8 0 10 8 0
gene 3 8 4 -2.56244 0 11 -2.56244 1
gene 3 3 12 -1.33696 0 20 -1.33696 1
gene 3 12 8 -0.613515 0 21 -0.613515 1
gene 3 1 12 0.807329 0 39 0.807329 1
genomeend 25

/* Organism #26 Fitness: 9 Error: 1 */
genomestart 26
trait 1 0.0125 0.0304744 0 0 0 0.0223751 0 0.503253 
trait 2 0.2 0 0 0 0 0 0 0 
trait 3 0.337256 0.0133709 0 0 0 0.0409974 0 0.0273573 
node 1 1 1 3
node 2 2 1 1
node 3 2 1 1
node 4 3 0 2
node 8 1 0 0
node 12 1 0 0
gene 1 1 4 -4.11899 0 1 -4.11899 1
gene 1 2 4 8 0 2 8 1
gene 2 3 4 -7.90347 0 3 -7.90347 1
gene 3 3 8 3.16378 0 10 3.16378 0
gene 3 8 4 -4.69702 0 11 -4.69702 1
gene 3 3 12 1.51945 0 20 1.51945 1
gene 3 12 8 -7.46282 0 21 -7.46282 1
gene 3 1 12 0.13342 0 39 0.13342 1
genomeend 26

/* Species #4 : (Size 10) (AF 6.37069) (Age 13)  */


/* Organism #27 Fitness: 8.99969 Error: 1.00005 */
genomestart 27
trait 1 0.629322 0 0 0.306971 0 0 0 0 
trait 2 0.2 0 0 0 0 0 0 0 
trait 3 0.3 0.211206 0 0 0 0 0.233317 0 
node 1 1 1 3
node 2 3 1 1
node 3 3 1 1
node 4 3 0 2
node 13 1 0 0
gene 2 1 4 -2.07652 0 1 -2.07652 1
gene 1 2 4 4.33173 0 2 4.33173 1
gene 2 3 4 0.581801 0 3 0.581801 0
gene 2 3 13 5.03627 0 22 5.03627 1
gene 2 13 4 -6.21579 0 23 -6.21579 1
gene 3 1 13 -2.25809 0 35 -2.25809 1
gene 3 2 13 -1.55992 0 97 -1.55992 1
genomeend 27

/* Organism #28 Fitness: 8.92983 Error: 1.01172 */
genomestart 28
trait 1 0.61987 0 0 0.301489 0 0 0 0 
trait 2 0.2 0 0 0 0 0 0 0 
trait 3 0.3 0.211206 0 0 0 0 0.233317 0 
node 1 1 1 3
node 2 3 1 1
node 3 3 1 1
node 4 3 0 2
node 13 1 0 0
gene 2 1 4 -0.156538 0 1 -0.156538 1
gene 1 2 4 5.99583 0 2 5.99583 1
gene 2 3 4 -0.723032 0 3 -0.723032 0
gene 2 3 13 6.30891 0 22 6.30891 1
gene 2 13 4 -6.7399 0 23 -6.7399 1
gene 3 1 13 1.75665 0 35 1.75665 1
gene 3 2 13 -2.10213 0 97 -2.10213 1
genomeend 28

/* Organism #29 Fitness: 4.39498 Error: 1.90358 */
genomestart 29
trait 1 0.629322 0 0 0.306971 0 0 0 0 
trait 2 0.1 0 0 0 0 0 0 0 
trait 3 0.3 0.211206 0 0 0 0 0.233317 0 
node 1 1 1 3
node 2 3 1 1
node 3 3 1 1
node 4 3 0 2
node 13 1 0 0
gene 2 1 4 -4.52082 0 1 -4.52082 1
gene 1 2 4 4.06641 0 2 4.06641 1
gene 2 3 4 -1.77655 0 3 -1.77655 0
gene 2 3 13 3.04229 0 22 3.04229 1
gene 2 13 4 -7.61336 0 23 -7.61336 1
gene 3 1 13 0.109536 0 35 0.109536 1
gene 3 2 13 -3.31946 0 97 -3.31946 1
genomeend 29

/* Organism #30 Fitness: 8.99969 Error: 1.00005 */
genomestart 30
trait 1 0.629322 0 0 0.306971 0 0 0 0 
trait 2 0.2 0 0 0 0 0 0 0 
trait 3 0.3 0.211206 0 0 0 0 0.233317 0 
node 1 1 1 3
node 2 3 1 1
node 3 3 1 1
node 4 3 0 2
node 13 1 0 0
gene 2 1 4 -2.07652 0 1 -2.07652 1
gene 1 2 4 4.33173 0 2 4.33173 1
gene 2 3 4 0.581801 0 3 0.581801 1
gene 2 3 13 5.03627 0 22 5.03627 1
gene 2 13 4 -6.21579 0 23 -6.21579 1
gene 3 1 13 -2.25809 0 35 -2.25809 1
gene 3 2 13 -1.55992 0 97 -1.55992 1
genomeend 30

/* Organism #31 Fitness: 8.95418 Error: 1.00765 */
genomestart 31
trait 1 0.629322 0 0 0.306971 0 0 0 0 
trait 2 0.1 0 0 0 0 0 0 0 
trait 3 0.3 0.211206 0 0 0 0 0.233317 0 
node 1 1 1 3
node 2 3 1 1
node 3 3 1 1
node 4 3 0 2
node 13 1 0 0
gene 2 1 4 -0.391685 0 1 -0.391685 1
gene 1 2 4 4.00801 0 2 4.00801 1
gene 2 3 4 1.39847 0 3 1.39847 0
gene 2 3 13 3.44631 0 22 3.44631 1
gene 2 13 4 -4.63359 0 23 -4.63359 1
gene 3 1 13 -0.0524017 0 35 -0.0524017 1
gene 3 2 13 -2.36462 0 97 -2.36462 1
genomeend 31

/* Organism #32 Fitness: 4.00002 Error: 1.99999 */
genomestart 32
trait 1 0.610418 0 0 0.296007 0 0 0 0 
trait 2 0.2 0 0 0 0 0 0 0 
trait 3 0.3 0.211206 0 0 0 0 0.233317 0 
node 1 1 1 3
node 2 3 1 1
node 3 3 1 1
node 4 3 0 2
node 13 1 0 0
gene 2 1 4 -2.82983 0 1 -2.82983 1
gene 1 2 4 2.79162 0 2 2.79162 1
gene 2 3 4 -2.79642 0 3 -2.79642 1
gene 2 3 13 4.74678 0 22 4.74678 1
gene 2 13 4 -3.62652 0 23 -3.62652 1
gene 3 1 13 -0.0755214 0 35 -0.0755214 1
gene 3 2 13 0.213828 0 97 0.213828 1
genomeend 32

/* Organism #33 Fitness: 8.99949 Error: 1.00009 */
genomestart 33
trait 1 0.629322 0 0 0.306971 0 0 0 0 
trait 2 0.2 0 0 0 0 0 0 0 
trait 3 0.3 0.211206 0 0 0 0 0.233317 0 
node 1 1 1 3
node 2 3 1 1
node 3 3 1 1
node 4 3 0 2
node 13 1 0 0
gene 3 1 4 -2.89723 0 1 -2.89723 1
gene 1 2 4 5.60055 0 2 5.60055 1
gene 2 3 4 -0.906835 0 3 -0.906835 0
gene 2 3 13 4.98016 0 22 4.98016 1
gene 2 13 4 -4.6624 0 23 -4.6624 1
gene 3 1 13 -3.96949 0 35 -3.96949 1
gene 3 2 13 -0.0979848 0 97 -0.0979848 1
genomeend 33

/* Organism #34 Fitness: 4.00133 Error: 1.99967 */
genomestart 34
trait 1 0.629322 0 0 0.306971 0 0 0 0 
trait 2 0.1 0 0 0 0 0 0 0 
trait 3 0.3 0.211206 0 0 0 0 0.233317 0 
node 1 1 1 3
node 2 3 1 1
node 3 3 1 1
node 4 3 0 2
node 13 1 0 0
gene 2 1 4 0.00704817 0 1 0.00704817 1
gene 1 2 4 1.00085 0 2 1.00085 1
gene 2 3 4 1.62983 0 3 1.62983 0
gene 2 3 13 0.860004 0 22 0.860004 1
gene 2 13 4 0.04051 0 23 0.04051 1
gene 3 1 13 -1.86774 0 35 -1.86774 1
gene 3 2 13 -0.0416472 0 97 -0.0416472 1
genomeend 34

/* Organism #35 Fitness: 2.42798 Error: 2.4418 */
genomestart 35
trait 1 0.629322 0 0 0.306971 0 0 0 0 
trait 2 0.2 0 0 0 0 0 0 0 
trait 3 0.3 0.211206 0 0 0 0 0.233317 0 
node 1 1 1 3
node 2 3 1 1
node 3 3 1 1
node 4 3 0 2
node 13 1 0 0
gene 2 1 4 -0.00230392 0 1 -0.00230392 1
gene 1 2 4 -1.99721 0 2 -1.99721 1
gene 2 3 4 0.581801 0 3 0.581801 0
gene 2 3 13 6.22375 0 22 6.22375 1
gene 2 13 4 -8 0 23 -8 1
gene 3 1 13 -1.05005 0 35 -1.05005 1
gene 3 2 13 0.778447 0 97 0.778447 1
genomeend 35

/* Organism #36 Fitness: 3.99972 Error: 2.00007 */
genomestart 36
trait 1 0.61987 0 0 0.301489 0 0 0 0 
trait 2 0.2 0 0 0 0 0 0 0 
trait 3 0.3 0.211206 0 0 0 0 0.233317 0 
node 1 1 1 3
node 2 3 1 1
node 3 3 1 1
node 4 3 0 2
node 13 1 0 0
gene 2 1 4 -1.0257 0 1 -1.0257 1
gene 1 2 4 4.85831 0 2 4.85831 1
gene 2 3 4 -1.50602 0 3 -1.50602 0
gene 2 3 13 2.59468 0 22 2.59468 1
gene 2 13 4 -6.79951 0 23 -6.79951 1
gene 3 1 13 -0.377487 0 35 -0.377487 1
gene 3 2 13 -3.23563 0 97 -3.23563 1
genomeend 36

/* Species #5 : (Size 12) (AF 8.34543) (Age 12)  */


/* Organism #37 Fitness: 9 Error: 1 */
genomestart 37
trait 1 0.075 0.622948 0.137309 0 0 0.0223751 0 0 
trait 2 0.2 0 0 0 0 0 0 0 
trait 3 0.3 0 0 0 0 0 0 0 
node 1 3 1 3
node 2 2 1 1
node 3 2 1 1
node 4 3 0 2
node 8 1 0 0
node 15 3 0 0
gene 3 1 4 -7.61358 0 1 -7.61358 1
gene 1 2 4 7.94941 0 2 7.94941 1
gene 2 3 4 -4.374 0 3 -4.374 1
gene 3 3 8 -3.04294 0 10 -3.04294 1
gene 3 8 4 5.35996 0 11 5.35996 1
gene 2 3 15 -0.425426 0 28 -0.425426 1
gene 2 15 4 0.256363 0 29 0.256363 1
gene 1 8 15 -2.44059 0 77 -2.44059 1
gene 2 2 8 0.312577 0 98 0.312577 1
genomeend 37

/* Organism #38 Fitness: 6.25787 Error: 1.49843 */
genomestart 38
trait 1 0.0765625 0.548889 0.128728 0 0 0.0223751 0 0 
trait 2 0.2 0 0 0 0 0 0 0 
trait 3 0.3 0 0 0 0 0 0 0 
node 1 3 1 3
node 2 2 1 1
node 3 2 1 1
node 4 3 0 2
node 8 1 0 0
node 15 3 0 0
gene 1 1 4 -2.80252 0 1 -2.80252 1
gene 1 2 4 8 0 2 8 1
gene 2 3 4 -5.17492 0 3 -5.17492 1
gene 3 3 8 -3.92595 0 10 -3.92595 1
gene 3 8 4 2.17629 0 11 2.17629 1
gene 2 3 15 -0.811907 0 28 -0.811907 1
gene 2 15 4 -1.33272 0 29 -1.33272 1
gene 1 8 15 -4.279 0 77 -4.279 1
gene 2 2 8 0.34185 0 98 0.34185 1
genomeend 38

/* Organism #39 Fitness: 8.99992 Error: 1.00001 */
genomestart 39
trait 1 0.075 0.622948 0.137309 0 0 0.0223751 0 0 
trait 2 0.2 0 0 0 0 0 0 0 
trait 3 0.3 0 0 0 0 0 0 0 
node 1 3 1 3
node 2 2 1 1
node 3 2 1 1
node 4 3 0 2
node 8 1 0 0
node 15 3 0 0
gene 3 1 4 -8 0 1 -8 1
gene 1 2 4 7.44865 0 2 7.44865 1
gene 2 3 4 -4.374 0 3 -4.374 1
gene 3 3 8 -1.70101 0 10 -1.70101 1
gene 3 8 4 7.72787 0 11 7.72787 1
gene 2 3 15 -2.20231 0 28 -2.20231 1
gene 2 15 4 1.12192 0 29 1.12192 1
gene 1 8 15 -3.39393 0 77 -3.39393 1
gene 2 2 8 1.56986 0 98 1.56986 1
genomeend 39

/* Organism #40 Fitness: 9 Error: 1 */
genomestart 40
trait 1 0.0765625 0.548889 0.128728 0 0 0.0223751 0 0 
trait 2 0.2 0 0 0 0 0 0 0 
trait 3 0.3 0 0 0 0 0 0 0 
node 1 3 1 3
node 2 2 1 1
node 3 2 1 1
node 4 3 0 2
node 8 1 0 0
node 15 3 0 0
gene 3 1 4 -5.86599 0 1 -5.86599 1
gene 1 2 4 7.26455 0 2 7.26455 1
gene 2 3 4 -6.7937 0 3 -6.7937 1
gene 2 3 8 -3.24792 0 10 -3.24792 1
gene 3 8 4 2.18515 0 11 2.18515 1
gene 2 3 15 -2.51024 0 28 -2.51024 1
gene 2 15 4 1.60774 0 29 1.60774 1
gene 1 8 15 -3.72756 0 77 -3.72756 1
gene 2 2 8 1.78745 0 98 1.78745 1
genomeend 40

/* Organism #41 Fitness: 8.89894 Error: 1.01689 */
genomestart 41
trait 1 0.0796875 0.40077 0.111564 0 0.199465 0.280225 0 0.492274 
trait 2 0.2 0 0 0 0 0 0 0 
trait 3 0.3 0 0 0 0 0 0 0 
node 1 3 1 3
node 2 2 1 1
node 3 2 1 1
node 4 3 0 2
node 8 1 0 0
node 15 3 0 0
gene 3 1 4 -3.52455 0 1 -3.52455 1
gene 1 2 4 6.1446 0 2 6.1446 1
gene 2 3 4 -5.74248 0 3 -5.74248 1
gene 3 3 8 -4.62356 0 10 -4.62356 1
gene 3 8 4 3.91197 0 11 3.91197 1
gene 2 3 15 3.25775 0 28 3.25775 1
gene 2 15 4 1.39744 0 29 1.39744 1
gene 1 8 15 0.048033 0 77 0.048033 1
gene 2 2 8 3.75649 0 98 3.75649 1
genomeend 41

/* Organism #42 Fitness: 4.00001 Error: 2 */
genomestart 42
trait 1 0.078125 0.47483 0.120146 0 0 0.0223751 0 0 
trait 2 0.2 0 0 0 0 0 0 0 
trait 3 0.3 0 0 0 0 0 0 0 
node 1 3 1 3
node 2 2 1 1
node 3 2 1 1
node 4 3 0 2
node 8 1 0 0
node 15 3 0 0
gene 3 1 4 -5.25255 0 1 -5.25255 1
gene 1 2 4 1.69927 0 2 1.69927 1
gene 2 3 4 -4.48994 0 3 -4.48994 1
gene 2 3 8 -5.0923 0 10 -5.0923 1
gene 3 8 4 0.947172 0 11 0.947172 1
gene 2 3 15 -1.49973 0 28 -1.49973 1
gene 2 15 4 0.396548 0 29 0.396548 1
gene 1 8 15 -1.74733 0 77 -1.74733 1
gene 2 2 8 3.06012 0 98 3.06012 1
genomeend 42

/* Organism #43 Fitness: 9 Error: 1 */
genomestart 43
trait 1 0.075 0.622948 0.137309 0 0 0.0223751 0 0 
trait 2 0.2 0 0 0 0 0 0 0 
trait 3 0.3 0 0 0 0 0 0 0 
node 1 3 1 3
node 2 2 1 1
node 3 2 1 1
node 4 3 0 2
node 8 1 0 0
node 15 3 0 0
gene 3 1 4 -7.61358 0 1 -7.61358 1
gene 1 2 4 7.94941 0 2 7.94941 1
gene 2 3 4 -4.374 0 3 -4.374 1
gene 3 3 8 -3.04294 0 10 -3.04294 1
gene 3 8 4 5.35996 0 11 5.35996 1
gene 2 3 15 -0.425426 0 28 -0.425426 1
gene 2 15 4 0.256363 0 29 0.256363 1
gene 1 8 15 -2.44059 0 77 -2.44059 1
gene 2 2 8 0.312577 0 98 0.312577 1
genomeend 43

/* Organism #44 Fitness: 8.99994 Error: 1.00001 */
genomestart 44
trait 1 0.078125 0.47483 0.120146 0 0 0.0223751 0 0 
trait 2 0.2 0 0 0 0 0 0 0 
trait 3 0.3 0 0 0 0 0 0 0 
node 1 3 1 3
node 2 2 1 1
node 3 2 1 1
node 4 3 0 2
node 8 1 0 0
node 15 3 0 0
gene 3 1 4 -4.69966 0 1 -4.69966 1
gene 1 2 4 5.34035 0 2 5.34035 1
gene 2 3 4 -3.98471 0 3 -3.98471 1
gene 2 3 8 -5.67326 0 10 -5.67326 1
gene 3 8 4 1.71016 0 11 1.71016 1
gene 2 3 15 -3.08142 0 28 -3.08142 1
gene 2 15 4 0.892279 0 29 0.892279 1
gene 1 8 15 -1.45676 0 77 -1.45676 1
gene 2 2 8 1.19754 0 98 1.19754 1
genomeend 44

/* Organism #45 Fitness: 8.98847 Error: 1.00192 */
genomestart 45
trait 1 0.078125 0.47483 0.120146 0 0 0.0223751 0 0 
trait 2 0.2 0 0 0 0 0 0 0 
trait 3 0.3 0 0 0 0 0 0 0 
node 1 3 1 3
node 2 2 1 1
node 3 2 1 1
node 4 3 0 2
node 8 1 0 0
node 15 3 0 0
node 48 1 0 0
gene 3 1 4 -5.25255 0 1 -5.25255 1
gene 1 2 4 7.15521 0 2 7.15521 1
gene 2 3 4 -4.48994 0 3 -4.48994 1
gene 2 3 8 -5.0923 0 10 -5.0923 0
gene 3 8 4 3.65791 0 11 3.65791 1
gene 2 3 15 -1.49973 0 28 -1.49973 1
gene 2 15 4 -1.34964 0 29 -1.34964 1
gene 1 8 15 -2.25028 0 77 -2.25028 1
gene 2 2 8 1.49834 0 98 1.49834 1
gene 2 3 48 1 0 137 0 1
gene 2 48 8 -5.0923 0 138 0 1
genomeend 45

/* Organism #46 Fitness: 9 Error: 1 */
genomestart 46
trait 1 0.078125 0.47483 0.120146 0 0 0.0223751 0 0 
trait 2 0.2 0 0 0 0 0 0 0 
trait 3 0.3 0 0 0 0 0 0 0 
node 1 3 1 3
node 2 2 1 1
node 3 2 1 1
node 4 3 0 2
node 8 1 0 0
node 15 3 0 0
gene 3 1 4 -8 0 1 -8 1
gene 1 2 4 7.23184 0 2 7.23184 1
gene 1 3 4 -5.93391 0 3 -5.93391 1
gene 3 3 8 -5.51936 0 10 -5.51936 1
gene 3 8 4 7.76226 0 11 7.76226 1
gene 2 3 15 6.28805 0 28 6.28805 1
gene 2 15 4 2.1204 0 29 2.1204 1
gene 1 8 15 -3.29928 0 77 -3.29928 1
gene 2 2 8 -0.000500807 0 98 -0.000500807 1
genomeend 46

/* Organism #47 Fitness: 9 Error: 1 */
genomestart 47
trait 1 0.078125 0.47483 0.120146 0 0 0.0223751 0 0 
trait 2 0.2 0 0 0 0 0 0 0 
trait 3 0.3 0 0 0 0 0 0 0 
node 1 3 1 3
node 2 2 1 1
node 3 2 1 1
node 4 3 0 2
node 8 1 0 0
node 15 3 0 0
gene 3 1 4 -6.95351 0 1 -6.95351 1
gene 1 2 4 6.67244 0 2 6.67244 1
gene 2 3 4 -4.58203 0 3 -4.58203 1
gene 3 3 8 -3.06597 0 10 -3.06597 1
gene 3 8 4 4.39367 0 11 4.39367 1
gene 2 3 15 2.07629 0 28 2.07629 1
gene 2 15 4 0.244243 0 29 0.244243 1
gene 1 8 15 -1.38294 0 77 -1.38294 1
gene 2 2 8 1.09735 0 98 1.09735 1
genomeend 47

/* Organism #48 Fitness: 9 Error: 1 */
genomestart 48
trait 1 0.0796875 0.40077 0.111564 0 0 0.0223751 0 0 
trait 2 0.2 0 0 0 0 0 0 0 
trait 3 0.3 0 0 0 0 0 0 0 
node 1 3 1 3
node 2 2 1 1
node 3 2 1 1
node 4 3 0 2
node 8 1 0 0
node 15 3 0 0
gene 3 1 4 -5.25255 0 1 -5.25255 1
gene 1 2 4 5.39546 0 2 5.39546 1
gene 2 3 4 -4.79006 0 3 -4.79006 1
gene 2 3 8 -5.0923 0 10 -5.0923 1
gene 3 8 4 3.65791 0 11 3.65791 1
gene 2 3 15 4.57801 0 28 4.57801 1
gene 2 15 4 0.232123 0 29 0.232123 1
gene 1 8 15 -2.25028 0 77 -2.25028 1
gene 2 2 8 1.49834 0 98 1.49834 1
genomeend 48

/* Species #6 : (Size 12) (AF 6.6949) (Age 12)  */


/* Organism #49 Fitness: 8.99974 Error: 1.00004 */
genomestart 49
trait 1 0.09375 0 0.0487631 0.0204968 0 0 0 0 
trait 2 0.2 0 0.0108897 0.131292 0 0 0 0.0360468 
trait 3 0.439372 0.158405 0 0 0 0 0.632159 0 
node 1 3 1 3
node 2 1 1 1
node 3 3 1 1
node 4 1 0 2
node 16 3 0 0
gene 3 1 4 -4.95623 0 1 -4.95623 1
gene 3 2 4 -4.06334 0 2 -4.06334 1
gene 3 3 4 6.9377 0 3 6.9377 1
gene 3 2 16 -2.49069 0 30 -2.49069 1
gene 3 16 4 0.777912 0 31 0.777912 1
genomeend 49

/* Organism #50 Fitness: 4.00029 Error: 1.99993 */
genomestart 50
trait 1 0.09375 0 0.0487631 0.0204968 0 0 0 0 
trait 2 0.2 0 0.0108897 0.131292 0 0 0 0.0360468 
trait 3 0.439372 0.158405 0 0 0 0 0.632159 0 
node 1 3 1 3
node 2 1 1 1
node 3 3 1 1
node 4 1 0 2
node 16 3 0 0
gene 3 1 4 -5.50349 0 1 -5.50349 1
gene 3 2 4 -3.60583 0 2 -3.60583 1
gene 3 3 4 1.96728 0 3 1.96728 1
gene 3 2 16 0.527223 0 30 0.527223 1
gene 3 16 4 3.19506 0 31 3.19506 1
genomeend 50

/* Organism #51 Fitness: 8.90415 Error: 1.01602 */
genomestart 51
trait 1 0.09375 0 0.0487631 0.0204968 0 0 0 0 
trait 2 0.2 0 0.0108897 0.131292 0 0 0 0.0360468 
trait 3 0.439372 0.158405 0 0 0 0 0.632159 0 
node 1 3 1 3
node 2 1 1 1
node 3 3 1 1
node 4 1 0 2
node 16 3 0 0
gene 3 1 4 -6.46667 0 1 -6.46667 1
gene 3 2 4 -1.9555 0 2 -1.9555 1
gene 3 3 4 6.9461 0 3 6.9461 1
gene 3 2 16 -4.66826 0 30 -4.66826 1
gene 3 16 4 0.731974 0 31 0.731974 1
genomeend 51

/* Organism #52 Fitness: 8.56676 Error: 1.0731 */
genomestart 52
trait 1 0.09375 0 0.0487631 0.0204968 0 0 0 0 
trait 2 0.2 0 0.0108897 0.131292 0 0 0 0.0360468 
trait 3 0.439372 0.158405 0 0 0 0 0.632159 0 
node 1 3 1 3
node 2 1 1 1
node 3 3 1 1
node 4 1 0 2
node 16 3 0 0
gene 3 1 4 -4.46732 0 1 -4.46732 1
gene 3 2 4 -5.70841 0 2 -5.70841 1
gene 3 3 4 5.08946 0 3 5.08946 1
gene 3 2 16 -1.19394 0 30 -1.19394 1
gene 3 16 4 -0.212628 0 31 -0.212628 1
genomeend 52

/* Organism #53 Fitness: 3.42871 Error: 2.14832 */
genomestart 53
trait 1 0.09375 0 0.0487631 0.0204968 0 0 0 0 
trait 2 0.2 0 0.0108897 0.131292 0 0 0 0.0360468 
trait 3 0.439372 0.158405 0 0 0 0 0.632159 0 
node 1 3 1 3
node 2 1 1 1
node 3 3 1 1
node 4 1 0 2
node 16 3 0 0
gene 3 1 4 -4.22833 0 1 -4.22833 1
gene 3 2 4 1.59548 0 2 1.59548 1
gene 3 3 4 4.98316 0 3 4.98316 1
gene 3 2 16 -1.23268 0 30 -1.23268 1
gene 3 16 4 -0.799809 0 31 -0.799809 1
genomeend 53

/* Organism #54 Fitness: 5.35812 Error: 1.68524 */
genomestart 54
trait 1 0.09375 0 0.0487631 0.0204968 0 0 0 0 
trait 2 0 0 0.0108897 0.131292 0.675015 0 0 0.0360468 
trait 3 0.439372 0.158405 0 0 0 0 0.632159 0 
node 1 3 1 3
node 2 1 1 1
node 3 3 1 1
node 4 1 0 2
node 16 3 0 0
gene 3 1 4 -4.64021 0 1 -4.64021 1
gene 3 2 4 -1.06921 0 2 -1.06921 1
gene 3 3 4 5.86709 0 3 5.86709 1
gene 3 2 16 -2.07514 0 30 -2.07514 1
gene 3 16 4 5.61174 0 31 5.61174 1
genomeend 54

/* Organism #55 Fitness: 4.00001 Error: 2 */
genomestart 55
trait 1 0.09375 0 0.0487631 0.0204968 0 0.117611 0 0 
trait 2 0.2 0 0.0108897 0.131292 0 0 0 0.0360468 
trait 3 0.439372 0.158405 0 0 0 0 0.632159 0 
node 1 3 1 3
node 2 1 1 1
node 3 3 1 1
node 4 1 0 2
node 16 3 0 0
gene 3 1 4 1.03941 0 1 1.03941 1
gene 3 2 4 -4.47841 0 2 -4.47841 1
gene 3 3 4 0.75476 0 3 0.75476 1
gene 3 2 16 -3.99141 0 30 -3.99141 1
gene 3 16 4 2.94728 0 31 2.94728 1
genomeend 55

/* Organism #56 Fitness: 8.99986 Error: 1.00002 */
genomestart 56
trait 1 0.09375 0 0.0487631 0.0204968 0 0 0 0 
trait 2 0.2 0 0.0108897 0.131292 0 0 0 0.0360468 
trait 3 0.439372 0.158405 0 0 0 0 0.632159 0 
node 1 3 1 3
node 2 1 1 1
node 3 3 1 1
node 4 1 0 2
node 16 3 0 0
gene 3 1 4 -4.79822 0 1 -4.79822 1
gene 3 2 4 -3.75992 0 2 -3.75992 1
gene 3 3 4 5.96043 0 3 5.96043 1
gene 3 2 16 -2.14815 0 30 -2.14815 1
gene 3 16 4 2.06964 0 31 2.06964 1
genomeend 56

/* Organism #57 Fitness: 6.10351 Error: 1.52947 */
genomestart 57
trait 1 0.09375 0 0.0487631 0.0204968 0 0 0 0 
trait 2 0.2 0 0.0108897 0.131292 0 0 0 0.0360468 
trait 3 0.439372 0.158405 0 0 0 0 0.632159 0 
node 1 3 1 3
node 2 1 1 1
node 3 3 1 1
node 4 1 0 2
node 16 3 0 0
gene 3 1 4 -6.7098 0 1 -6.7098 1
gene 3 2 4 -4.33758 0 2 -4.33758 1
gene 3 3 4 6.00803 0 3 6.00803 1
gene 3 2 16 0.638703 0 30 0.638703 1
gene 3 16 4 5.28129 0 31 5.28129 1
genomeend 57

/* Organism #58 Fitness: 4.01271 Error: 1.99682 */
genomestart 58
trait 1 0.09375 0 0.0487631 0.0204968 0 0 0 0 
trait 2 0.2 0 0 0.846777 0.00297249 0 0 0.0360468 
trait 3 0.439372 0.158405 0 0 0 0 0.632159 0 
node 1 3 1 3
node 2 1 1 1
node 3 3 1 1
node 4 1 0 2
node 16 3 0 0
gene 3 1 4 -4.09882 0 1 -4.09882 1
gene 3 2 4 -2.73369 0 2 -2.73369 1
gene 3 3 4 8 0 3 8 1
gene 3 2 16 -4.56166 0 30 -4.56166 1
gene 3 16 4 -1.59634 0 31 -1.59634 1
genomeend 58

/* Organism #59 Fitness: 8.965 Error: 1.00584 */
genomestart 59
trait 1 0.09375 0 0.0487631 0.0204968 0 0 0 0 
trait 2 0.2 0 0.0108897 0.131292 0 0 0 0.0360468 
trait 3 0.439372 0.158405 0 0 0 0 0.632159 0 
node 1 3 1 3
node 2 1 1 1
node 3 3 1 1
node 4 1 0 2
node 16 3 0 0
gene 3 1 4 -2.67913 0 1 -2.67913 1
gene 3 2 4 -5.93601 0 2 -5.93601 1
gene 3 3 4 2.46122 0 3 2.46122 1
gene 3 2 16 0.556086 0 30 0.556086 1
gene 3 16 4 3.1815 0 31 3.1815 1
genomeend 59

/* Organism #60 Fitness: 8.99996 Error: 1.00001 */
genomestart 60
trait 1 0.09375 0 0.0487631 0.0204968 0 0 0 0 
trait 2 0.2 0 0.0108897 0.131292 0 0 0 0.0360468 
trait 3 0.439372 0.158405 0 0 0 0 0.632159 0 
node 1 3 1 3
node 2 1 1 1
node 3 3 1 1
node 4 1 0 2
node 16 3 0 0
gene 3 1 4 -4.56931 0 1 -4.56931 1
gene 3 2 4 -5.53406 0 2 -5.53406 1
gene 3 3 4 5.81859 0 3 5.81859 1
gene 3 2 16 -2.9067 0 30 -2.9067 1
gene 3 16 4 4.24417 0 31 4.24417 1
genomeend 60

/* Species #7 : (Size 10) (AF 8.13937) (Age 12)  */


/* Organism #61 Fitness: 11.2625 Error: 0.644036 */
genomestart 61
trait 1 0.1 0 0 0 0 0 0 0 
trait 2 0.2 0 0 0 0 0 0 0 
trait 3 0.3 0.271522 0 0 0 0 0.187093 0.209009 
node 1 3 1 3
node 2 2 1 1
node 3 2 1 1
node 4 3 0 2
node 8 1 0 0
gene 3 1 4 -0.589433 0 1 -0.589433 1
gene 1 2 4 -2.88647 0 2 -2.88647 1
gene 2 3 4 -2.23999 0 3 -2.23999 1
gene 3 3 8 3.67895 0 10 3.67895 1
gene 3 8 4 3.44726 0 11 3.44726 1
gene 1 1 8 -1.21387 0 14 -1.21387 1
gene 2 2 8 2.4604 0 24 2.4604 1
genomeend 61

/* Organism #62 Fitness: 4 Error: 2 */
genomestart 62
trait 1 0.1 0 0 0 0 0 0 0 
trait 2 0.2 0 0 0 0 0 0 0 
trait 3 0.3 0.271522 0 0 0 0 0.187093 0.209009 
node 1 3 1 3
node 2 2 1 1
node 3 2 1 1
node 4 3 0 2
node 8 1 0 0
gene 3 1 4 -2.95309 0 1 -2.95309 1
gene 1 2 4 -3.42928 0 2 -3.42928 1
gene 2 3 4 -3.43419 0 3 -3.43419 1
gene 3 3 8 4.0055 0 10 4.0055 1
gene 3 8 4 2.36214 0 11 2.36214 1
gene 1 1 8 -1.02538 0 14 -1.02538 1
gene 2 2 8 3.24864 0 24 3.24864 1
genomeend 62

/* Organism #63 Fitness: 4 Error: 2 */
genomestart 63
trait 1 0.1 0 0 0 0 0 0 0 
trait 2 0.2 0 0 0 0 0 0 0 
trait 3 0.3 0.271522 0 0 0 0 0.187093 0.209009 
node 1 3 1 3
node 2 2 1 1
node 3 2 1 1
node 4 3 0 2
node 8 1 0 0
gene 3 1 4 -2.72015 0 1 -2.72015 1
gene 1 2 4 -2.45651 0 2 -2.45651 1
gene 2 3 4 -3.80324 0 3 -3.80324 1
gene 3 3 8 4.17979 0 10 4.17979 1
gene 3 8 4 2.5265 0 11 2.5265 1
gene 1 1 8 -2.9 0 14 -2.9 1
gene 2 2 8 3.90525 0 24 3.90525 1
genomeend 63

/* Organism #64 Fitness: 1.00088 Error: 2.99956 */
genomestart 64
trait 1 0.1 0 0 0 0 0 0 0 
trait 2 0.2 0 0 0 0 0 0 0 
trait 3 0.3 0.271522 0 0 0 0 0.187093 0.209009 
node 1 3 1 3
node 2 2 1 1
node 3 2 1 1
node 4 3 0 2
node 8 1 0 0
gene 3 1 4 -2.06925 0 1 -2.06925 1
gene 1 2 4 -2.53251 0 2 -2.53251 1
gene 2 3 4 -3.9264 0 3 -3.9264 1
gene 3 3 8 1.1184 0 10 1.1184 1
gene 3 8 4 3.82338 0 11 3.82338 1
gene 1 1 8 0.617822 0 14 0.617822 1
gene 2 2 8 -0.747804 0 24 -0.747804 1
genomeend 64

/* Organism #65 Fitness: 11.2625 Error: 0.644036 */
genomestart 65
trait 1 0.1 0 0 0 0 0 0 0 
trait 2 0.2 0 0 0 0 0 0 0 
trait 3 0.3 0.271522 0 0 0 0 0.187093 0.209009 
node 1 3 1 3
node 2 2 1 1
node 3 2 1 1
node 4 3 0 2
node 8 1 0 0
gene 3 1 4 -0.589433 0 1 -0.589433 1
gene 1 2 4 -2.88647 0 2 -2.88647 1
gene 2 3 4 -2.23999 0 3 -2.23999 1
gene 3 3 8 3.67895 0 10 3.67895 1
gene 3 8 4 3.44726 0 11 3.44726 1
gene 1 1 8 -1.21387 0 14 -1.21387 1
gene 2 2 8 2.4604 0 24 2.4604 1
genomeend 65

/* Organism #66 Fitness: 10.7868 Error: 0.715673 */
genomestart 66
trait 1 0.1 0 0 0 0 0 0 0 
trait 2 0.2 0 0 0 0 0 0 0 
trait 3 0.3 0.271522 0 0 0 0 0.187093 0.209009 
node 1 3 1 3
node 2 2 1 1
node 3 2 1 1
node 4 3 0 2
node 8 1 0 0
gene 3 1 4 -0.315998 0 1 -0.315998 1
gene 1 2 4 -2.82958 0 2 -2.82958 1
gene 2 3 4 -2.09464 0 3 -2.09464 1
gene 3 3 8 3.67895 0 10 3.67895 1
gene 3 8 4 3.72972 0 11 3.72972 1
gene 1 1 8 -0.402931 0 14 -0.402931 1
gene 2 2 8 2.2807 0 24 2.2807 1
genomeend 66

/* Organism #67 Fitness: 15.4935 Error: 0.0638251 */
/* ##------$ WINNER 67 SPECIES #7 $------## */
genomestart 67
trait 1 0.1 0 0 0 0 0 0 0 
trait 2 0.2 0 0 0 0 0 0 0 
trait 3 0.3 0.271522 0 0 0 0 0.187093 0.209009 
node 1 3 1 3
node 2 2 1 1
node 3 2 1 1
node 4 3 0 2
node 8 1 0 0
gene 3 1 4 -0.589433 0 1 -0.589433 1
gene 1 2 4 -2.88647 0 2 -2.88647 1
gene 2 3 4 -3.27092 0 3 -3.27092 1
gene 3 3 8 3.48973 0 10 3.48973 1
gene 3 8 4 4.81684 0 11 4.81684 1
gene 1 1 8 -2.11778 0 14 -2.11778 1
gene 2 2 8 2.85239 0 24 2.85239 1
genomeend 67

/* Organism #68 Fitness: 13.3788 Error: 0.342301 */
/* ##------$ WINNER 68 SPECIES #7 $------## */
genomestart 68
trait 1 0.1 0 0 0 0 0 0 0 
trait 2 0.2 0 0 0 0 0 0 0 
trait 3 0.3 0.271522 0 0 0 0 0.187093 0.209009 
node 1 3 1 3
node 2 2 1 1
node 3 2 1 1
node 4 3 0 2
node 8 1 0 0
gene 3 1 4 -0.452715 0 1 -0.452715 1
gene 1 2 4 -2.85802 0 2 -2.85802 1
gene 2 3 4 -2.16731 0 3 -2.16731 1
gene 3 3 8 3.67895 0 10 3.67895 1
gene 3 8 4 3.58849 0 11 3.58849 1
gene 1 1 8 -0.8084 0 14 -0.8084 1
gene 2 2 8 2.37055 0 24 2.37055 1
genomeend 68

/* Organism #69 Fitness: 1.19916 Error: 2.90494 */
genomestart 69
trait 1 0.1 0 0 0 0 0 0 0 
trait 2 0.2 0 0.488801 0 0.696599 0 0 0 
trait 3 0.3 0.271522 0 0 0 0 0.187093 0.209009 
node 1 3 1 3
node 2 2 1 1
node 3 2 1 1
node 4 3 0 2
node 8 1 0 0
gene 3 1 4 0.245533 0 1 0.245533 1
gene 1 2 4 -3.67998 0 2 -3.67998 1
gene 2 3 4 -3.55327 0 3 -3.55327 1
gene 3 3 8 5.11951 0 10 5.11951 1
gene 3 8 4 2.75349 0 11 2.75349 1
gene 1 1 8 0.405292 0 14 0.405292 1
gene 2 2 8 2.76457 0 24 2.76457 1
genomeend 69

/* Organism #70 Fitness: 9.00959 Error: 0.998403 */
genomestart 70
trait 1 0.1 0 0 0 0 0 0 0 
trait 2 0.2 0 0 0 0 0 0 0 
trait 3 0.3 0.271522 0 0 0 0 0.187093 0.209009 
node 1 3 1 3
node 2 2 1 1
node 3 2 1 1
node 4 3 0 2
node 8 1 0 0
gene 3 1 4 1.27813 0 1 1.27813 1
gene 1 2 4 -4.61297 0 2 -4.61297 1
gene 2 3 4 -4.12532 0 3 -4.12532 1
gene 3 3 8 4.65858 0 10 4.65858 1
gene 3 8 4 5.76736 0 11 5.76736 1
gene 1 1 8 -2.86539 0 14 -2.86539 1
gene 2 2 8 4.46495 0 24 4.46495 1
genomeend 70

/* Species #9 : (Size 13) (AF 8.09831) (Age 10)  */


/* Organism #71 Fitness: 9 Error: 1 */
genomestart 71
trait 1 0.1 0.0304744 0 0 0 0.0223751 0 0 
trait 2 0.2 0 0 0 0 0 0 0 
trait 3 0.3 0 0 0 0 0 0 0 
node 1 1 1 3
node 2 2 1 1
node 3 2 1 1
node 4 3 0 2
node 8 1 0 0
node 12 1 0 0
node 21 1 0 0
gene 1 1 4 -2.74718 0 1 -2.74718 1
gene 1 2 4 7.69333 0 2 7.69333 1
gene 2 3 4 -7.53208 0 3 -7.53208 1
gene 3 3 8 2.00553 0 10 2.00553 1
gene 3 8 4 -1.82787 0 11 -1.82787 1
gene 3 3 12 -1.20596 0 20 -1.20596 1
gene 3 12 8 0.130154 0 21 0.130154 1
gene 3 1 12 2.90579 0 39 2.90579 1
gene 3 8 21 -2.09315 0 46 -2.09315 1
gene 3 21 4 -3.05804 0 47 -3.05804 1
gene 2 3 21 -0.0208879 0 78 -0.0208879 1
gene 3 2 12 -0.997596 0 123 -0.997596 1
genomeend 71

/* Organism #72 Fitness: 9 Error: 1 */
genomestart 72
trait 1 0.1 0.0304744 0 0 0 0.0223751 0 0 
trait 2 0.2 0 0 0 0 0 0 0 
trait 3 0.3 0 0 0 0 0 0 0 
node 1 1 1 3
node 2 2 1 1
node 3 2 1 1
node 4 3 0 2
node 8 1 0 0
node 12 1 0 0
node 21 1 0 0
gene 1 1 4 -2.74718 0 1 -2.74718 1
gene 1 2 4 7.69333 0 2 7.69333 1
gene 2 3 4 -7.53208 0 3 -7.53208 1
gene 3 3 8 2.00553 0 10 2.00553 1
gene 3 8 4 -1.82787 0 11 -1.82787 1
gene 3 3 12 -1.20596 0 20 -1.20596 1
gene 3 12 8 0.130154 0 21 0.130154 1
gene 3 1 12 2.90579 0 39 2.90579 1
gene 3 8 21 -2.09315 0 46 -2.09315 1
gene 3 21 4 -3.05804 0 47 -3.05804 1
gene 2 3 21 -0.0208879 0 78 -0.0208879 1
gene 3 2 12 -0.997596 0 123 -0.997596 1
genomeend 72

/* Organism #73 Fitness: 8.99948 Error: 1.00009 */
genomestart 73
trait 1 0.1 0.0304744 0 0 0 0.0223751 0 0 
trait 2 0.2 0 0 0 0 0 0 0 
trait 3 0.3 0 0 0 0 0 0 0 
node 1 1 1 3
node 2 2 1 1
node 3 2 1 1
node 4 3 0 2
node 8 1 0 0
node 12 1 0 0
node 21 1 0 0
gene 1 1 4 -2.53144 0 1 -2.53144 1
gene 1 2 4 6.2683 0 2 6.2683 1
gene 2 3 4 -7.17589 0 3 -7.17589 1
gene 3 3 8 -0.063195 0 10 -0.063195 1
gene 3 8 4 0.633475 0 11 0.633475 1
gene 3 3 12 -3.67958 0 20 -3.67958 1
gene 3 12 8 1.8204 0 21 1.8204 1
gene 3 1 12 0.536232 0 39 0.536232 1
gene 3 8 21 -3.77576 0 46 -3.77576 1
gene 3 21 4 -3.60797 0 47 -3.60797 1
gene 2 3 21 -0.0208879 0 78 -0.0208879 1
gene 3 2 12 -0.997596 0 123 -0.997596 1
genomeend 73

/* Organism #74 Fitness: 9 Error: 1 */
genomestart 74
trait 1 0.1 0.0304744 0 0 0 0.0223751 0 0 
trait 2 0.2 0 0 0 0 0 0 0 
trait 3 0.3 0 0 0 0 0 0 0 
node 1 1 1 3
node 2 2 1 1
node 3 2 1 1
node 4 3 0 2
node 8 1 0 0
node 12 1 0 0
node 21 1 0 0
gene 1 1 4 -2.74718 0 1 -2.74718 1
gene 1 2 4 7.69333 0 2 7.69333 1
gene 2 3 4 -7.53208 0 3 -7.53208 1
gene 3 3 8 2.00553 0 10 2.00553 1
gene 3 8 4 -1.82787 0 11 -1.82787 1
gene 3 3 12 -1.20596 0 20 -1.20596 1
gene 3 12 8 0.130154 0 21 0.130154 1
gene 3 1 12 2.90579 0 39 2.90579 1
gene 3 8 21 -2.09315 0 46 -2.09315 1
gene 3 21 4 -3.05804 0 47 -3.05804 1
gene 2 3 21 -0.0208879 0 78 -0.0208879 1
gene 3 2 12 -0.997596 0 123 -0.997596 1
genomeend 74

/* Organism #75 Fitness: 4.00001 Error: 2 */
genomestart 75
trait 1 0.195219 0.0304744 0.951827 0.810949 0 0.0223751 0 0 
trait 2 0.2 0 0 0 0 0 0 0 
trait 3 0.3 0 0 0 0 0 0 0 
node 1 1 1 3
node 2 2 1 1
node 3 2 1 1
node 4 3 0 2
node 8 3 0 0
node 12 1 0 0
node 21 1 0 0
gene 1 1 4 -2.20644 0 1 -2.20644 1
gene 1 2 4 8 0 2 8 1
gene 1 3 4 0.983164 0 3 0.983164 1
gene 3 3 8 1.84853 0 10 1.84853 1
gene 3 8 4 -1.04387 0 11 -1.04387 1
gene 3 3 12 -1.12751 0 20 -1.12751 1
gene 3 12 8 -2.12585 0 21 -2.12585 1
gene 3 1 12 3.00459 0 39 3.00459 1
gene 3 8 21 -2.78773 0 46 -2.78773 1
gene 3 21 4 -5.57363 0 47 -5.57363 1
gene 2 3 21 0.281356 0 78 0.281356 1
gene 3 2 12 0.45607 0 123 0.45607 1
genomeend 75

/* Organism #76 Fitness: 3.99989 Error: 2.00003 */
genomestart 76
trait 1 0.1 0.0304744 0 0 0 0.0223751 0 0 
trait 2 0.2 0 0 0 0 0 0 0 
trait 3 0.3 0.711481 0 0 0 0 0.591701 0 
node 1 1 1 3
node 2 2 1 1
node 3 2 1 1
node 4 3 0 2
node 8 1 0 0
node 12 1 0 0
node 21 1 0 0
gene 1 1 4 -1.88506 0 1 -1.88506 1
gene 1 2 4 -0.962932 0 2 -0.962932 1
gene 2 3 4 -8 0 3 -8 1
gene 3 3 8 1.67551 0 10 1.67551 1
gene 3 8 4 -0.241619 0 11 -0.241619 1
gene 3 3 12 -0.563298 0 20 -0.563298 1
gene 3 12 8 2.7295 0 21 2.7295 1
gene 3 1 12 4.66848 0 39 4.66848 1
gene 3 8 21 -1.90304 0 46 -1.90304 1
gene 3 21 4 -6.2234 0 47 -6.2234 1
gene 2 3 21 -0.810692 0 78 -0.810692 1
genomeend 76

/* Organism #77 Fitness: 9 Error: 1 */
genomestart 77
trait 1 0.1 0.0304744 0 0 0 0.0223751 0 0 
trait 2 0.2 0 0 0 0 0 0 0 
trait 3 0.3 0 0 0 0 0 0 0 
node 1 1 1 3
node 2 2 1 1
node 3 2 1 1
node 4 3 0 2
node 8 1 0 0
node 12 1 0 0
node 21 1 0 0
gene 1 1 4 -1.27144 0 1 -1.27144 1
gene 1 2 4 5.987 0 2 5.987 1
gene 2 3 4 -8 0 3 -8 1
gene 3 3 8 3.8896 0 10 3.8896 1
gene 3 8 4 -1.71107 0 11 -1.71107 1
gene 3 3 12 -1.72106 0 20 -1.72106 1
gene 3 12 8 0.762767 0 21 0.762767 1
gene 3 1 12 4.67513 0 39 4.67513 1
gene 3 8 21 -2.8602 0 46 -2.8602 1
gene 3 21 4 -3.84696 0 47 -3.84696 1
gene 2 3 21 2.48191 0 78 2.48191 1
genomeend 77

/* Organism #78 Fitness: 9 Error: 1 */
genomestart 78
trait 1 0.1 0.0304744 0 0 0 0.0223751 0 0 
trait 2 0.2 0 0 0 0 0 0 0 
trait 3 0.3 0 0 0 0 0 0 0 
node 1 1 1 3
node 2 2 1 1
node 3 2 1 1
node 4 3 0 2
node 8 1 0 0
node 12 1 0 0
node 21 1 0 0
gene 1 1 4 -2.31612 0 1 -2.31612 1
gene 1 2 4 7.84666 0 2 7.84666 1
gene 2 3 4 -7.76604 0 3 -7.76604 1
gene 3 3 8 1.92172 0 10 1.92172 1
gene 3 8 4 -1.58552 0 11 -1.58552 1
gene 3 3 12 -1.07476 0 20 -1.07476 1
gene 3 12 8 0.873509 0 21 0.873509 1
gene 3 1 12 2.69392 0 39 2.69392 1
gene 3 8 21 -2.04034 0 46 -2.04034 1
gene 3 21 4 -3.4525 0 47 -3.4525 1
gene 2 3 21 0.187969 0 78 0.187969 1
gene 3 2 12 -0.997596 0 123 -0.997596 1
genomeend 78

/* Organism #79 Fitness: 9 Error: 1 */
genomestart 79
trait 1 0.1 0.0304744 0 0 0 0.0223751 0 0 
trait 2 0.2 0 0 0 0 0 0 0 
trait 3 0.3 0 0 0 0 0 0 0 
node 1 1 1 3
node 2 2 1 1
node 3 2 1 1
node 4 3 0 2
node 8 1 0 0
node 12 1 0 0
node 21 1 0 0
gene 1 1 4 -1.7999 0 1 -1.7999 1
gene 1 2 4 8 0 2 8 1
gene 1 3 4 -7.30248 0 3 -7.30248 1
gene 3 3 8 -0.983451 0 10 -0.983451 1
gene 3 8 4 -2.64433 0 11 -2.64433 1
gene 3 3 12 -1.42477 0 20 -1.42477 1
gene 3 12 8 -1.07132 0 21 -1.07132 1
gene 3 1 12 1.31067 0 39 1.31067 1
gene 3 8 21 -4.28796 0 46 -4.28796 1
gene 3 21 4 -2.80287 0 47 -2.80287 1
gene 2 3 21 1.47011 0 78 1.47011 1
genomeend 79

/* Organism #80 Fitness: 8.81253 Error: 1.03141 */
genomestart 80
trait 1 0.1 0.0304744 0 0 0 0.0223751 0 0 
trait 2 0.2 0 0 0 0 0 0 0 
trait 3 0.3 0 0 0 0 0 0 0 
node 1 1 1 3
node 2 2 1 1
node 3 2 1 1
node 4 3 0 2
node 8 1 0 0
node 12 1 0 0
node 21 1 0 0
gene 1 1 4 -5.20103 0 1 -5.20103 1
gene 1 2 4 8 0 2 8 1
gene 1 3 4 -7.64365 0 3 -7.64365 1
gene 1 3 8 1.98364 0 10 1.98364 1
gene 3 8 4 -0.659621 0 11 -0.659621 1
gene 3 3 12 -4.06322 0 20 -4.06322 1
gene 3 12 8 -1.21794 0 21 -1.21794 1
gene 3 1 12 2.22314 0 39 2.22314 1
gene 3 8 21 -4.06071 0 46 -4.06071 1
gene 3 21 4 -4.30887 0 47 -4.30887 1
gene 2 3 21 2.26269 0 78 2.26269 1
genomeend 80

/* Organism #81 Fitness: 9 Error: 1 */
genomestart 81
trait 1 0.1 0.0304744 0 0 0 0.0223751 0 0 
trait 2 0.2 0 0 0 0 0 0 0 
trait 3 0.3 0 0 0 0 0 0 0 
node 1 1 1 3
node 2 2 1 1
node 3 2 1 1
node 4 3 0 2
node 8 1 0 0
node 12 1 0 0
node 21 1 0 0
gene 1 1 4 -2.56138 0 1 -2.56138 1
gene 1 2 4 7.69719 0 2 7.69719 1
gene 2 3 4 -7.87868 0 3 -7.87868 1
gene 3 3 8 2.55756 0 10 2.55756 1
gene 3 8 4 -1.68596 0 11 -1.68596 1
gene 3 3 12 -1.47234 0 20 -1.47234 1
gene 3 12 8 -0.761499 0 21 -0.761499 1
gene 3 1 12 2.12162 0 39 2.12162 1
gene 3 8 21 -2.63963 0 46 -2.63963 1
gene 3 21 4 -0.795878 0 47 -0.795878 1
gene 2 3 21 0.895233 0 78 0.895233 1
genomeend 81

/* Organism #82 Fitness: 8.99935 Error: 1.00011 */
genomestart 82
trait 1 0.1 0.0304744 0 0 0 0.0223751 0 0 
trait 2 0.2 0 0 0 0 0 0 0 
trait 3 0.3 0 0 0 0 0 0 0 
node 1 1 1 3
node 2 2 1 1
node 3 2 1 1
node 4 3 0 2
node 8 1 0 0
node 12 1 0 0
node 21 1 0 0
gene 2 1 4 -0.199737 0 1 -0.199737 1
gene 1 2 4 8 0 2 8 1
gene 2 3 4 -7.37813 0 3 -7.37813 1
gene 3 3 8 3.40342 0 10 3.40342 1
gene 3 8 4 -2.33296 0 11 -2.33296 1
gene 3 3 12 -0.484948 0 20 -0.484948 1
gene 3 12 8 0.324243 0 21 0.324243 1
gene 3 1 12 4.92838 0 39 4.92838 1
gene 3 8 21 -3.52611 0 46 -3.52611 1
gene 3 21 4 -1.96572 0 47 -1.96572 1
gene 2 3 21 -0.467098 0 78 -0.467098 1
genomeend 82

/* Organism #83 Fitness: 7.46675 Error: 1.26746 */
genomestart 83
trait 1 0.1 0.0304744 0 0 0 0.0223751 0 0 
trait 2 0.2 0 0 0.459243 0.427193 0 0.35014 0.347263 
trait 3 0.3 0 0 0 0 0 0 0 
node 1 1 1 3
node 2 2 1 1
node 3 2 1 1
node 4 3 0 2
node 8 1 0 0
node 12 1 0 0
node 21 1 0 0
gene 1 1 4 -2.27781 0 1 -2.27781 1
gene 1 2 4 5.73399 0 2 5.73399 1
gene 2 3 4 -5.80077 0 3 -5.80077 1
gene 3 3 8 -0.304792 0 10 -0.304792 1
gene 3 8 4 -3.25345 0 11 -3.25345 1
gene 3 3 12 -3.39712 0 20 -3.39712 1
gene 3 12 8 1.51466 0 21 1.51466 1
gene 3 1 12 4.93966 0 39 4.93966 1
gene 3 8 21 -3.90698 0 46 -3.90698 1
gene 3 21 4 -3.37377 0 47 -3.37377 1
gene 2 3 21 -2.044 0 78 -2.044 1
gene 3 2 12 -0.997596 0 123 -0.997596 1
genomeend 83

/* Species #10 : (Size 8) (AF 4.92264) (Age 10)  */


/* Organism #84 Fitness: 8.35267 Error: 1.1099 */
genomestart 84
trait 1 0.1 0 0 0 0 0 0 0 
trait 2 0.2 0 0 0.613241 0 0 0.627662 0.180837 
trait 3 0.3 0 0 0 0 0 0 0 
node 1 3 1 3
node 2 2 1 1
node 3 2 1 1
node 4 3 0 2
node 8 1 0 0
node 19 1 0 0
node 33 1 0 0
gene 3 1 4 -0.180304 0 1 -0.180304 1
gene 1 2 4 0.239334 0 2 0.239334 1
gene 2 3 4 -0.0278867 0 3 -0.0278867 0
gene 3 3 8 2.58575 0 10 2.58575 1
gene 3 8 4 1.58027 0 11 1.58027 1
gene 1 1 8 -1.90005 0 14 -1.90005 1
gene 2 2 8 0.401261 0 24 0.401261 1
gene 1 2 19 -1.11544 0 42 -1.11544 1
gene 1 19 4 -1.45504 0 43 -1.45504 1
gene 3 8 19 -0.714773 0 59 -0.714773 1
gene 3 3 33 1 0 90 0 1
gene 3 33 8 2.58575 0 91 0 1
genomeend 84

/* Organism #85 Fitness: 4.0007 Error: 1.99982 */
genomestart 85
trait 1 0.1 0 0 0 0 0 0 0 
trait 2 0.2 0 0 0.30662 0 0 0.313831 0.0904183 
trait 3 0.3 0 0 0 0 0 0 0 
node 1 3 1 3
node 2 2 1 1
node 3 2 1 1
node 4 3 0 2
node 8 1 0 0
node 19 1 0 0
node 33 1 0 0
gene 3 1 4 1.4414 0 1 1.4414 1
gene 1 2 4 2.1389 0 2 2.1389 0
gene 2 3 4 -1.19193 0 3 -1.19193 0
gene 3 3 8 1.4173 0 10 1.4173 0
gene 3 8 4 2.63932 0 11 2.63932 1
gene 1 1 8 -1.51229 0 14 -1.51229 1
gene 2 2 8 0.303186 0 24 0.303186 1
gene 1 2 19 -3.36005 0 42 -3.36005 1
gene 1 19 4 -1.10532 0 43 -1.10532 1
gene 3 8 19 -2.86248 0 59 -2.86248 1
gene 3 3 33 1 0 90 1 1
gene 3 33 8 0.185488 0 91 0.185488 1
genomeend 85

/* Organism #86 Fitness: 4 Error: 2 */
genomestart 86
trait 1 0.1 0 0 0 0 0 0 0 
trait 2 0.2 0 0 0.30662 0 0 0.313831 0.0904183 
trait 3 0.3 0 0 0 0 0 0 0 
node 1 2 1 3
node 2 2 1 1
node 3 2 1 1
node 4 3 0 2
node 8 1 0 0
node 19 1 0 0
node 33 1 0 0
gene 3 1 4 -0.468418 0 1 -0.468418 1
gene 1 2 4 -0.0073188 0 2 -0.0073188 0
gene 2 3 4 0.234239 0 3 0.234239 0
gene 3 3 8 0.615009 0 10 0.615009 0
gene 3 8 4 0.3223 0 11 0.3223 1
gene 1 1 8 1.68307 0 14 1.68307 1
gene 2 2 8 2.35032 0 24 2.35032 1
gene 1 2 19 -0.165284 0 42 -0.165284 1
gene 1 19 4 1.292 0 43 1.292 1
gene 3 8 19 -3.03375 0 59 -3.03375 1
gene 3 3 33 1.00493 0 90 1.00493 1
gene 3 33 8 3.64856 0 91 3.64856 1
genomeend 86

/* Organism #87 Fitness: 3.85807 Error: 2.0358 */
genomestart 87
trait 1 0.1 0 0 0 0 0 0 0 
trait 2 0.2 0 0 0.613241 0 0 0.627662 0.180837 
trait 3 0.3 0 0 0 0 0 0 0 
node 1 3 1 3
node 2 2 1 1
node 3 2 1 1
node 4 3 0 2
node 8 1 0 0
node 19 1 0 0
node 33 1 0 0
gene 3 1 4 -0.785509 0 1 -0.785509 1
gene 1 2 4 1.72491 0 2 1.72491 1
gene 2 3 4 0.115755 0 3 0.115755 0
gene 3 3 8 3.39512 0 10 3.39512 1
gene 3 8 4 3.11547 0 11 3.11547 1
gene 1 1 8 0.723253 0 14 0.723253 1
gene 2 2 8 -1.12372 0 24 -1.12372 1
gene 1 2 19 0.270518 0 42 0.270518 1
gene 1 19 4 -3.83221 0 43 -3.83221 1
gene 3 8 19 1.03267 0 59 1.03267 1
gene 3 3 33 2.90856 0 90 2.90856 1
gene 3 33 8 2.58575 0 91 2.58575 1
genomeend 87

/* Organism #88 Fitness: 7.51272 Error: 1.25907 */
genomestart 88
trait 1 0.1 0 0 0 0 0 0 0 
trait 2 0.2 0 0 0 0 0 0 0 
trait 3 0.3 0.292726 0 0 0 0 0 0 
node 1 3 1 3
node 2 2 1 1
node 3 2 1 1
node 4 3 0 2
node 8 1 0 0
node 19 1 0 0
node 33 1 0 0
gene 3 1 4 -0.180304 0 1 -0.180304 1
gene 1 2 4 0.239334 0 2 0.239334 0
gene 2 3 4 -0.0278867 0 3 -0.0278867 0
gene 3 3 8 2.58575 0 10 2.58575 0
gene 3 8 4 1.58027 0 11 1.58027 1
gene 1 1 8 -1.90005 0 14 -1.90005 1
gene 2 2 8 0.401261 0 24 0.401261 1
gene 1 2 19 -1.11544 0 42 -1.11544 1
gene 1 19 4 -1.45504 0 43 -1.45504 1
gene 3 8 19 -0.714773 0 59 -0.714773 1
gene 3 3 33 1 0 90 0 1
gene 3 33 8 2.58575 0 91 0 1
genomeend 88

/* Organism #89 Fitness: 4 Error: 2 */
genomestart 89
trait 1 0.1 0 0 0 0 0 0 0 
trait 2 0.2 0 0 0 0 0 0 0 
trait 3 0.3 0 0 0 0 0 0 0 
node 1 3 1 3
node 2 2 1 1
node 3 2 1 1
node 4 3 0 2
node 8 1 0 0
node 19 1 0 0
node 33 1 0 0
gene 3 1 4 -1.74506 0 1 -1.74506 1
gene 1 2 4 -0.436255 0 2 -0.436255 0
gene 2 3 4 -0.0278867 0 3 -0.0278867 0
gene 3 3 8 3.47843 0 10 3.47843 1
gene 3 8 4 -0.174977 0 11 -0.174977 1
gene 1 1 8 0.624884 0 14 0.624884 1
gene 2 2 8 0.913758 0 24 0.913758 1
gene 1 2 19 -1.71557 0 42 -1.71557 1
gene 1 19 4 -3.62717 0 43 -3.62717 1
gene 3 8 19 0.937863 0 59 0.937863 1
gene 3 3 33 -0.0848924 0 90 -0.0848924 1
gene 3 33 8 1.40961 0 91 1.40961 1
genomeend 89

/* Organism #90 Fitness: 4 Error: 2 */
genomestart 90
trait 1 0.1 0 0 0 0 0 0 0 
trait 2 0.2 0 0 0.30662 0 0 0.313831 0.0904183 
trait 3 0.3 0 0 0 0 0 0 0 
node 1 3 1 3
node 2 2 1 1
node 3 2 1 1
node 4 3 0 2
node 8 1 0 0
node 19 1 0 0
node 33 1 0 0
gene 3 1 4 -1.43953 0 1 -1.43953 1
gene 1 2 4 0.239334 0 2 0.239334 0
gene 2 3 4 -1.9789 0 3 -1.9789 0
gene 3 3 8 1.55684 0 10 1.55684 0
gene 3 8 4 1.58027 0 11 1.58027 1
gene 1 1 8 -2.10036 0 14 -2.10036 1
gene 2 2 8 0.350902 0 24 0.350902 1
gene 1 2 19 -0.200244 0 42 -0.200244 1
gene 1 19 4 0.354408 0 43 0.354408 1
gene 3 8 19 -1.4938 0 59 -1.4938 1
gene 3 3 33 2.76182 0 90 2.76182 1
gene 3 33 8 -0.296985 0 91 -0.296985 1
genomeend 90

/* Organism #91 Fitness: 3.65695 Error: 2.08768 */
genomestart 91
trait 1 0.1 0 0 0 0 0 0 0 
trait 2 0.2 0 0 0.30662 0 0 0.313831 0.0904183 
trait 3 0.3 0 0 0.134376 0 0 0 0 
node 1 3 1 3
node 2 2 1 1
node 3 2 1 1
node 4 3 0 2
node 8 1 0 0
node 19 1 0 0
node 33 1 0 0
gene 3 1 4 0.609273 0 1 0.609273 1
gene 1 2 4 0.600055 0 2 0.600055 0
gene 2 3 4 0.398796 0 3 0.398796 0
gene 3 3 8 4.55504 0 10 4.55504 0
gene 3 8 4 1.83766 0 11 1.83766 1
gene 1 1 8 -4.31454 0 14 -4.31454 1
gene 2 2 8 1.06892 0 24 1.06892 1
gene 1 2 19 -0.110629 0 42 -0.110629 1
gene 2 19 4 -2.23615 0 43 -2.23615 1
gene 3 8 19 -0.252653 0 59 -0.252653 1
gene 3 3 33 1 0 90 1 1
gene 3 33 8 2.58575 0 91 2.58575 1
genomeend 91

/* Species #11 : (Size 11) (AF 6.72876) (Age 10)  */


/* Organism #92 Fitness: 8.97083 Error: 1.00487 */
genomestart 92
trait 1 0.1 0.0238081 0 0 0 0.0223751 0.134097 0 
trait 2 0.2 0 0 0 0 0 0 0 
trait 3 0.3 0.407009 0 0 0 0 0 0 
node 1 1 1 3
node 2 2 1 1
node 3 2 1 1
node 4 3 0 2
node 8 1 0 0
node 15 1 0 0
node 21 1 0 0
gene 3 1 4 -4.49112 0 1 -4.49112 1
gene 2 2 4 3.11297 0 2 3.11297 1
gene 2 3 4 2.34131 0 3 2.34131 0
gene 3 3 8 -3.25109 0 10 -3.25109 1
gene 3 8 4 5.64999 0 11 5.64999 1
gene 2 3 15 3.674 0 28 3.674 1
gene 2 15 4 5.45846 0 29 5.45846 1
gene 3 1 8 -1.416 0 36 -1.416 1
gene 3 8 21 -0.508114 0 46 -0.508114 1
gene 2 21 4 0.315819 0 47 0.315819 1
genomeend 92

/* Organism #93 Fitness: 4.71308 Error: 1.82904 */
genomestart 93
trait 1 0.1 0.0238081 0 0 0 0.0223751 0.134097 0 
trait 2 0.2 0 0 0 0 0 0 0 
trait 3 0.3 0.407009 0 0 0 0 0 0 
node 1 1 1 3
node 2 2 1 1
node 3 2 1 1
node 4 3 0 2
node 8 1 0 0
node 15 1 0 0
node 21 1 0 0
gene 3 1 4 -0.823015 0 1 -0.823015 1
gene 2 2 4 5.00101 0 2 5.00101 1
gene 2 3 4 -1.81089 0 3 -1.81089 0
gene 3 3 8 -2.77012 0 10 -2.77012 1
gene 3 8 4 3.83962 0 11 3.83962 1
gene 2 3 15 7.65693 0 28 7.65693 1
gene 2 15 4 5.09021 0 29 5.09021 1
gene 3 1 8 -1.63382 0 36 -1.63382 1
gene 3 8 21 0.388646 0 46 0.388646 1
gene 2 21 4 -2.80455 0 47 -2.80455 1
genomeend 93

/* Organism #94 Fitness: 8.54168 Error: 1.07739 */
genomestart 94
trait 1 0.1 0.0238081 0 0 0 0.0223751 0.134097 0 
trait 2 0.2 0 0 0 0 0 0 0 
trait 3 0.3 0.407009 0 0 0 0 0 0 
node 1 1 1 3
node 2 2 1 1
node 3 2 1 1
node 4 3 0 2
node 8 1 0 0
node 15 1 0 0
node 21 1 0 0
gene 3 1 4 -1.04802 0 1 -1.04802 1
gene 2 2 4 4.44778 0 2 4.44778 1
gene 2 3 4 0.0179345 0 3 0.0179345 0
gene 3 3 8 -2.14468 0 10 -2.14468 1
gene 3 8 4 2.31059 0 11 2.31059 1
gene 2 3 15 5.14036 0 28 5.14036 1
gene 2 15 4 2.65715 0 29 2.65715 1
gene 3 1 8 -0.255024 0 36 -0.255024 1
gene 3 8 21 1.18153 0 46 1.18153 1
gene 2 21 4 -1.77667 0 47 -1.77667 1
genomeend 94

/* Organism #95 Fitness: 4 Error: 2 */
genomestart 95
trait 1 0 0 0 0.0888291 0 0 0.62222 0 
trait 2 0.2 0 0 0 0 0 0 0 
trait 3 0.3 0.407009 0 0 0 0 0 0 
node 1 1 1 3
node 2 2 1 1
node 3 2 1 1
node 4 3 0 2
node 8 1 0 0
node 15 1 0 0
node 21 1 0 0
gene 3 1 4 2.17353 0 1 2.17353 1
gene 2 2 4 -1.24408 0 2 -1.24408 1
gene 2 3 4 -1.05683 0 3 -1.05683 0
gene 3 3 8 -2.46019 0 10 -2.46019 1
gene 3 8 4 6.02516 0 11 6.02516 1
gene 2 3 15 4.6539 0 28 4.6539 1
gene 2 15 4 4.45763 0 29 4.45763 1
gene 3 1 8 1.60267 0 36 1.60267 1
gene 3 8 21 2.64334 0 46 2.64334 1
gene 2 21 4 -0.489803 0 47 -0.489803 1
genomeend 95

/* Organism #96 Fitness: 8.8677 Error: 1.02213 */
genomestart 96
trait 1 0.1 0.0238081 0 0 0 0.0223751 0.134097 0 
trait 2 0.2 0 0 0 0 0 0 0 
trait 3 0.3 0.407009 0 0.755879 0 0 0 0 
node 1 1 1 3
node 2 2 1 1
node 3 2 1 1
node 4 3 0 2
node 8 1 0 0
node 15 1 0 0
node 21 1 0 0
gene 3 1 4 -4.49112 0 1 -4.49112 1
gene 2 2 4 4.03806 0 2 4.03806 1
gene 2 3 4 2.34131 0 3 2.34131 0
gene 3 3 8 -0.994888 0 10 -0.994888 1
gene 3 8 4 5.64999 0 11 5.64999 1
gene 2 3 15 3.674 0 28 3.674 1
gene 2 15 4 5.10414 0 29 5.10414 1
gene 3 1 8 -1.416 0 36 -1.416 1
gene 3 8 21 1.38261 0 46 1.38261 1
gene 2 21 4 0.315819 0 47 0.315819 1
genomeend 96

/* Organism #97 Fitness: 8.92266 Error: 1.01292 */
genomestart 97
trait 1 0.1 0.0238081 0 0 0 0.0223751 0.134097 0 
trait 2 0.2 0 0 0 0 0 0 0 
trait 3 0.3 0.407009 0 0 0 0 0 0 
node 1 1 1 3
node 2 2 1 1
node 3 2 1 1
node 4 3 0 2
node 8 1 0 0
node 15 1 0 0
node 21 1 0 0
gene 3 1 4 -5.00786 0 1 -5.00786 1
gene 2 2 4 2.78554 0 2 2.78554 1
gene 2 3 4 -0.147143 0 3 -0.147143 0
gene 3 3 8 -2.31322 0 10 -2.31322 1
gene 3 8 4 3.31423 0 11 3.31423 1
gene 2 3 15 3.674 0 28 3.674 1
gene 2 15 4 6.00912 0 29 6.00912 1
gene 3 1 8 -1.416 0 36 -1.416 1
gene 3 8 21 1.43977 0 46 1.43977 1
gene 2 21 4 0.315819 0 47 0.315819 1
genomeend 97

/* Organism #98 Fitness: 5.975 Error: 1.55562 */
genomestart 98
trait 1 0.1 0.0238081 0 0 0 0.0223751 0.134097 0 
trait 2 0.2 0 0 0 0 0 0 0 
trait 3 0.3 0.407009 0 0 0 0 0 0 
node 1 1 1 3
node 2 2 1 1
node 3 2 1 1
node 4 3 0 2
node 8 1 0 0
node 15 1 0 0
node 21 1 0 0
gene 3 1 4 -4.49112 0 1 -4.49112 1
gene 2 2 4 3.11297 0 2 3.11297 1
gene 2 3 4 4.21082 0 3 4.21082 0
gene 3 3 8 -0.57093 0 10 -0.57093 1
gene 3 8 4 2.0574 0 11 2.0574 1
gene 2 3 15 4.68616 0 28 4.68616 1
gene 2 15 4 5.10414 0 29 5.10414 1
gene 3 1 8 0.670544 0 36 0.670544 1
gene 3 8 21 -2.46768 0 46 -2.46768 1
gene 2 21 4 -1.16586 0 47 -1.16586 1
genomeend 98

/* Organism #99 Fitness: 4.26179 Error: 1.93559 */
genomestart 99
trait 1 0.1 0.0238081 0 0 0 0.0223751 0.134097 0 
trait 2 0 0 0 0.0230895 0 0.253991 0 0 
trait 3 0.3 0.407009 0 0 0 0 0 0 
node 1 1 1 3
node 2 2 1 1
node 3 2 1 1
node 4 3 0 2
node 8 1 0 0
node 15 1 0 0
node 21 1 0 0
gene 3 1 4 -3.05803 0 1 -3.05803 1
gene 2 2 4 2.68829 0 2 2.68829 1
gene 2 3 4 -1.46242 0 3 -1.46242 0
gene 3 3 8 -0.994888 0 10 -0.994888 1
gene 3 8 4 3.31719 0 11 3.31719 1
gene 2 3 15 8 0 28 8 1
gene 2 15 4 4.54282 0 29 4.54282 1
gene 3 1 8 0.134614 0 36 0.134614 1
gene 3 8 21 0.656854 0 46 0.656854 1
gene 2 21 4 -0.98321 0 47 -0.98321 1
genomeend 99

/* Organism #100 Fitness: 8.99586 Error: 1.00069 */
genomestart 100
trait 1 0.1 0.0238081 0 0 0 0.0223751 0.134097 0 
trait 2 0.2 0 0.92412 0 0.976182 0 0.513491 0 
trait 3 0.3 0.407009 0 0 0 0 0 0 
node 1 1 1 3
node 2 2 1 1
node 3 2 1 1
node 4 3 0 2
node 8 1 0 0
node 15 1 0 0
node 21 1 0 0
gene 3 1 4 -6.16394 0 1 -6.16394 1
gene 2 2 4 4.88467 0 2 4.88467 1
gene 2 3 4 1.77137 0 3 1.77137 0
gene 3 3 8 -2.71344 0 10 -2.71344 1
gene 3 8 4 7.70316 0 11 7.70316 1
gene 2 3 15 3.0529 0 28 3.0529 1
gene 2 15 4 7.4891 0 29 7.4891 1
gene 3 1 8 -1.43517 0 36 -1.43517 1
gene 3 8 21 0.577444 0 46 0.577444 1
gene 2 21 4 0.315819 0 47 0.315819 1
genomeend 100

/* Organism #101 Fitness: 1.78664 Error: 2.66335 */
genomestart 101
trait 1 0.1 0.0238081 0 0 0 0.0223751 0.134097 0 
trait 2 0.2 0 0 0 0 0 0 0 
trait 3 0.3 0.407009 0 0 0 0 0 0 
node 1 1 1 3
node 2 2 1 1
node 3 2 1 1
node 4 3 0 2
node 8 1 0 0
node 15 1 0 0
node 21 1 0 0
gene 3 1 4 -3.31931 0 1 -3.31931 1
gene 2 2 4 2.87619 0 2 2.87619 1
gene 2 3 4 0.156099 0 3 0.156099 0
gene 3 3 8 -0.996048 0 10 -0.996048 1
gene 3 8 4 4.9093 0 11 4.9093 1
gene 2 3 15 6.1674 0 28 6.1674 1
gene 2 15 4 2.80266 0 29 2.80266 1
gene 3 1 8 -0.998928 0 36 -0.998928 1
gene 3 8 21 -2.6534 0 46 -2.6534 1
gene 2 21 4 -2.38206 0 47 -2.38206 1
genomeend 101

/* Organism #102 Fitness: 8.98107 Error: 1.00316 */
genomestart 102
trait 1 0.1 0.0238081 0 0 0 0.0223751 0.134097 0 
trait 2 0.2 0 0 0 0 0 0 0 
trait 3 0.3 0.407009 0 0 0 0 0 0 
node 1 1 1 3
node 2 2 1 1
node 3 2 1 1
node 4 3 0 2
node 8 1 0 0
node 15 1 0 0
node 21 1 0 0
gene 3 1 4 -3.77457 0 1 -3.77457 1
gene 2 2 4 3.57551 0 2 3.57551 1
gene 2 3 4 1.13036 0 3 1.13036 0
gene 3 3 8 -2.12299 0 10 -2.12299 1
gene 3 8 4 4.58713 0 11 4.58713 1
gene 2 3 15 4.6539 0 28 4.6539 1
gene 2 15 4 5.2813 0 29 5.2813 1
gene 3 1 8 -1.11923 0 36 -1.11923 1
gene 3 8 21 0.437249 0 46 0.437249 1
gene 2 21 4 -0.425022 0 47 -0.425022 1
genomeend 102

/* Species #12 : (Size 14) (AF 8.07855) (Age 7)  */


/* Organism #103 Fitness: 8.99995 Error: 1.00001 */
genomestart 103
trait 1 0.1 0.0304744 0 0 0 0.0223751 0 0 
trait 2 0.2 0 0 0 0 0 0 0 
trait 3 0.51875 0.0785078 0 0 0 0.240719 0 0.16063 
node 1 1 1 3
node 2 2 1 1
node 3 2 1 1
node 4 3 0 2
node 8 1 0 0
node 12 3 0 0
node 30 1 0 0
gene 1 1 4 -2.09103 0 1 -2.09103 1
gene 1 2 4 5.18534 0 2 5.18534 1
gene 2 3 4 -7.49372 0 3 -7.49372 1
gene 3 3 8 4.44236 0 10 4.44236 0
gene 3 8 4 -0.663882 0 11 -0.663882 1
gene 3 3 12 2.17099 0 20 2.17099 1
gene 3 12 8 0.991823 0 21 0.991823 1
gene 3 3 30 3.19566 0 74 3.19566 1
gene 3 30 12 -2.66213 0 75 -2.66213 1
gene 3 2 12 -1.72897 0 102 -1.72897 1
genomeend 103

/* Organism #104 Fitness: 4.45515 Error: 1.88928 */
genomestart 104
trait 1 0.1 0.0304744 0 0 0 0.0223751 0 0 
trait 2 0.2 0 0 0 0 0 0 0 
trait 3 0.51875 0.0785078 0 0 0 0.240719 0 0.16063 
node 1 1 1 3
node 2 2 1 1
node 3 2 1 1
node 4 3 0 2
node 8 1 0 0
node 12 3 0 0
node 30 1 0 0
gene 1 1 4 -3.94837 0 1 -3.94837 1
gene 1 2 4 3.66247 0 2 3.66247 1
gene 2 3 4 -5.07851 0 3 -5.07851 1
gene 3 3 8 4.92288 0 10 4.92288 0
gene 3 8 4 -0.239662 0 11 -0.239662 1
gene 3 3 12 1.3035 0 20 1.3035 1
gene 3 12 8 2.39128 0 21 2.39128 1
gene 3 3 30 3.9187 0 74 3.9187 1
gene 3 30 12 -2.13462 0 75 -2.13462 1
gene 3 2 12 0.321415 0 102 0.321415 1
genomeend 104

/* Organism #105 Fitness: 8.99977 Error: 1.00004 */
genomestart 105
trait 1 0.1 0.0304744 0 0 0 0.0223751 0 0 
trait 2 0.2 0 0 0 0 0 0 0 
trait 3 0.51875 0.0785078 0 0 0 0.240719 0 0.16063 
node 1 1 1 3
node 2 2 1 1
node 3 2 1 1
node 4 3 0 2
node 8 1 0 0
node 12 3 0 0
node 30 1 0 0
gene 1 1 4 -3.38126 0 1 -3.38126 1
gene 1 2 4 5.57591 0 2 5.57591 1
gene 2 3 4 -6.67461 0 3 -6.67461 1
gene 3 3 8 1.21111 0 10 1.21111 0
gene 3 8 4 -0.385077 0 11 -0.385077 1
gene 3 3 12 2.11224 0 20 2.11224 1
gene 3 12 8 -0.515423 0 21 -0.515423 1
gene 3 3 30 1.66737 0 74 1.66737 1
gene 3 30 12 -2.38671 0 75 -2.38671 1
gene 3 2 12 1.80315 0 102 1.80315 1
gene 1 1 30 0.326169 0 139 0.326169 1
genomeend 105

/* Organism #106 Fitness: 1.057 Error: 2.9719 */
genomestart 106
trait 1 0.1 0.558068 0 0.501661 0 0 0.0156975 0.694684 
trait 2 0.2 0 0 0 0 0 0 0 
trait 3 0.51875 0.0785078 0 0 0 0.240719 0 0.16063 
node 1 1 1 3
node 2 2 1 1
node 3 2 1 1
node 4 3 0 2
node 8 1 0 0
node 12 3 0 0
node 30 1 0 0
gene 1 1 4 -0.0745973 0 1 -0.0745973 1
gene 1 2 4 8 0 2 8 1
gene 2 3 4 -8 0 3 -8 1
gene 3 3 8 -1.73142 0 10 -1.73142 0
gene 3 8 4 1.87313 0 11 1.87313 1
gene 3 3 12 1.81697 0 20 1.81697 1
gene 3 12 8 1.14821 0 21 1.14821 1
gene 3 3 30 -0.603861 0 74 -0.603861 1
gene 3 30 12 -3.67319 0 75 -3.67319 1
gene 3 2 12 -3.0745 0 102 -3.0745 1
genomeend 106

/* Organism #107 Fitness: 8.99626 Error: 1.00062 */
genomestart 107
trait 1 0.1 0.0304744 0 0 0 0.0223751 0 0 
trait 2 0.2 0 0 0 0 0 0 0 
trait 3 0.51875 0.0785078 0 0 0 0.240719 0 0.16063 
node 1 1 1 3
node 2 2 1 1
node 3 2 1 1
node 4 3 0 2
node 8 1 0 0
node 12 3 0 0
node 30 1 0 0
gene 1 1 4 -2.84235 0 1 -2.84235 1
gene 1 2 4 7.67181 0 2 7.67181 1
gene 2 3 4 -8 0 3 -8 1
gene 3 3 8 5.06158 0 10 5.06158 0
gene 3 8 4 1.80697 0 11 1.80697 1
gene 3 3 12 1.93127 0 20 1.93127 1
gene 3 12 8 0.362944 0 21 0.362944 1
gene 3 3 30 1.32879 0 74 1.32879 1
gene 3 30 12 -0.23264 0 75 -0.23264 1
gene 3 2 12 2.12006 0 102 2.12006 1
genomeend 107

/* Organism #108 Fitness: 8.94331 Error: 1.00946 */
genomestart 108
trait 1 0.1 0.0304744 0 0 0 0.0223751 0 0 
trait 2 0.2 0 0 0 0 0 0 0 
trait 3 0.51875 0.0785078 0 0 0 0.240719 0 0.16063 
node 1 1 1 3
node 2 2 1 1
node 3 2 1 1
node 4 3 0 2
node 8 1 0 0
node 12 3 0 0
node 30 1 0 0
gene 1 1 4 -4.50061 0 1 -4.50061 1
gene 1 2 4 5.40462 0 2 5.40462 1
gene 2 3 4 -5.02411 0 3 -5.02411 1
gene 3 3 8 2.55565 0 10 2.55565 0
gene 3 8 4 1.81609 0 11 1.81609 1
gene 3 3 12 2.8881 0 20 2.8881 1
gene 3 12 8 -0.768679 0 21 -0.768679 1
gene 3 3 30 1.28156 0 74 1.28156 1
gene 3 30 12 -0.812499 0 75 -0.812499 1
gene 3 2 12 1.80315 0 102 1.80315 1
genomeend 108

/* Organism #109 Fitness: 8.9998 Error: 1.00003 */
genomestart 109
trait 1 0.1 0.0304744 0 0 0 0.0223751 0 0 
trait 2 0.2 0 0 0 0 0 0 0 
trait 3 0.51875 0.0785078 0 0 0 0.240719 0 0.16063 
node 1 1 1 3
node 2 2 1 1
node 3 2 1 1
node 4 3 0 2
node 8 1 0 0
node 12 3 0 0
node 30 1 0 0
gene 1 1 4 -2.09103 0 1 -2.09103 1
gene 1 2 4 6.78838 0 2 6.78838 1
gene 2 3 4 -6.67461 0 3 -6.67461 1
gene 3 3 8 -0.212815 0 10 -0.212815 0
gene 3 8 4 -0.412217 0 11 -0.412217 1
gene 3 3 12 1.87796 0 20 1.87796 1
gene 3 12 8 -0.515423 0 21 -0.515423 1
gene 3 3 30 1.45671 0 74 1.45671 1
gene 3 30 12 -3.06762 0 75 -3.06762 1
gene 3 2 12 -2.74001 0 102 -2.74001 1
genomeend 109

/* Organism #110 Fitness: 8.99996 Error: 1.00001 */
genomestart 110
trait 1 0.1 0.0304744 0 0 0 0.0223751 0 0 
trait 2 0.2 0 0 0 0 0 0 0 
trait 3 0.51875 0.0785078 0 0 0 0.240719 0 0.16063 
node 1 1 1 3
node 2 2 1 1
node 3 2 1 1
node 4 3 0 2
node 8 1 0 0
node 12 3 0 0
node 30 1 0 0
gene 1 1 4 -1.83234 0 1 -1.83234 1
gene 1 2 4 6.23792 0 2 6.23792 1
gene 2 3 4 -6.79314 0 3 -6.79314 1
gene 3 3 8 -1.2447 0 10 -1.2447 0
gene 3 8 4 -1.15715 0 11 -1.15715 1
gene 3 3 12 1.49504 0 20 1.49504 1
gene 3 12 8 1.24941 0 21 1.24941 1
gene 3 3 30 0.0171135 0 74 0.0171135 1
gene 3 30 12 -4.13589 0 75 -4.13589 1
gene 3 2 12 4.21434 0 102 4.21434 1
genomeend 110

/* Organism #111 Fitness: 8.99992 Error: 1.00001 */
genomestart 111
trait 1 0.1 0.0304744 0 0 0 0.0223751 0 0 
trait 2 0.2 0 0 0 0 0 0 0 
trait 3 0.51875 0.0785078 0 0 0 0.240719 0 0.16063 
node 1 1 1 3
node 2 2 1 1
node 3 2 1 1
node 4 3 0 2
node 8 1 0 0
node 12 3 0 0
node 30 1 0 0
gene 1 1 4 -2.09103 0 1 -2.09103 1
gene 1 2 4 5.18534 0 2 5.18534 1
gene 2 3 4 -7.49372 0 3 -7.49372 1
gene 3 3 8 4.44236 0 10 4.44236 0
gene 3 8 4 -0.412217 0 11 -0.412217 1
gene 3 3 12 1.87796 0 20 1.87796 1
gene 3 12 8 0.991823 0 21 0.991823 1
gene 3 3 30 1.45671 0 74 1.45671 1
gene 3 30 12 -3.06762 0 75 -3.06762 1
gene 3 2 12 -1.72897 0 102 -1.72897 1
genomeend 111

/* Organism #112 Fitness: 8.99962 Error: 1.00006 */
genomestart 112
trait 1 0.1 0.0304744 0 0 0 0.0223751 0 0 
trait 2 0.2 0 0 0 0 0 0 0 
trait 3 0.51875 0.0785078 0 0 0 0.240719 0 0.16063 
node 1 1 1 3
node 2 2 1 1
node 3 2 1 1
node 4 3 0 2
node 8 1 0 0
node 12 3 0 0
node 30 1 0 0
node 49 1 0 0
gene 1 1 4 -3.38126 0 1 -3.38126 1
gene 1 2 4 5.57591 0 2 5.57591 1
gene 2 3 4 -6.67461 0 3 -6.67461 1
gene 3 3 8 1.21111 0 10 1.21111 0
gene 3 8 4 -0.385077 0 11 -0.385077 0
gene 3 3 12 2.11224 0 20 2.11224 1
gene 3 12 8 -0.515423 0 21 -0.515423 1
gene 3 3 30 1.66737 0 74 1.66737 1
gene 3 30 12 -2.38671 0 75 -2.38671 1
gene 3 2 12 1.80315 0 102 1.80315 1
gene 3 8 49 1 0 140 0 1
gene 3 49 4 -0.385077 0 141 0 1
genomeend 112

/* Organism #113 Fitness: 8.99285 Error: 1.00119 */
genomestart 113
trait 1 0.1 0.0304744 0 0 0 0.0223751 0 0 
trait 2 0.2 0 0 0 0 0 0 0 
trait 3 0.51875 0.0785078 0 0 0 0.240719 0 0.16063 
node 1 1 1 3
node 2 2 1 1
node 3 2 1 1
node 4 3 0 2
node 8 1 0 0
node 12 3 0 0
node 30 1 0 0
gene 1 1 4 -1.28348 0 1 -1.28348 1
gene 1 2 4 4.76 0 2 4.76 1
gene 2 3 4 -7.48639 0 3 -7.48639 1
gene 3 3 8 1.11667 0 10 1.11667 0
gene 3 8 4 -0.166774 0 11 -0.166774 1
gene 3 3 12 -1.36047 0 20 -1.36047 1
gene 3 12 8 0.158959 0 21 0.158959 1
gene 1 3 30 1.87128 0 74 1.87128 1
gene 3 30 12 -4.44382 0 75 -4.44382 1
gene 3 2 12 -0.640761 0 102 -0.640761 1
genomeend 113

/* Organism #114 Fitness: 8.99995 Error: 1.00001 */
genomestart 114
trait 1 0.1 0.0304744 0 0 0 0.0223751 0 0 
trait 2 0.2 0 0 0 0 0 0 0 
trait 3 0.51875 0.0785078 0 0 0 0.240719 0 0.16063 
node 1 1 1 3
node 2 2 1 1
node 3 2 1 1
node 4 3 0 2
node 8 1 0 0
node 12 3 0 0
node 30 1 0 0
gene 1 1 4 -2.09103 0 1 -2.09103 1
gene 1 2 4 5.18534 0 2 5.18534 1
gene 2 3 4 -7.49372 0 3 -7.49372 1
gene 3 3 8 4.44236 0 10 4.44236 0
gene 3 8 4 -0.663882 0 11 -0.663882 1
gene 3 3 12 2.17099 0 20 2.17099 1
gene 3 12 8 0.991823 0 21 0.991823 1
gene 3 3 30 3.19566 0 74 3.19566 1
gene 3 30 12 -2.66213 0 75 -2.66213 1
gene 3 2 12 -1.72897 0 102 -1.72897 1
genomeend 114

/* Organism #115 Fitness: 8.85883 Error: 1.02362 */
genomestart 115
trait 1 0.1 0.0304744 0 0 0 0.0223751 0 0 
trait 2 0.2 0 0 0 0 0 0 0 
trait 3 0.51875 0.0785078 0 0 0 0.240719 0 0.16063 
node 1 1 1 3
node 2 2 1 1
node 3 2 1 1
node 4 3 0 2
node 8 1 0 0
node 12 3 0 0
node 30 1 0 0
gene 1 1 4 -3.08747 0 1 -3.08747 1
gene 1 2 4 5.04577 0 2 5.04577 1
gene 2 3 4 -7.14467 0 3 -7.14467 1
gene 3 3 8 3.60479 0 10 3.60479 0
gene 3 8 4 -2.40498 0 11 -2.40498 1
gene 3 3 12 3.07762 0 20 3.07762 1
gene 2 12 8 0.677934 0 21 0.677934 1
gene 3 3 30 3.92509 0 74 3.92509 1
gene 3 30 12 -3.01998 0 75 -3.01998 1
gene 3 2 12 -0.830421 0 102 -0.830421 1
genomeend 115

/* Organism #116 Fitness: 8.79729 Error: 1.03398 */
genomestart 116
trait 1 0.1 0.0304744 0 0 0 0.0223751 0 0 
trait 2 0.2 0 0 0 0 0 0 0 
trait 3 0.51875 0.0785078 0 0 0 0.240719 0 0.16063 
node 1 1 1 3
node 2 2 1 1
node 3 2 1 1
node 4 3 0 2
node 8 1 0 0
node 12 3 0 0
node 30 1 0 0
gene 1 1 4 -1.87682 0 1 -1.87682 1
gene 1 2 4 4.70348 0 2 4.70348 1
gene 2 3 4 1.6519 0 3 1.6519 1
gene 3 3 8 0.299709 0 10 0.299709 1
gene 3 8 4 1.01804 0 11 1.01804 1
gene 3 3 12 0.163213 0 20 0.163213 1
gene 3 12 8 1.36292 0 21 1.36292 1
gene 3 3 30 1.93898 0 74 1.93898 1
gene 3 30 12 1.01254 0 75 1.01254 1
gene 3 2 12 -0.708523 0 102 -0.708523 1
genomeend 116

/* Species #13 : (Size 14) (AF 7.79452) (Age 7)  */


/* Organism #117 Fitness: 9 Error: 1 */
genomestart 117
trait 1 0.1 0.0304744 0 0 0 0.0223751 0 0 
trait 2 0.2 0 0 0 0 0 0 0 
trait 3 0.3 0 0 0 0 0 0 0 
node 1 1 1 3
node 2 2 1 1
node 3 2 1 1
node 4 3 0 2
node 8 1 0 0
node 12 1 0 0
node 21 1 0 0
node 31 1 0 0
gene 1 1 4 -5.19852 0 1 -5.19852 1
gene 1 2 4 7.8213 0 2 7.8213 1
gene 2 3 4 -7.80915 0 3 -7.80915 1
gene 3 3 8 -4.74951 0 10 -4.74951 0
gene 3 8 4 -5.00278 0 11 -5.00278 0
gene 3 3 12 -5.16341 0 20 -5.16341 0
gene 3 12 8 0.700391 0 21 0.700391 1
gene 3 1 12 -2.53728 0 39 -2.53728 1
gene 3 8 21 1.92803 0 46 1.92803 1
gene 3 21 4 0.870308 0 47 0.870308 1
gene 3 3 31 0.803343 0 84 0.803343 1
gene 3 31 12 -4.76701 0 85 -4.76701 1
gene 3 12 21 0.196958 0 118 0.196958 1
genomeend 117

/* Organism #118 Fitness: 2.65236 Error: 2.37139 */
genomestart 118
trait 1 0.1 0.0304744 0 0 0 0.0223751 0 0 
trait 2 0.2 0 0 0 0 0 0 0 
trait 3 0.3 0 0 0 0 0 0 0 
node 1 1 1 3
node 2 2 1 1
node 3 2 1 1
node 4 3 0 2
node 8 1 0 0
node 12 1 0 0
node 21 1 0 0
node 31 1 0 0
gene 1 1 4 -1.33747 0 1 -1.33747 1
gene 1 2 4 8 0 2 8 1
gene 2 3 4 -7.16563 0 3 -7.16563 1
gene 3 3 8 -0.367835 0 10 -0.367835 0
gene 3 8 4 2.35143 0 11 2.35143 0
gene 3 3 12 0.345223 0 20 0.345223 0
gene 3 12 8 1.00486 0 21 1.00486 1
gene 2 1 12 -2.74588 0 39 -2.74588 1
gene 3 8 21 4.01766 0 46 4.01766 1
gene 3 21 4 1.25168 0 47 1.25168 1
gene 3 3 31 -0.155011 0 84 -0.155011 1
gene 3 31 12 -0.00112814 0 85 -0.00112814 1
gene 3 12 21 -2.26609 0 118 -2.26609 1
genomeend 118

/* Organism #119 Fitness: 8.99997 Error: 1 */
genomestart 119
trait 1 0.1 0.0304744 0 0 0 0.0223751 0 0 
trait 2 0.2 0 0 0 0 0 0 0 
trait 3 0.3 0 0 0 0 0 0 0 
node 1 1 1 3
node 2 2 1 1
node 3 2 1 1
node 4 3 0 2
node 8 1 0 0
node 12 1 0 0
node 21 1 0 0
node 31 1 0 0
gene 1 1 4 -2.71008 0 1 -2.71008 1
gene 1 2 4 7.14353 0 2 7.14353 1
gene 2 3 4 -7.4726 0 3 -7.4726 1
gene 3 3 8 -1.8127 0 10 -1.8127 0
gene 3 8 4 -1.70638 0 11 -1.70638 1
gene 3 3 12 -0.165512 0 20 -0.165512 1
gene 3 12 8 1.00486 0 21 1.00486 1
gene 2 1 12 -0.475532 0 39 -0.475532 1
gene 3 8 21 3.77898 0 46 3.77898 1
gene 3 21 4 -1.08039 0 47 -1.08039 1
gene 3 3 31 -1.71129 0 84 -1.71129 1
gene 3 31 12 -1.63733 0 85 -1.34799 1
gene 3 12 21 0.458265 0 118 0.458265 1
genomeend 119

/* Organism #120 Fitness: 9 Error: 1 */
genomestart 120
trait 1 0.1 0.0304744 0 0 0 0.0223751 0 0 
trait 2 0.2 0 0 0 0 0 0 0 
trait 3 0.3 0 0 0 0 0 0 0 
node 1 1 1 3
node 2 2 1 1
node 3 2 1 1
node 4 3 0 2
node 8 1 0 0
node 12 1 0 0
node 21 1 0 0
node 31 1 0 0
gene 1 1 4 -2.71008 0 1 -2.71008 1
gene 1 2 4 7.14353 0 2 7.14353 1
gene 2 3 4 -7.40001 0 3 -7.40001 1
gene 3 3 8 -2.99894 0 10 -2.99894 0
gene 3 8 4 -3.64774 0 11 -3.64774 0
gene 3 3 12 -0.165512 0 20 -0.165512 0
gene 3 12 8 1.00486 0 21 1.00486 1
gene 2 1 12 -0.475532 0 39 -0.475532 1
gene 3 8 21 3.77898 0 46 3.77898 1
gene 3 21 4 -1.08039 0 47 -1.08039 1
gene 3 3 31 -1.43958 0 84 -1.43958 1
gene 3 31 12 -0.00112814 0 85 0.577541 1
gene 3 12 21 0.458265 0 118 0.458265 1
genomeend 120

/* Organism #121 Fitness: 6.03291 Error: 1.5438 */
genomestart 121
trait 1 0.1 0.0304744 0 0 0 0.0223751 0 0 
trait 2 0.2 0 0 0 0 0 0 0 
trait 3 0.3 0 0 0 0 0 0 0 
node 1 1 1 3
node 2 2 1 1
node 3 2 1 1
node 4 3 0 2
node 8 1 0 0
node 12 1 0 0
node 21 1 0 0
node 31 1 0 0
gene 1 1 4 -5.20638 0 1 -5.20638 1
gene 1 2 4 6.34833 0 2 6.34833 1
gene 2 3 4 -5.36185 0 3 -5.36185 1
gene 3 3 8 -5.5041 0 10 -5.5041 0
gene 3 8 4 -3.27804 0 11 -3.27804 0
gene 3 3 12 -4.28202 0 20 -4.28202 0
gene 3 12 8 3.26952 0 21 3.26952 1
gene 2 1 12 -3.60123 0 39 -3.60123 1
gene 3 8 21 1.97604 0 46 1.97604 1
gene 3 21 4 -1.1867 0 47 -1.1867 1
gene 3 3 31 -1.10985 0 84 -1.10985 1
gene 3 31 12 -6.17015 0 85 -6.17015 1
gene 3 12 21 0.327612 0 118 0.327612 1
genomeend 121

/* Organism #122 Fitness: 8.99989 Error: 1.00002 */
genomestart 122
trait 1 0.1 0.0304744 0 0 0 0.0223751 0 0 
trait 2 0.2 0 0 0 0 0 0 0 
trait 3 0.3 0 0 0 0 0 0 0 
node 1 1 1 3
node 2 2 1 1
node 3 2 1 1
node 4 3 0 2
node 8 1 0 0
node 12 1 0 0
node 21 1 0 0
node 31 1 0 0
gene 1 1 4 -3.50642 0 1 -3.50642 1
gene 1 2 4 8 0 2 8 1
gene 2 3 4 -8 0 3 -8 1
gene 3 3 8 -1.21955 0 10 -1.21955 0
gene 3 8 4 0.499459 0 11 0.499459 0
gene 3 3 12 -2.0883 0 20 -2.0883 0
gene 3 12 8 2.54614 0 21 2.54614 1
gene 2 1 12 -2.63661 0 39 -2.63661 1
gene 3 8 21 3.55686 0 46 3.55686 1
gene 3 21 4 -2.27817 0 47 -2.27817 1
gene 3 3 31 -2.56848 0 84 -2.56848 1
gene 3 31 12 -1.72199 0 85 -1.72199 1
gene 3 12 21 0.448187 0 118 0.448187 1
genomeend 122

/* Organism #123 Fitness: 9 Error: 1 */
genomestart 123
trait 1 0.1 0.0304744 0 0 0 0.0223751 0 0 
trait 2 0.2 0 0 0 0 0 0 0 
trait 3 0.3 0 0 0 0 0 0 0 
node 1 1 1 3
node 2 2 1 1
node 3 2 1 1
node 4 3 0 2
node 8 1 0 0
node 12 1 0 0
node 21 3 0 0
node 31 1 0 0
gene 1 1 4 -2.71008 0 1 -2.71008 1
gene 1 2 4 7.14353 0 2 7.14353 1
gene 2 3 4 -7.40001 0 3 -7.40001 1
gene 3 3 8 -0.626467 0 10 -0.626467 0
gene 3 8 4 0.234992 0 11 0.234992 0
gene 3 3 12 -0.165512 0 20 -0.165512 0
gene 3 12 8 1.00486 0 21 1.00486 1
gene 2 1 12 -0.475532 0 39 -0.475532 1
gene 3 8 21 3.77898 0 46 3.77898 1
gene 3 21 4 -1.08039 0 47 -1.08039 1
gene 3 3 31 -1.98301 0 84 -1.98301 1
gene 3 31 12 -0.00112814 0 85 0.577541 1
gene 3 12 21 0.458265 0 118 0.458265 1
genomeend 123

/* Organism #124 Fitness: 9 Error: 1 */
genomestart 124
trait 1 0.1 0.0304744 0 0 0 0.0223751 0 0 
trait 2 0.2 0 0 0 0 0 0 0 
trait 3 0.3 0 0 0 0 0 0 0 
node 1 1 1 3
node 2 2 1 1
node 3 2 1 1
node 4 3 0 2
node 8 1 0 0
node 12 1 0 0
node 21 1 0 0
node 31 1 0 0
gene 1 1 4 -2.71008 0 1 -2.71008 1
gene 1 2 4 7.14353 0 2 7.14353 1
gene 2 3 4 -7.4726 0 3 -7.4726 1
gene 3 3 8 -1.8127 0 10 -1.8127 1
gene 3 8 4 -1.70638 0 11 -1.70638 0
gene 3 3 12 -0.165512 0 20 -0.165512 0
gene 3 12 8 1.00486 0 21 1.00486 1
gene 2 1 12 -0.475532 0 39 -0.475532 1
gene 3 8 21 3.77898 0 46 3.77898 1
gene 3 21 4 -1.08039 0 47 -1.08039 1
gene 3 3 31 -1.71129 0 84 -1.71129 1
gene 3 31 12 -1.63733 0 85 -1.34799 1
gene 3 12 21 0.458265 0 118 0.458265 1
genomeend 124

/* Organism #125 Fitness: 8.99992 Error: 1.00001 */
genomestart 125
trait 1 0.357072 0.0304744 0.553063 0.856184 0 0.263341 0.301141 0.521258 
trait 2 0.2 0 0 0 0 0 0 0 
trait 3 0.3 0 0 0 0 0 0 0 
node 1 1 1 3
node 2 1 1 1
node 3 2 1 1
node 4 3 0 2
node 8 1 0 0
node 12 1 0 0
node 21 1 0 0
node 31 1 0 0
gene 1 1 4 -2.05824 0 1 -2.05824 1
gene 1 2 4 6.26458 0 2 6.26458 1
gene 2 3 4 -8 0 3 -8 1
gene 3 3 8 -3.0409 0 10 -3.0409 0
gene 3 8 4 -3.9981 0 11 -3.9981 0
gene 3 3 12 -2.00613 0 20 -2.00613 0
gene 3 12 8 0.844776 0 21 0.844776 1
gene 2 1 12 -1.14719 0 39 -1.14719 1
gene 3 8 21 5.951 0 46 5.951 1
gene 3 21 4 -1.9204 0 47 -1.9204 1
gene 3 3 31 -2.506 0 84 -2.506 1
gene 3 31 12 0.385573 0 85 0.385573 1
gene 3 12 21 -0.686031 0 118 -0.686031 1
genomeend 125

/* Organism #126 Fitness: 6.60364 Error: 1.43025 */
genomestart 126
trait 1 0.1 0.0304744 0 0 0 0.0223751 0 0 
trait 2 0.2 0 0 0 0 0 0 0 
trait 3 0.3 0 0 0 0 0 0 0 
node 1 1 1 3
node 2 2 1 1
node 3 2 1 1
node 4 3 0 2
node 8 1 0 0
node 12 1 0 0
node 21 1 0 0
node 31 1 0 0
gene 1 1 4 -5.51007 0 1 -5.51007 1
gene 1 2 4 5.76911 0 2 5.76911 1
gene 2 3 4 -7.72686 0 3 -7.72686 1
gene 3 3 8 -2.66212 0 10 -2.66212 0
gene 3 8 4 -4.28643 0 11 -4.28643 0
gene 3 3 12 -5.59241 0 20 -5.59241 0
gene 3 12 8 2.06176 0 21 2.06176 1
gene 3 1 12 -1.14542 0 39 -1.14542 1
gene 3 8 21 -0.381681 0 46 -0.381681 1
gene 3 21 4 -0.718995 0 47 -0.718995 1
gene 3 3 31 2.89806 0 84 2.89806 1
gene 3 31 12 -6.44912 0 85 -6.44912 1
gene 3 12 21 0.196958 0 118 0.196958 1
genomeend 126

/* Organism #127 Fitness: 8.47187 Error: 1.08935 */
genomestart 127
trait 1 0.1 0.0304744 0 0 0 0.0223751 0 0 
trait 2 0.2 0 0 0 0 0 0 0 
trait 3 0.3 0 0 0 0 0 0 0 
node 1 1 1 3
node 2 2 1 1
node 3 2 1 1
node 4 3 0 2
node 8 1 0 0
node 12 1 0 0
node 21 1 0 0
node 31 1 0 0
gene 1 1 4 -6.97529 0 1 -6.97529 1
gene 1 2 4 5.4035 0 2 5.4035 1
gene 2 3 4 -5.88896 0 3 -5.88896 1
gene 3 3 8 -4.28141 0 10 -4.28141 0
gene 3 8 4 -1.07074 0 11 -1.07074 0
gene 3 3 12 -7.18611 0 20 -7.18611 0
gene 3 12 8 2.76435 0 21 2.76435 1
gene 3 1 12 -3.81408 0 39 -3.81408 1
gene 3 8 21 0.33309 0 46 0.33309 1
gene 3 21 4 2.94305 0 47 2.94305 1
gene 3 3 31 0.803343 0 84 0.803343 1
gene 3 31 12 -3.19183 0 85 -3.19183 1
gene 3 12 21 1.62736 0 118 1.62736 1
genomeend 127

/* Organism #128 Fitness: 9 Error: 1 */
genomestart 128
trait 1 0.1 0.0304744 0 0 0 0.0223751 0 0 
trait 2 0.0681283 0 0 0 0 0.797544 0 0 
trait 3 0.3 0 0 0 0 0 0 0 
node 1 1 1 3
node 2 2 1 1
node 3 2 1 1
node 4 3 0 2
node 8 1 0 0
node 12 1 0 0
node 21 1 0 0
node 31 1 0 0
gene 1 1 4 -4.70335 0 1 -4.70335 1
gene 1 2 4 8 0 2 8 1
gene 2 3 4 -8 0 3 -8 1
gene 3 3 8 -1.51894 0 10 -1.51894 0
gene 3 8 4 -1.80792 0 11 -1.80792 0
gene 3 3 12 -0.0681086 0 20 -0.0681086 0
gene 3 12 8 -1.4597 0 21 -1.4597 1
gene 2 1 12 1.19298 0 39 1.19298 1
gene 3 8 21 2.31323 0 46 2.31323 1
gene 3 21 4 1.11282 0 47 1.11282 1
gene 3 3 31 -1.01079 0 84 -1.01079 1
gene 3 31 12 -0.00112814 0 85 -0.00112814 1
gene 3 12 21 0.721705 0 118 0.721705 1
genomeend 128

/* Organism #129 Fitness: 4.3628 Error: 1.91127 */
genomestart 129
trait 1 0.1 0.0304744 0 0 0 0.0223751 0 0 
trait 2 0.2 0 0 0 0 0 0 0 
trait 3 0.3 0 0 0 0 0 0 0 
node 1 1 1 3
node 2 2 1 1
node 3 2 1 1
node 4 3 0 2
node 8 1 0 0
node 12 1 0 0
node 21 1 0 0
node 31 1 0 0
gene 1 1 4 -0.96409 0 1 -0.96409 1
gene 1 2 4 7.85527 0 2 7.85527 1
gene 2 3 4 -5.60928 0 3 -5.60928 1
gene 3 3 8 -0.95552 0 10 -0.95552 0
gene 3 8 4 -2.00064 0 11 -2.00064 0
gene 3 3 12 -1.69515 0 20 -1.69515 0
gene 3 12 8 -0.28126 0 21 -0.28126 1
gene 2 1 12 1.05842 0 39 1.05842 1
gene 3 8 21 2.27621 0 46 2.27621 1
gene 3 21 4 -0.809523 0 47 -0.809523 1
gene 3 3 31 -1.27554 0 84 -1.27554 1
gene 3 31 12 -5.57939 0 85 -5.57939 1
gene 3 12 21 1.21436 0 118 1.21436 1
genomeend 129

/* Organism #130 Fitness: 8.99997 Error: 1.00001 */
genomestart 130
trait 1 0.1 0.0304744 0 0.148535 0 0.0223751 0 0 
trait 2 0.2 0 0 0 0 0 0 0 
trait 3 0.3 0 0 0 0 0 0 0 
node 1 1 1 3
node 2 2 1 1
node 3 2 1 1
node 4 3 0 2
node 8 1 0 0
node 12 1 0 0
node 21 1 0 0
node 31 1 0 0
gene 1 1 4 -7.35611 0 1 -7.35611 1
gene 1 2 4 8 0 2 8 1
gene 2 3 4 -7.3323 0 3 -7.3323 1
gene 3 3 8 -3.71591 0 10 -3.71591 0
gene 3 8 4 -2.58504 0 11 -2.58504 0
gene 3 3 12 -5.6981 0 20 -5.6981 0
gene 3 12 8 0.267952 0 21 0.267952 1
gene 3 1 12 -0.693572 0 39 -0.693572 1
gene 3 8 21 1.39948 0 46 1.39948 1
gene 3 21 4 1.87948 0 47 1.87948 1
gene 3 3 31 -0.822385 0 84 -0.822385 1
gene 3 31 12 -0.15932 0 85 -0.15932 1
gene 3 12 21 -1.45884 0 118 -1.45884 1
genomeend 130

/* Species #14 : (Size 11) (AF 7.61792) (Age 4)  */


/* Organism #131 Fitness: 8.99999 Error: 1 */
genomestart 131
trait 1 0.0828125 0.178593 0.0890342 0 0 0.0223751 0 0 
trait 2 0.2 0 0 0 0 0 0 0 
trait 3 0.3 0.136206 0.00603236 0.155852 0.0106251 0 0.158556 0 
node 1 3 1 3
node 2 2 1 1
node 3 2 1 1
node 4 3 0 2
node 8 1 0 0
node 15 1 0 0
node 39 1 0 0
gene 3 1 4 -3.26285 0 1 -3.26285 1
gene 1 2 4 6.07305 0 2 6.07305 1
gene 2 3 4 -2.31382 0 3 -2.31382 1
gene 3 3 8 0.103812 0 10 0.103812 1
gene 3 8 4 4.81732 0 11 4.81732 1
gene 3 3 15 3.5836 0 28 3.5836 1
gene 2 15 4 -4.47928 0 29 -4.47928 1
gene 1 8 15 0.158628 0 77 0.158628 1
gene 3 3 39 1.05112 0 108 0.551124 1
gene 3 39 8 -1.68884 0 109 -1.26029 1
gene 1 2 8 0.889729 0 119 0.889729 1
genomeend 131

/* Organism #132 Fitness: 4 Error: 2 */
genomestart 132
trait 1 0.0828125 0.178593 0.0890342 0 0 0.0223751 0 0 
trait 2 0.2 0 0 0 0 0 0 0 
trait 3 0.3 0.136206 0.00603236 0.155852 0.0106251 0 0.158556 0 
node 1 2 1 3
node 2 2 1 1
node 3 2 1 1
node 4 3 0 2
node 8 1 0 0
node 15 1 0 0
node 39 1 0 0
gene 3 1 4 -3.26285 0 1 -3.26285 1
gene 1 2 4 8 0 2 8 1
gene 2 3 4 -2.31382 0 3 -2.31382 1
gene 3 3 8 -1.37956 0 10 -1.37956 0
gene 3 8 4 5.88572 0 11 5.88572 1
gene 3 3 15 3.5836 0 28 3.5836 1
gene 2 15 4 -4.47928 0 29 -4.47928 1
gene 1 8 15 0.158628 0 77 0.158628 1
gene 3 3 39 1.05112 0 108 0.551124 1
gene 3 39 8 -0.583889 0 109 -0.583889 1
gene 1 2 8 0.889729 0 119 0.889729 1
genomeend 132

/* Organism #133 Fitness: 8.97894 Error: 1.00351 */
genomestart 133
trait 1 0.0828125 0.178593 0.0890342 0 0 0.0223751 0 0 
trait 2 0.2 0 0 0 0 0 0 0 
trait 3 0.3 0.136206 0.00603236 0.155852 0.0106251 0 0.158556 0 
node 1 2 1 3
node 2 2 1 1
node 3 2 1 1
node 4 3 0 2
node 8 1 0 0
node 15 1 0 0
node 39 1 0 0
gene 3 1 4 -3.26285 0 1 -3.26285 1
gene 1 2 4 6.07305 0 2 6.07305 1
gene 2 3 4 -2.31382 0 3 -2.31382 1
gene 3 3 8 -0.10352 0 10 -0.10352 0
gene 3 8 4 6.60199 0 11 6.60199 1
gene 3 3 15 3.5836 0 28 3.5836 1
gene 2 15 4 -4.47928 0 29 -4.47928 1
gene 1 8 15 0.158628 0 77 0.158628 1
gene 3 3 39 0.792611 0 108 0.792611 1
gene 3 39 8 -2.66903 0 109 -2.66903 1
gene 1 2 8 0.889729 0 119 0.889729 1
genomeend 133

/* Organism #134 Fitness: 8.99957 Error: 1.00007 */
genomestart 134
trait 1 0.0828125 0.178593 0.0890342 0 0 0.0223751 0 0 
trait 2 0.2 0 0 0 0 0 0 0 
trait 3 0.3 0.136206 0.00603236 0.155852 0.0106251 0 0.158556 0 
node 1 2 1 3
node 2 2 1 1
node 3 2 1 1
node 4 3 0 2
node 8 1 0 0
node 15 1 0 0
node 39 1 0 0
gene 3 1 4 -1.9757 0 1 -1.9757 1
gene 1 2 4 7.18117 0 2 7.18117 1
gene 2 3 4 -4.67647 0 3 -4.67647 1
gene 3 3 8 -0.741542 0 10 -0.741542 0
gene 3 8 4 6.24386 0 11 6.24386 1
gene 3 3 15 4.57786 0 28 4.57786 1
gene 2 15 4 -6.41963 0 29 -6.41963 1
gene 1 8 15 1.18423 0 77 1.18423 1
gene 3 3 39 1.80336 0 108 1.80336 1
gene 3 39 8 -1.62646 0 109 -1.62646 1
genomeend 134

/* Organism #135 Fitness: 8.96622 Error: 1.00563 */
genomestart 135
trait 1 0.0828125 0.178593 0.0890342 0 0 0.0223751 0 0 
trait 2 0.2 0 0 0 0 0 0 0 
trait 3 0.3 0.136206 0.00603236 0.155852 0.0106251 0 0.158556 0 
node 1 3 1 3
node 2 2 1 1
node 3 2 1 1
node 4 3 0 2
node 8 1 0 0
node 15 1 0 0
node 39 1 0 0
gene 3 1 4 -1.08716 0 1 -1.08716 1
gene 1 2 4 8 0 2 8 1
gene 2 3 4 -4.08891 0 3 -4.08891 1
gene 3 3 8 -0.555415 0 10 -0.555415 0
gene 3 8 4 4.13784 0 11 4.13784 1
gene 3 3 15 3.06977 0 28 3.06977 1
gene 2 15 4 -8 0 29 -8 1
gene 1 8 15 0.0313556 0 77 0.0313556 1
gene 3 3 39 0.769513 0 108 0.769513 1
gene 3 39 8 -1.06514 0 109 -1.06514 1
gene 1 2 8 2.2225 0 119 2.2225 1
genomeend 135

/* Organism #136 Fitness: 8.99764 Error: 1.00039 */
genomestart 136
trait 1 0.0828125 0.178593 0.0890342 0 0 0.0223751 0 0 
trait 2 0.2 0 0 0 0 0 0 0 
trait 3 0.3 0.136206 0.00603236 0.155852 0.0106251 0 0.158556 0 
node 1 2 1 3
node 2 2 1 1
node 3 2 1 1
node 4 3 0 2
node 8 1 0 0
node 15 1 0 0
node 39 1 0 0
gene 3 1 4 -2.34374 0 1 -2.34374 1
gene 1 2 4 6.36234 0 2 6.36234 1
gene 2 3 4 -4.07457 0 3 -4.07457 1
gene 3 3 8 -0.10352 0 10 -0.10352 0
gene 3 8 4 6.60199 0 11 6.60199 1
gene 3 3 15 4.83415 0 28 4.83415 1
gene 2 15 4 -4.83927 0 29 -4.83927 1
gene 1 8 15 1.95778 0 77 1.95778 1
gene 3 3 39 0.792611 0 108 0.792611 1
gene 3 39 8 -2.66903 0 109 -2.66903 1
genomeend 136

/* Organism #137 Fitness: 3.99887 Error: 2.00028 */
genomestart 137
trait 1 0.0828125 0.178593 0.0890342 0 0 0.0223751 0 0 
trait 2 0.2 0.295813 0 0 0 0 0 0 
trait 3 0.3 0.136206 0.00603236 0.155852 0.0106251 0 0.158556 0 
node 1 3 1 3
node 2 2 1 1
node 3 2 1 1
node 4 3 0 2
node 8 1 0 0
node 15 1 0 0
node 39 1 0 0
gene 3 1 4 -0.0930705 0 1 -0.0930705 1
gene 1 2 4 4.177 0 2 4.177 1
gene 2 3 4 -1.62757 0 3 -1.62757 1
gene 3 3 8 -0.997519 0 10 -0.997519 0
gene 3 8 4 6.87248 0 11 6.87248 1
gene 3 3 15 6.53383 0 28 6.53383 1
gene 2 15 4 -3.49051 0 29 -3.49051 1
gene 1 8 15 -1.10317 0 77 -1.10317 1
gene 3 3 39 1.06137 0 108 1.06137 1
gene 3 39 8 -1.68884 0 109 -1.68884 1
gene 1 2 8 2.09497 0 119 2.09497 1
genomeend 137

/* Organism #138 Fitness: 8.99997 Error: 1.00001 */
genomestart 138
trait 1 0.0828125 0.178593 0.0890342 0 0 0.0223751 0 0 
trait 2 0.2 0 0 0 0 0 0 0 
trait 3 0.3 0.136206 0.00603236 0.155852 0.0106251 0 0.158556 0 
node 1 2 1 3
node 2 2 1 1
node 3 2 1 1
node 4 3 0 2
node 8 1 0 0
node 15 1 0 0
node 39 1 0 0
gene 3 1 4 -1.60766 0 1 -1.60766 1
gene 1 2 4 8 0 2 8 1
gene 2 3 4 -5.27838 0 3 -5.27838 1
gene 3 3 8 -1.37956 0 10 -1.37956 0
gene 3 8 4 5.88572 0 11 5.88572 1
gene 3 3 15 4.32158 0 28 4.32158 1
gene 2 15 4 -8 0 29 -8 1
gene 1 8 15 0.410682 0 77 0.410682 1
gene 3 3 39 2.8141 0 108 2.8141 1
gene 3 39 8 -0.583889 0 109 -0.583889 1
gene 2 2 8 -0.406365 0 142 -0.406365 1
genomeend 138

/* Organism #139 Fitness: 8.96745 Error: 1.00543 */
genomestart 139
trait 1 0.0828125 0.178593 0.0890342 0 0 0.0223751 0 0 
trait 2 0.2 0 0 0 0 0 0 0 
trait 3 0.3 0.136206 0.00603236 0.155852 0.0106251 0 0.158556 0 
node 1 2 1 3
node 2 2 1 1
node 3 2 1 1
node 4 3 0 2
node 8 1 0 0
node 15 1 0 0
node 39 1 0 0
gene 3 1 4 -3.37252 0 1 -3.37252 1
gene 1 2 4 6.47579 0 2 6.47579 1
gene 2 3 4 -5.74077 0 3 -5.74077 1
gene 3 3 8 -0.418289 0 10 -0.418289 0
gene 3 8 4 3.46856 0 11 3.46856 1
gene 3 3 15 4.62496 0 28 4.62496 1
gene 2 15 4 -3.90529 0 29 -3.90529 1
gene 1 8 15 2.63083 0 77 2.63083 1
gene 3 3 39 -1.23271 0 108 -1.23271 1
gene 3 39 8 0.739216 0 109 0.739216 1
gene 1 2 8 -1.30081 0 119 -1.30081 1
genomeend 139

/* Organism #140 Fitness: 3.99645 Error: 2.00089 */
genomestart 140
trait 1 0.0828125 0.178593 0.0890342 0 0 0.0223751 0 0 
trait 2 0.2 0 0 0 0 0 0 0 
trait 3 0.3 0.136206 0.00603236 0.155852 0.0106251 0 0.158556 0 
node 1 2 1 3
node 2 2 1 1
node 3 2 1 1
node 4 3 0 2
node 8 1 0 0
node 15 1 0 0
node 39 1 0 0
gene 3 1 4 -1.376 0 1 -1.376 1
gene 1 2 4 6.23016 0 2 6.23016 1
gene 2 3 4 -3.74072 0 3 -3.74072 1
gene 3 3 8 -0.928977 0 10 -0.928977 0
gene 3 8 4 4.86185 0 11 4.86185 1
gene 3 3 15 4.97265 0 28 4.97265 1
gene 2 15 4 -6.59922 0 29 -6.59922 1
gene 1 8 15 -1.96954 0 77 -1.96954 1
gene 3 3 39 0.792611 0 108 0.792611 1
gene 3 39 8 0.339181 0 109 0.339181 1
genomeend 140

/* Organism #141 Fitness: 8.89203 Error: 1.01805 */
genomestart 141
trait 1 0.0828125 0.178593 0.0890342 0 0 0.0223751 0 0 
trait 2 0.2 0 0 0 0 0 0 0 
trait 3 0.3 0.136206 0.00603236 0.155852 0.0106251 0 0.158556 0 
node 1 3 1 3
node 2 2 1 1
node 3 2 1 1
node 4 3 0 2
node 8 3 0 0
node 15 1 0 0
node 39 1 0 0
gene 3 1 4 -1.23443 0 1 -1.23443 1
gene 1 2 4 3.91928 0 2 3.91928 1
gene 2 3 4 -3.17844 0 3 -3.17844 1
gene 3 3 8 -1.58889 0 10 -1.58889 1
gene 3 8 4 6.98758 0 11 6.98758 1
gene 3 3 15 4.79366 0 28 4.79366 1
gene 2 15 4 -6.10895 0 29 -6.10895 1
gene 1 8 15 0.18763 0 77 0.18763 1
gene 3 3 39 3.14794 0 108 3.14794 1
gene 3 39 8 -3.43943 0 109 -3.43943 1
gene 1 2 8 1.45267 0 119 1.45267 1
genomeend 141

/* Species #15 : (Size 8) (AF 4.82146) (Age 4)  */


/* Organism #142 Fitness: 7.26633 Error: 1.30439 */
genomestart 142
trait 1 0.1 0 0 0 0 0 0 0 
trait 2 0.2 0 0 0 0 0 0 0 
trait 3 0.3 0 0 0 0 0 0 0 
node 1 3 1 3
node 2 2 1 1
node 3 2 1 1
node 4 3 0 2
node 8 1 0 0
node 19 1 0 0
gene 3 1 4 0.754491 0 1 0.754491 1
gene 1 2 4 -2.54087 0 2 -2.54087 0
gene 2 3 4 -0.53514 0 3 -0.53514 0
gene 3 3 8 3.02455 0 10 3.02455 1
gene 3 8 4 2.16335 0 11 2.16335 1
gene 1 1 8 -0.15892 0 14 -0.15892 1
gene 2 2 8 0.270513 0 24 0.270513 1
gene 1 2 19 -0.342258 0 42 -0.342258 1
gene 1 19 4 -1.79177 0 43 -1.79177 1
gene 3 8 19 0.708982 0 59 0.708982 1
gene 3 1 19 0.921253 0 112 0.921253 1
genomeend 142

/* Organism #143 Fitness: 4.00001 Error: 2 */
genomestart 143
trait 1 0.1 0 0 0 0 0 0 0 
trait 2 0.2 0 0 0 0 0 0 0 
trait 3 0.3 0 0 0 0 0 0 0 
node 1 3 1 3
node 2 2 1 1
node 3 2 1 1
node 4 3 0 2
node 8 1 0 0
node 19 1 0 0
gene 3 1 4 1.18601 0 1 1.18601 1
gene 1 2 4 -0.708277 0 2 -0.708277 0
gene 2 3 4 -1.43481 0 3 -1.43481 0
gene 3 3 8 1.56015 0 10 1.56015 1
gene 3 8 4 2.00773 0 11 2.00773 1
gene 1 1 8 0.797068 0 14 0.797068 1
gene 2 2 8 0.370596 0 24 0.370596 1
gene 1 2 19 0.39322 0 42 0.39322 1
gene 1 19 4 -0.847181 0 43 -0.847181 1
gene 3 8 19 0.431799 0 59 0.431799 1
gene 3 1 19 0.921253 0 112 0.921253 1
genomeend 143

/* Organism #144 Fitness: 4 Error: 2 */
genomestart 144
trait 1 0.1 0 0 0 0 0 0 0 
trait 2 0.2 0 0 0 0 0 0 0 
trait 3 0.3 0 0 0 0 0 0 0 
node 1 3 1 3
node 2 2 1 1
node 3 2 1 1
node 4 3 0 2
node 8 1 0 0
node 19 1 0 0
gene 3 1 4 0.754491 0 1 0.754491 1
gene 1 2 4 0.577385 0 2 0.577385 0
gene 2 3 4 0.50746 0 3 0.50746 0
gene 3 3 8 0.588665 0 10 0.588665 1
gene 3 8 4 2.16335 0 11 2.16335 1
gene 1 1 8 2.07624 0 14 2.07624 1
gene 2 2 8 0.270513 0 24 0.270513 1
gene 1 2 19 -0.550236 0 42 -0.550236 1
gene 1 19 4 0.557583 0 43 0.557583 1
gene 3 8 19 0.481774 0 59 0.481774 1
gene 3 1 19 -0.6398 0 112 -0.6398 1
genomeend 144

/* Organism #145 Fitness: 4.0474 Error: 1.98819 */
genomestart 145
trait 1 0.1 0 0 0 0 0 0 0 
trait 2 0.2 0 0 0 0 0 0 0 
trait 3 0.3 0 0 0 0 0 0 0 
node 1 3 1 3
node 2 2 1 1
node 3 2 1 1
node 4 3 0 2
node 8 1 0 0
node 19 1 0 0
gene 3 1 4 -0.888176 0 1 -0.888176 1
gene 1 2 4 -1.75616 0 2 -1.75616 0
gene 2 3 4 -1.75453 0 3 -1.75453 0
gene 3 3 8 3.69516 0 10 3.69516 1
gene 3 8 4 0.445823 0 11 0.445823 1
gene 1 1 8 -0.28666 0 14 -0.28666 1
gene 2 2 8 1.88389 0 24 1.88389 1
gene 1 2 19 -0.417375 0 42 -0.417375 1
gene 1 19 4 -0.364835 0 43 -0.364835 1
gene 3 8 19 0.708982 0 59 0.708982 1
gene 3 1 19 -0.345239 0 112 -0.345239 1
genomeend 145

/* Organism #146 Fitness: 3.99556 Error: 2.00111 */
genomestart 146
trait 1 0.1 0 0 0 0 0 0 0 
trait 2 0.2 0 0 0 0 0 0 0 
trait 3 0.3 0 0 0 0 0 0 0 
node 1 3 1 3
node 2 2 1 1
node 3 2 1 1
node 4 3 0 2
node 8 1 0 0
node 19 1 0 0
gene 3 1 4 1.37956 0 1 1.37956 1
gene 1 2 4 -4.67382 0 2 -4.67382 0
gene 2 3 4 -0.955601 0 3 -0.955601 0
gene 3 3 8 3.45005 0 10 3.45005 1
gene 3 8 4 2.16335 0 11 2.16335 1
gene 1 1 8 0.40021 0 14 0.40021 1
gene 2 2 8 -1.83815 0 24 -1.83815 1
gene 1 2 19 -1.57557 0 42 -1.57557 1
gene 1 19 4 -1.79177 0 43 -1.79177 1
gene 3 8 19 -0.813631 0 59 -0.813631 1
gene 3 1 19 -0.780964 0 112 -0.780964 1
genomeend 146

/* Organism #147 Fitness: 3.99912 Error: 2.00022 */
genomestart 147
trait 1 0.1 0 0 0 0 0 0 0 
trait 2 0.2 0 0 0 0 0 0 0 
trait 3 0.3 0 0 0 0 0 0 0 
node 1 3 1 3
node 2 2 1 1
node 3 2 1 1
node 4 3 0 2
node 8 1 0 0
node 19 1 0 0
gene 3 1 4 -1.30604 0 1 -1.30604 1
gene 1 2 4 -4.11166 0 2 -4.11166 0
gene 2 3 4 -2.01425 0 3 -2.01425 0
gene 3 3 8 2.34136 0 10 2.34136 1
gene 3 8 4 2.17032 0 11 2.17032 1
gene 1 1 8 -1.02843 0 14 -1.02843 1
gene 2 2 8 0.270513 0 24 0.270513 1
gene 1 2 19 -0.342258 0 42 -0.342258 1
gene 1 19 4 -1.67693 0 43 -1.67693 1
gene 3 8 19 0.708982 0 59 0.708982 1
gene 3 1 19 1.62884 0 112 1.62884 1
genomeend 147

/* Organism #148 Fitness: 7.26328 Error: 1.30495 */
genomestart 148
trait 1 0.1 0 0 0 0 0 0 0 
trait 2 0.2 0 0 0 0 0 0 0 
trait 3 0.3 0 0 0 0 0 0 0 
node 1 3 1 3
node 2 2 1 1
node 3 2 1 1
node 4 3 0 2
node 8 1 0 0
node 19 1 0 0
gene 3 1 4 0.754491 0 1 0.754491 1
gene 1 2 4 -2.54087 0 2 -2.54087 0
gene 2 3 4 -0.53514 0 3 -0.53514 1
gene 3 3 8 3.02455 0 10 3.02455 1
gene 3 8 4 2.16335 0 11 2.16335 1
gene 1 1 8 -0.15892 0 14 -0.15892 1
gene 2 2 8 0.270513 0 24 0.270513 1
gene 1 2 19 -0.342258 0 42 -0.342258 1
gene 1 19 4 -1.79177 0 43 -1.79177 1
gene 3 8 19 0.708982 0 59 0.708982 1
gene 3 1 19 0.921253 0 112 0.921253 1
genomeend 148

/* Organism #149 Fitness: 4 Error: 2 */
genomestart 149
trait 1 0.1 0 0 0 0 0 0 0 
trait 2 0.2 0 0 0 0 0 0 0 
trait 3 0.3 0 0 0 0 0 0 0 
node 1 3 1 3
node 2 2 1 1
node 3 2 1 1
node 4 3 0 2
node 8 1 0 0
node 19 3 0 0
gene 3 1 4 2.70186 0 1 2.70186 1
gene 1 2 4 -4.85414 0 2 -4.85414 0
gene 2 3 4 -0.881358 0 3 -0.881358 0
gene 3 3 8 1.183 0 10 1.183 1
gene 3 8 4 2.0618 0 11 2.0618 1
gene 1 1 8 1.63907 0 14 1.63907 1
gene 2 2 8 2.67646 0 24 2.67646 1
gene 1 2 19 -2.44224 0 42 -2.44224 1
gene 1 19 4 -2.9613 0 43 -2.9613 1
gene 3 8 19 1.47611 0 59 1.47611 1
gene 3 1 19 0.668369 0 112 0.668369 1
genomeend 149
