
/* Species #1 : (Size 75) (AF 7.24427) (Age 90)  */


/* Organism #0 Fitness: 8.99996 Error: 1.00001 */
genomestart 0
trait 1 0.145127 0.0385926 0.189054 0.120683 0.0583346 0.0675035 0.0559715 0.234978 
trait 2 0.246222 0 0.159451 0.0160162 0.0210952 0.0761322 0.048073 0.0373859 
trait 3 0.487419 0.218531 0.443982 0.0441092 0.0351922 0.00615886 0.12169 0.0338293 
node 1 2 1 3
node 2 3 1 1
node 3 1 1 1
node 4 1 0 2
gene 1 1 4 8 0 1 8 1
gene 2 2 4 -5.34183 0 2 -5.34183 1
gene 2 3 4 -5.32927 0 3 -5.32927 1
genomeend 0

/* Organism #1 Fitness: 8.99519 Error: 1.0008 */
genomestart 1
trait 1 0.149381 0.0385926 0.184081 0.120463 0.0569252 0.0638811 0.0559715 0.244825 
trait 2 0.163955 0 0.159451 0.0160162 0.0210952 0.0761322 0.048073 0.0373859 
trait 3 0.523451 0.310523 0.427819 0.0524947 0.113898 0.005389 0.12169 0.0338293 
node 1 2 1 3
node 2 3 1 1
node 3 1 1 1
node 4 1 0 2
gene 1 1 4 7.25244 0 1 7.25244 1
gene 2 2 4 -5.80065 0 2 -5.80065 1
gene 2 3 4 -3.68582 0 3 -3.68582 1
genomeend 1

/* Organism #2 Fitness: 4 Error: 2 */
genomestart 2
trait 1 0.165136 0.0385926 0.165622 0.119559 0.0516721 0.0504121 0.0559715 0.281457 
trait 2 0.246222 0 0.159451 0.0160162 0.0210952 0.0732938 0.048073 0.0366349 
trait 3 0.695884 0.77048 0.359028 0.0971555 0.496593 0.00153971 0.12169 0.0338293 
node 1 2 1 3
node 2 3 1 1
node 3 1 1 1
node 4 1 0 2
gene 2 1 4 7.62669 0 1 7.62669 1
gene 2 2 4 1.11907 0 2 1.11907 1
gene 2 3 4 -4.75505 0 3 -4.75505 1
genomeend 2

/* Organism #3 Fitness: 4.07836 Error: 1.9805 */
genomestart 3
trait 1 0.156788 0.0385926 0.17534 0.120072 0.0544682 0.0575423 0.0559715 0.262014 
trait 2 0.215444 0 0.139519 0.129102 0.0568274 0.104187 0.0420639 0.0366349 
trait 3 0.594315 0.494506 0.397359 0.0696899 0.269629 0.00384929 0.12169 0.0338293 
node 1 2 1 3
node 2 3 1 1
node 3 1 1 1
node 4 1 0 2
gene 1 1 4 8 0 1 8 1
gene 2 2 4 -3.06401 0 2 -3.06401 1
gene 2 3 4 -4.14037 0 3 -4.14037 1
genomeend 3

/* Organism #4 Fitness: 4.00002 Error: 1.99999 */
genomestart 4
trait 1 0.332303 0.0337685 0.175424 0.229752 0.0410904 0.0502739 0.0489751 0.320957 
trait 2 0.230833 0 0.159451 0.0150152 0.0210952 0.0864349 0.0450685 0.0377614 
trait 3 0.567006 0.218531 0.399942 0.0582177 0.0525556 0.00615886 0.12169 0.0338293 
node 1 2 1 3
node 2 2 1 1
node 3 1 1 1
node 4 1 0 2
gene 1 1 4 8 0 1 8 1
gene 2 2 4 -0.653174 0 2 -0.653174 1
gene 2 3 4 -4.88739 0 3 -4.88739 1
genomeend 4

/* Organism #5 Fitness: 8.99996 Error: 1.00001 */
genomestart 5
trait 1 0.151421 0.0385926 0.182145 0.120088 0.0561489 0.0621808 0.0559715 0.249831 
trait 2 0.215444 0 0.139519 0.129102 0.0568274 0.107025 0.0420639 0.0373859 
trait 3 0.497673 0.218531 0.428018 0.0404806 0.0495759 0.00615886 0.12169 0.0338293 
node 1 2 1 3
node 2 3 1 1
node 3 1 1 1
node 4 1 0 2
gene 1 1 4 8 0 1 8 1
gene 2 2 4 -5.3523 0 2 -5.3523 1
gene 3 3 4 -5.32921 0 3 -5.32921 1
genomeend 5

/* Organism #6 Fitness: 8.99996 Error: 1.00001 */
genomestart 6
trait 1 0.144346 0.0385926 0.189803 0.120879 0.0586511 0.0681801 0.0559715 0.232973 
trait 2 0.215444 0 0.139519 0.129102 0.0568274 0.104187 0.0420639 0.0366349 
trait 3 0.487153 0.218531 0.444396 0.0442035 0.0348186 0.00615886 0.12169 0.0338293 
node 1 2 1 3
node 2 3 1 1
node 3 1 1 1
node 4 1 0 2
gene 1 1 4 8 0 1 8 1
gene 2 2 4 -5.34707 0 2 -5.34707 1
gene 2 3 4 -5.32896 0 3 -5.32896 1
genomeend 6

/* Organism #7 Fitness: 8.96761 Error: 1.0054 */
genomestart 7
trait 1 0.158048 0.0289444 0.173905 0.340039 0.0540838 0.0428512 0.0419786 0.264771 
trait 2 0.246222 0 0.159451 0.0160162 0.0210952 0.0761322 0.048073 0.0373859 
trait 3 0.625952 0.402514 0.388037 0.0796305 0.191568 0.00461914 0.12169 0.0338293 
node 1 2 1 3
node 2 3 1 1
node 3 1 1 1
node 4 1 0 2
gene 1 1 4 8 0 1 8 1
gene 2 2 4 -4.11976 0 2 -4.11976 1
gene 2 3 4 -4.93935 0 3 -4.93935 1
genomeend 7

/* Organism #8 Fitness: 8.61804 Error: 1.06435 */
genomestart 8
trait 1 0.156155 0.0385926 0.1779 0.119643 0.0545059 0.0585078 0.0559715 0.260661 
trait 2 0.246222 0 0.159451 0.0160162 0.0210952 0.081809 0.048073 0.0388879 
trait 3 0.506063 0.218531 0.414957 0.0375117 0.0613444 0.00615886 0.12169 0.0338293 
node 1 2 1 3
node 2 2 1 1
node 3 1 1 1
node 4 1 0 2
gene 1 1 4 8 0 1 8 1
gene 2 2 4 -7.44776 0 2 -7.44776 1
gene 2 3 4 -6.78457 0 3 -6.78457 1
genomeend 8

/* Organism #9 Fitness: 8.60811 Error: 1.06604 */
genomestart 9
trait 1 0.50845 0.0289444 0.172947 0.339862 0.027675 0.0420399 0.0419786 0.381253 
trait 2 0.215444 0 0.159451 0.0140142 0.0210952 0.0910608 0.0420639 0.0366349 
trait 3 0.627949 0.218531 0.384927 0.0789236 0.0437667 0.00615886 0.12169 0.0338293 
node 1 2 1 3
node 2 3 1 1
node 3 1 1 1
node 4 1 0 2
gene 1 1 4 8 0 1 8 1
gene 2 2 4 -7.43432 0 2 -7.43432 1
gene 2 3 4 -7.01938 0 3 -7.01938 1
genomeend 9

/* Organism #10 Fitness: 8.95673 Error: 1.00722 */
genomestart 10
trait 1 0.154402 0.0385926 0.179232 0.119592 0.0550335 0.0596892 0.0559715 0.257092 
trait 2 0.246222 0 0.159451 0.0160162 0.0210952 0.0789706 0.048073 0.0381369 
trait 3 0.5026 0.218531 0.420348 0.0387369 0.0564876 0.00615886 0.12169 0.0338293 
node 1 3 1 3
node 2 2 1 1
node 3 1 1 1
node 4 1 0 2
gene 1 1 4 8 0 1 8 1
gene 2 2 4 -7.00007 0 2 -7.00007 1
gene 3 3 4 -5.40216 0 3 -5.40216 1
genomeend 10

/* Organism #11 Fitness: 7.49972 Error: 1.26144 */
genomestart 11
trait 1 0.156155 0.0385926 0.1779 0.119643 0.0545059 0.0585078 0.0559715 0.260661 
trait 2 0.246222 0 0.159451 0.0160162 0.0210952 0.081809 0.048073 0.0388879 
trait 3 0.506063 0.218531 0.414957 0.0375117 0.0613444 0.00615886 0.12169 0.0338293 
node 1 2 1 3
node 2 2 1 1
node 3 1 1 1
node 4 1 0 2
gene 1 1 4 8 0 1 8 1
gene 2 2 4 -4.44091 0 2 -4.44091 1
gene 2 3 4 -7.7891 0 3 -7.7891 1
genomeend 11

/* Organism #12 Fitness: 3.99975 Error: 2.00006 */
genomestart 12
trait 1 0.50845 0.0289444 0.172947 0.339862 0.027675 0.0420399 0.0419786 0.381253 
trait 2 0.215444 0 0.159451 0.0140142 0.0210952 0.0910608 0.0420639 0.0366349 
trait 3 0.627949 0.218531 0.384927 0.0789236 0.0437667 0.00615886 0.12169 0.0338293 
node 1 2 1 3
node 2 3 1 1
node 3 1 1 1
node 4 1 0 2
gene 1 1 4 -1.96608 0 1 -1.96608 1
gene 2 2 4 -3.15288 0 2 -3.15288 1
gene 2 3 4 -5.96061 0 3 -5.96061 1
genomeend 12

/* Organism #13 Fitness: 4 Error: 2 */
genomestart 13
trait 1 0.336793 0.0337685 0.169285 0.22971 0.0396735 0.046226 0.0489751 0.331355 
trait 2 0.230833 0 0.159451 0.0150152 0.0210952 0.0821773 0.0450685 0.0366349 
trait 3 0.661916 0.494506 0.371978 0.0880396 0.27018 0.00384929 0.12169 0.0338293 
node 1 2 1 3
node 2 3 1 1
node 3 1 1 1
node 4 1 0 2
gene 2 1 4 6.44745 0 1 6.44745 1
gene 2 2 4 -2.15272 0 2 -2.15272 1
gene 2 3 4 -0.564397 0 3 -0.564397 1
genomeend 13

/* Organism #14 Fitness: 8.99996 Error: 1.00001 */
genomestart 14
trait 1 0.161592 0.0337685 0.169763 0.229799 0.0528779 0.0466317 0.0489751 0.273114 
trait 2 0.246222 0 0.159451 0.0160162 0.0210952 0.074713 0.048073 0.0370104 
trait 3 0.660918 0.586497 0.373533 0.088393 0.34408 0.00307943 0.12169 0.0338293 
node 1 2 1 3
node 2 3 1 1
node 3 1 1 1
node 4 1 0 2
gene 2 1 4 8 0 1 8 1
gene 2 2 4 -5.35754 0 2 -5.35754 1
gene 2 3 4 -5.32885 0 3 -5.32885 1
genomeend 14

/* Organism #15 Fitness: 8.99109 Error: 1.00149 */
genomestart 15
trait 1 0.1532 0.0337685 0.17969 0.230134 0.0556213 0.053774 0.0489751 0.25381 
trait 2 0.246222 0 0.159451 0.0160162 0.0210952 0.0761322 0.048073 0.0373859 
trait 3 0.560015 0.310523 0.410827 0.0606917 0.11805 0.005389 0.12169 0.0338293 
node 1 2 1 3
node 2 3 1 1
node 3 1 1 1
node 4 1 0 2
gene 1 1 4 8 0 1 8 1
gene 2 2 4 -6.54575 0 2 -6.54575 1
gene 2 3 4 -6.52765 0 3 -6.52765 1
genomeend 15

/* Organism #16 Fitness: 4.01371 Error: 1.99658 */
genomestart 16
trait 1 0.148204 0.0385926 0.186224 0.120408 0.0572719 0.0650978 0.0559715 0.242019 
trait 2 0.246222 0 0.159451 0.0160162 0.0210952 0.0775514 0.048073 0.0377614 
trait 3 0.493811 0.218531 0.434031 0.0418472 0.0441587 0.00615886 0.12169 0.0338293 
node 1 2 1 3
node 2 2 1 1
node 3 1 1 1
node 4 1 0 2
gene 1 1 4 5.88406 0 1 5.88406 1
gene 2 2 4 -3.36756 0 2 -3.36756 1
gene 2 3 4 -7.03592 0 3 -7.03592 1
genomeend 16

/* Organism #17 Fitness: 4.0055 Error: 1.99862 */
genomestart 17
trait 1 0.0963122 0.0385926 1 0 0.0600379 0 0.97296 0.598773 
trait 2 0.246222 0 0.159451 0.0160162 0.0210952 0.0732938 0.048073 0.0366349 
trait 3 0.48156 0.218531 0.453104 0.0461827 0.0269729 0.00615886 0.12169 0.0338293 
node 1 2 1 3
node 2 3 1 1
node 3 1 1 1
node 4 1 0 2
gene 1 1 4 -2.30377 0 1 -2.30377 1
gene 2 2 4 0.96773 0 2 0.96773 1
gene 2 3 4 -5.32885 0 3 -5.32885 1
genomeend 17

/* Organism #18 Fitness: 8.98032 Error: 1.00328 */
genomestart 18
trait 1 0.156155 0.0385926 0.1779 0.119643 0.0545059 0.0585078 0.0559715 0.260661 
trait 2 0.246222 0 0.159451 0.0160162 0.0210952 0.081809 0.048073 0.0388879 
trait 3 0.506063 0.218531 0.414957 0.0375117 0.0613444 0.00615886 0.12169 0.0338293 
node 1 2 1 3
node 2 2 1 1
node 3 1 1 1
node 4 1 0 2
gene 1 1 4 7.08901 0 1 7.08901 1
gene 2 2 4 -5.20345 0 2 -5.20345 1
gene 2 3 4 -3.05217 0 3 -3.05217 1
genomeend 18

/* Organism #19 Fitness: 1.12234 Error: 2.94059 */
genomestart 19
trait 1 0.148351 0.0385926 0.185475 0.120228 0.0571588 0.0646967 0.0559715 0.242848 
trait 2 0.246222 0 0.0244658 0.0160162 0 0.0761322 0.048073 0 
trait 3 0.494078 0.218531 0.433616 0.041753 0.0445323 0.00615886 0.12169 0.0338293 
node 1 2 1 3
node 2 3 1 1
node 3 1 1 1
node 4 1 0 2
gene 1 1 4 0.560918 0 1 0.560918 1
gene 2 2 4 -5.66315 0 2 -5.66315 1
gene 2 3 4 -6.11641 0 3 -6.11641 1
genomeend 19

/* Organism #20 Fitness: 7.10825 Error: 1.33387 */
genomestart 20
trait 1 0.165136 0.0385926 0.165622 0.119559 0.0516721 0.0504121 0.0559715 0.281457 
trait 2 0.246222 0 0.159451 0.0160162 0.0210952 0.0732938 0.048073 0.0366349 
trait 3 0.695884 0.77048 0.359028 0.0971555 0.496593 0.00153971 0.12169 0.0338293 
node 1 2 1 3
node 2 3 1 1
node 3 1 1 1
node 4 1 0 2
gene 2 1 4 7.00113 0 1 7.00113 1
gene 2 2 4 -5.36278 0 2 -5.36278 1
gene 2 3 4 -6.86057 0 3 -6.86057 1
genomeend 20

/* Organism #21 Fitness: 8.99996 Error: 1.00001 */
genomestart 21
trait 1 0.145766 0.0385926 0.188971 0.120652 0.0581235 0.0671899 0.0559715 0.236219 
trait 2 0.246222 0 0.159451 0.0160162 0.0210952 0.0761322 0.048073 0.0373859 
trait 3 0.490882 0.218531 0.438592 0.042884 0.040049 0.00615886 0.12169 0.0338293 
node 1 2 1 3
node 2 2 1 1
node 3 1 1 1
node 4 1 0 2
gene 1 1 4 8 0 1 8 1
gene 2 2 4 -5.3523 0 2 -5.3523 1
gene 2 3 4 -5.32885 0 3 -5.32885 1
genomeend 21

/* Organism #22 Fitness: 8.12239 Error: 1.15002 */
genomestart 22
trait 1 0.147327 0.0385926 0.18689 0.120382 0.0575357 0.0656885 0.0559715 0.240234 
trait 2 0.246222 0 0.159451 0.0160162 0.0210952 0.0761322 0.048073 0.0373859 
trait 3 0.49208 0.218531 0.436726 0.0424598 0.0417302 0.00615886 0.12169 0.0338293 
node 1 2 1 3
node 2 3 1 1
node 3 1 1 1
node 4 1 0 2
gene 1 1 4 6.36081 0 1 6.36081 1
gene 2 2 4 -6.00851 0 2 -6.00851 1
gene 3 3 4 -4.32154 0 3 -4.32154 1
genomeend 22

/* Organism #23 Fitness: 8.99996 Error: 1.00001 */
genomestart 23
trait 1 0.158048 0.0289444 0.173905 0.340039 0.0540838 0.0428512 0.0419786 0.264771 
trait 2 0.246222 0 0.159451 0.0160162 0.0210952 0.0761322 0.048073 0.0373859 
trait 3 0.625952 0.402514 0.388037 0.0796305 0.191568 0.00461914 0.12169 0.0338293 
node 1 2 1 3
node 2 3 1 1
node 3 1 1 1
node 4 1 0 2
gene 1 1 4 8 0 1 8 1
gene 2 2 4 -5.35754 0 2 -5.35754 1
gene 2 3 4 -5.32885 0 3 -5.32885 1
genomeend 23

/* Organism #24 Fitness: 4.23897 Error: 1.94112 */
genomestart 24
trait 1 0.146943 0.0385926 0.186827 0.120707 0.0577768 0.0659732 0.0559715 0.239025 
trait 2 0.246222 0 0.159451 0.0160162 0.0210952 0.074713 0.048073 0.0370104 
trait 3 0.520521 0.310523 0.43238 0.0535315 0.109788 0.005389 0.12169 0.0338293 
node 1 2 1 3
node 2 3 1 1
node 3 1 1 1
node 4 1 0 2
gene 1 1 4 6.95778 0 1 6.95778 1
gene 2 2 4 -4.98883 0 2 -4.98883 1
gene 2 3 4 -7.5204 0 3 -7.5204 1
genomeend 24

/* Organism #25 Fitness: 8.97692 Error: 1.00385 */
genomestart 25
trait 1 0.147327 0.0385926 0.18689 0.120382 0.0575357 0.0656885 0.0559715 0.240234 
trait 2 0.246222 0 0.159451 0.0160162 0.0210952 0.0761322 0.048073 0.0373859 
trait 3 0.49208 0.218531 0.436726 0.0424598 0.0417302 0.00615886 0.12169 0.0338293 
node 1 2 1 3
node 2 3 1 1
node 3 1 1 1
node 4 1 0 2
gene 1 1 4 8 0 1 8 1
gene 2 2 4 -5.70127 0 2 -5.70127 1
gene 3 3 4 -6.87103 0 3 -6.87103 1
genomeend 25

/* Organism #26 Fitness: 8.98844 Error: 1.00193 */
genomestart 26
trait 1 0.144346 0.0385926 0.189803 0.120879 0.0586511 0.0681801 0.0559715 0.232973 
trait 2 0.215444 0 0.139519 0.129102 0.0568274 0.104187 0.0420639 0.0366349 
trait 3 0.487153 0.218531 0.444396 0.0442035 0.0348186 0.00615886 0.12169 0.0338293 
node 1 2 1 3
node 2 3 1 1
node 3 1 1 1
node 4 1 0 2
gene 1 1 4 8 0 1 8 1
gene 2 2 4 -3.49781 0 2 -3.49781 1
gene 2 3 4 -5.77316 0 3 -5.77316 1
genomeend 26

/* Organism #27 Fitness: 8.9702 Error: 1.00497 */
genomestart 27
trait 1 0.160646 0.0385926 0.171761 0.119601 0.053089 0.0544599 0.0559715 0.271059 
trait 2 0.246222 0 0.159451 0.0160162 0.0210952 0.0775514 0.048073 0.0377614 
trait 3 0.600973 0.494506 0.386993 0.0673336 0.278969 0.00384929 0.12169 0.0338293 
node 1 2 1 3
node 2 2 1 1
node 3 1 1 1
node 4 1 0 2
gene 2 1 4 8 0 1 8 1
gene 2 2 4 -4.23228 0 2 -4.23228 1
gene 2 3 4 -4.84386 0 3 -4.84386 1
genomeend 27

/* Organism #28 Fitness: 3.19225 Error: 2.21331 */
genomestart 28
trait 1 0.14269 0.0385926 0.191801 0.120927 0.0591862 0.0695957 0.0559715 0.229177 
trait 2 0.246222 0 0.159451 0.0160162 0.0210952 0.074713 0.048073 0.0370104 
trait 3 0.484489 0.218531 0.448543 0.045146 0.0310825 0.00615886 0.12169 0.0338293 
node 1 2 1 3
node 2 3 1 1
node 3 1 1 1
node 4 1 0 2
gene 1 1 4 6.99233 0 1 6.99233 1
gene 2 2 4 -6.72771 0 2 -6.72771 1
gene 2 3 4 1.36085 0 3 1.36085 1
genomeend 28

/* Organism #29 Fitness: 7.95071 Error: 1.1803 */
genomestart 29
trait 1 0.1532 0.0337685 0.17969 0.230134 0.0556213 0.053774 0.0489751 0.25381 
trait 2 0.246222 0 0.159451 0.0160162 0.0210952 0.0761322 0.048073 0.0373859 
trait 3 0.560015 0.310523 0.410827 0.0606917 0.11805 0.005389 0.12169 0.0338293 
node 1 2 1 3
node 2 3 1 1
node 3 1 1 1
node 4 1 0 2
gene 1 1 4 6.23377 0 1 6.23377 1
gene 2 2 4 -3.46499 0 2 -3.46499 1
gene 2 3 4 -5.92625 0 3 -5.92625 1
genomeend 29

/* Organism #30 Fitness: 8.99996 Error: 1.00001 */
genomestart 30
trait 1 0.326789 0.0337685 0.181001 0.230272 0.0430048 0.0547717 0.0489751 0.308115 
trait 2 0.230833 0 0.159451 0.0150152 0.0210952 0.0835965 0.0450685 0.0370104 
trait 3 0.557684 0.218531 0.414455 0.0615164 0.0394794 0.00615886 0.12169 0.0338293 
node 1 2 1 3
node 2 3 1 1
node 3 1 1 1
node 4 1 0 2
gene 1 1 4 8 0 1 8 1
gene 2 2 4 -5.3523 0 2 -5.3523 1
gene 2 3 4 -5.32906 0 3 -5.32906 1
genomeend 30

/* Organism #31 Fitness: 8.99996 Error: 1.00001 */
genomestart 31
trait 1 0.331042 0.0337685 0.176027 0.230052 0.0415954 0.0511493 0.0489751 0.317963 
trait 2 0.230833 0 0.159451 0.0150152 0.0210952 0.0835965 0.0450685 0.0370104 
trait 3 0.593715 0.310523 0.398292 0.0699019 0.118185 0.005389 0.12169 0.0338293 
node 1 2 1 3
node 2 3 1 1
node 3 1 1 1
node 4 1 0 2
gene 1 1 4 8 0 1 8 1
gene 2 2 4 -5.3523 0 2 -5.3523 1
gene 2 3 4 -5.32885 0 3 -5.32885 1
genomeend 31

/* Organism #32 Fitness: 2.03473 Error: 2.57356 */
genomestart 32
trait 1 0.152298 0.0385926 0.181479 0.120114 0.0558851 0.0615901 0.0559715 0.251615 
trait 2 0.215444 0 0.139519 0.129102 0.0568274 0.108445 0.0420639 0.0377614 
trait 3 0.499404 0.218531 0.425323 0.0398679 0.0520043 0.00615886 0.12169 0.0338293 
node 1 2 1 3
node 2 2 1 1
node 3 1 1 1
node 4 1 0 2
gene 1 1 4 5.9777 0 1 5.9777 1
gene 2 2 4 -6.2012 0 2 -6.2012 1
gene 2 3 4 -6.29006 0 3 -6.29006 1
genomeend 32

/* Organism #33 Fitness: 8.99996 Error: 1.00001 */
genomestart 33
trait 1 0.156743 0.0385926 0.175549 0.119893 0.0544154 0.0575544 0.0559715 0.262153 
trait 2 0.246222 0 0.159451 0.0160162 0.0210952 0.074713 0.048073 0.0370104 
trait 3 0.594981 0.494506 0.396322 0.0694542 0.270563 0.00384929 0.12169 0.0338293 
node 1 2 1 3
node 2 3 1 1
node 3 1 1 1
node 4 1 0 2
gene 2 1 4 8 0 1 8 1
gene 2 2 4 -5.36278 0 2 -5.36278 1
gene 2 3 4 -5.32885 0 3 -5.32885 1
genomeend 33

/* Organism #34 Fitness: 4.00001 Error: 2 */
genomestart 34
trait 1 0.144302 0.0385926 0.190011 0.1207 0.0585983 0.0681923 0.0559715 0.233112 
trait 2 0.246222 0 0.159451 0.0160162 0.0210952 0.074713 0.048073 0.0370104 
trait 3 0.487819 0.218531 0.44336 0.0439678 0.0357526 0.00615886 0.12169 0.0338293 
node 1 2 1 3
node 2 3 1 1
node 3 1 1 1
node 4 1 0 2
gene 1 1 4 8 0 1 8 1
gene 2 2 4 -1.9404 0 2 -1.9404 1
gene 2 3 4 -3.39977 0 3 -3.39977 1
genomeend 34

/* Organism #35 Fitness: 8.99902 Error: 1.00016 */
genomestart 35
trait 1 0.140252 0.0385926 0.194548 0.121172 0.0600379 0.0716878 0.0559715 0.223377 
trait 2 0.246222 0 0.159451 0.0160162 0.0210952 0.0732938 0.048073 0.0366349 
trait 3 0.48156 0.218531 0.453104 0.0461827 0.0269729 0.00615886 0.12169 0.0338293 
node 1 2 1 3
node 2 3 1 1
node 3 1 1 1
node 4 1 0 2
gene 1 1 4 8 0 1 8 1
gene 2 2 4 -5.34183 0 2 -5.34183 1
gene 2 3 4 -6.22619 0 3 -6.22619 1
genomeend 35

/* Organism #36 Fitness: 4 Error: 2 */
genomestart 36
trait 1 0.144302 0.0385926 0.190011 0.1207 0.0585983 0.0681923 0.0559715 0.233112 
trait 2 0.246222 0 0.159451 0.0160162 0.0210952 0.074713 0.048073 0.0370104 
trait 3 0.487819 0.218531 0.44336 0.0439678 0.0357526 0.00615886 0.12169 0.0338293 
node 1 3 1 3
node 2 3 1 1
node 3 1 1 1
node 4 1 0 2
gene 1 1 4 8 0 1 8 1
gene 2 2 4 -4.0761 0 2 -4.0761 1
gene 2 3 4 -0.346819 0 3 -0.346819 1
genomeend 36

/* Organism #37 Fitness: 5.42768 Error: 1.67026 */
genomestart 37
trait 1 0.145766 0.0385926 0.188971 0.120652 0.0581235 0.0671899 0.0559715 0.236219 
trait 2 0.246222 0 0.159451 0.0160162 0.0210952 0.0761322 0.048073 0.0373859 
trait 3 0.490882 0.218531 0.438592 0.042884 0.040049 0.00615886 0.12169 0.0338293 
node 1 2 1 3
node 2 3 1 1
node 3 1 1 1
node 4 1 0 2
gene 1 1 4 6.94536 0 1 6.94536 1
gene 2 2 4 -7.08909 0 2 -7.08909 1
gene 2 3 4 -5.33226 0 3 -5.33226 1
genomeend 37

/* Organism #38 Fitness: 5.24229 Error: 1.71039 */
genomestart 38
trait 1 0.154402 0 0.447455 0 0.0550335 0 0.269567 0 
trait 2 0.246222 0 0.159451 0.0160162 0.0210952 0.0789706 0.048073 0.0381369 
trait 3 0.5026 0.218531 0.420348 0.0387369 0.0564876 0.00615886 0.12169 0.0338293 
node 1 2 1 3
node 2 2 1 1
node 3 1 1 1
node 4 1 0 2
gene 3 1 4 7.50941 0 1 7.50941 1
gene 2 2 4 -7.51139 0 2 -7.51139 1
gene 3 3 4 -7.23785 0 3 -7.23785 1
genomeend 38

/* Organism #39 Fitness: 4.05154 Error: 1.98716 */
genomestart 39
trait 1 0.155131 0.0385926 0.177338 0.120121 0.0550033 0.0589578 0.0559715 0.258218 
trait 2 0.246222 0 0.159451 0.0160162 0.0210952 0.074713 0.048073 0.0370104 
trait 3 0.591651 0.494506 0.401505 0.0706324 0.265893 0.00384929 0.12169 0.0338293 
node 1 2 1 3
node 2 3 1 1
node 3 3 1 1
node 4 1 0 2
gene 1 1 4 6.70243 0 1 6.70243 1
gene 2 2 4 -7.58291 0 2 -7.58291 1
gene 2 3 4 -4.78623 0 3 -4.78623 1
genomeend 39

/* Organism #40 Fitness: 3.8553 Error: 2.03651 */
genomestart 40
trait 1 0.160646 0.0385926 0.171761 0.119601 0.053089 0.0544599 0.0559715 0.271059 
trait 2 0.246222 0 0.159451 0.0160162 0.0210952 0.0775514 0.048073 0.0377614 
trait 3 0.600973 0.494506 0.386993 0.0673336 0.278969 0.00384929 0.12169 0.0338293 
node 1 2 1 3
node 2 3 1 1
node 3 1 1 1
node 4 1 0 2
gene 2 1 4 6.37901 0 1 6.37901 1
gene 2 2 4 -5.78208 0 2 -5.78208 1
gene 2 3 4 -7.24703 0 3 -7.24703 1
genomeend 40

/* Organism #41 Fitness: 8.99925 Error: 1.00013 */
genomestart 41
trait 1 0.154402 0.0385926 0.179232 0.119592 0.0550335 0.0596892 0.0559715 0.257092 
trait 2 0.246222 0 0.159451 0.0160162 0.0210952 0.0789706 0.048073 0.0381369 
trait 3 0.5026 0.218531 0.420348 0.0387369 0.0564876 0.00615886 0.12169 0.0338293 
node 1 2 1 3
node 2 2 1 1
node 3 1 1 1
node 4 1 0 2
gene 1 1 4 6.15123 0 1 6.15123 1
gene 2 2 4 -4.12364 0 2 -4.12364 1
gene 3 3 4 -4.12557 0 3 -4.12557 1
genomeend 41

/* Organism #42 Fitness: 8.53349 Error: 1.07879 */
genomestart 42
trait 1 0.137815 0.0385926 0.197295 0.121416 0.0608895 0.07378 0.0559715 0.217577 
trait 2 0.246222 0 0.159451 0.0160162 0.0210952 0.0718746 0.048073 0.0362594 
trait 3 0.47863 0.218531 0.457665 0.0472195 0.0228632 0.00615886 0.12169 0.0338293 
node 1 2 1 3
node 2 3 1 1
node 3 1 1 1
node 4 1 0 2
gene 1 1 4 8 0 1 8 1
gene 2 2 4 -5.12091 0 2 -5.12091 1
gene 2 3 4 -7.50064 0 3 -7.50064 1
genomeend 42

/* Organism #43 Fitness: 3.9998 Error: 2.00005 */
genomestart 43
trait 1 0.156225 0.0337685 0.176568 0.229816 0.0545586 0.0512702 0.0489751 0.260932 
trait 2 0.246222 0 0.159451 0.0160162 0.0210952 0.0775514 0.048073 0.0377614 
trait 3 0.564276 0.310523 0.404192 0.0591837 0.124028 0.005389 0.12169 0.0338293 
node 1 2 1 3
node 2 2 1 1
node 3 1 1 1
node 4 1 0 2
gene 1 1 4 -1.99087 0 1 -1.99087 1
gene 2 2 4 -0.464617 0 2 -0.464617 1
gene 3 3 4 -5.09493 0 3 -5.09493 1
genomeend 43

/* Organism #44 Fitness: 7.56783 Error: 1.24903 */
genomestart 44
trait 1 0.154402 0.0385926 0.179232 0.119592 0.0550335 0.0596892 0.0559715 0.257092 
trait 2 0.246222 0 0.159451 0.0160162 0.0210952 0.0789706 0.048073 0.0381369 
trait 3 0.5026 0.218531 0.420348 0.0387369 0.0564876 0.00615886 0.12169 0.0338293 
node 1 2 1 3
node 2 2 1 1
node 3 1 1 1
node 4 1 0 2
gene 1 1 4 6.15223 0 1 6.15223 1
gene 2 2 4 -4.11065 0 2 -4.11065 1
gene 3 3 4 -5.92803 0 3 -5.92803 1
genomeend 44

/* Organism #45 Fitness: 8.99492 Error: 1.00085 */
genomestart 45
trait 1 0.1532 0.0337685 0.17969 0.230134 0.0556213 0.053774 0.0489751 0.25381 
trait 2 0.246222 0 0.159451 0.0160162 0.0210952 0.0761322 0.048073 0.0373859 
trait 3 0.560015 0.310523 0.410827 0.0606917 0.11805 0.005389 0.12169 0.0338293 
node 1 2 1 3
node 2 3 1 1
node 3 1 1 1
node 4 1 0 2
gene 1 1 4 8 0 1 8 1
gene 2 2 4 -5.40476 0 2 -5.40476 1
gene 2 3 4 -4.03246 0 3 -4.03246 1
genomeend 45

/* Organism #46 Fitness: 8.99395 Error: 1.00101 */
genomestart 46
trait 1 0.156155 0.0385926 0.1779 0.119643 0.0545059 0.0585078 0.0559715 0.260661 
trait 2 0.246222 0 0.159451 0.0160162 0.0210952 0.081809 0.048073 0.0388879 
trait 3 0.506063 0.218531 0.414957 0.0375117 0.0613444 0.00615886 0.12169 0.0338293 
node 1 2 1 3
node 2 2 1 1
node 3 1 1 1
node 4 1 0 2
gene 1 1 4 7.68919 0 1 7.68919 1
gene 2 2 4 -4.73225 0 2 -4.73225 1
gene 2 3 4 -4.35808 0 3 -4.35808 1
genomeend 46

/* Organism #47 Fitness: 8.99996 Error: 1.00001 */
genomestart 47
trait 1 0.155202 0.0385926 0.178275 0.119715 0.05483 0.0590732 0.0559715 0.25868 
trait 2 0.215444 0 0.149485 0.0715583 0.0389613 0.101881 0.0420639 0.0377614 
trait 3 0.503932 0.218531 0.418274 0.0382657 0.0583556 0.00615886 0.12169 0.0338293 
node 1 2 1 3
node 2 2 1 1
node 3 1 1 1
node 4 1 0 2
gene 1 1 4 8 0 1 8 1
gene 2 2 4 -5.35623 0 2 -5.35623 1
gene 3 3 4 -5.32903 0 3 -5.32903 1
genomeend 47

/* Organism #48 Fitness: 8.9992 Error: 1.00013 */
genomestart 48
trait 1 0.146943 0.0385926 0.186827 0.120707 0.0577768 0.0659732 0.0559715 0.239025 
trait 2 0.246222 0 0.159451 0.0160162 0.0210952 0.074713 0.048073 0.0370104 
trait 3 0.520521 0.310523 0.43238 0.0535315 0.109788 0.005389 0.12169 0.0338293 
node 1 2 1 3
node 2 3 1 1
node 3 1 1 1
node 4 1 0 2
gene 1 1 4 8 0 1 8 1
gene 2 2 4 -6.17868 0 2 -6.17868 1
gene 2 3 4 -5.54779 0 3 -5.54779 1
genomeend 48

/* Organism #49 Fitness: 8.99996 Error: 1.00001 */
genomestart 49
trait 1 0.14915 0.0337685 0.184226 0.230606 0.0570608 0.0572695 0.0489751 0.244074 
trait 2 0.246222 0 0.159451 0.0160162 0.0210952 0.074713 0.048073 0.0370104 
trait 3 0.553756 0.310523 0.420571 0.0629066 0.10927 0.005389 0.12169 0.0338293 
node 1 2 1 3
node 2 3 1 1
node 3 1 1 1
node 4 1 0 2
gene 1 1 4 8 0 1 8 1
gene 2 2 4 -5.34969 0 2 -5.34969 1
gene 2 3 4 -5.32906 0 3 -5.32906 1
genomeend 49

/* Organism #50 Fitness: 8.41447 Error: 1.09923 */
genomestart 50
trait 1 0.154402 0.0385926 0.179232 0.119592 0.0550335 0.0596892 0.0559715 0.257092 
trait 2 0.246222 0 0.159451 0.0160162 0.0210952 0.0789706 0.048073 0.0381369 
trait 3 0.5026 0.218531 0.420348 0.0387369 0.0564876 0.00615886 0.12169 0.0338293 
node 1 2 1 3
node 2 2 1 1
node 3 1 1 1
node 4 1 0 2
gene 1 1 4 7.29154 0 1 7.29154 1
gene 2 2 4 -6.84356 0 2 -6.84356 1
gene 3 3 4 -5.01897 0 3 -5.01897 1
genomeend 50

/* Organism #51 Fitness: 4.98759 Error: 1.76671 */
genomestart 51
trait 1 0.137815 0.0385926 0.197295 0.121416 0.0608895 0.07378 0.0559715 0.217577 
trait 2 0.246222 0 0.159451 0.0160162 0.0210952 0.0718746 0.048073 0.0362594 
trait 3 0.47863 0.218531 0.457665 0.0472195 0.0228632 0.00615886 0.12169 0.0338293 
node 1 2 1 3
node 2 3 1 1
node 3 1 1 1
node 4 1 0 2
gene 1 1 4 8 0 1 8 1
gene 2 2 4 -4.59056 0 2 -4.59056 1
gene 2 3 4 -3.16782 0 3 -3.16782 1
genomeend 51

/* Organism #52 Fitness: 5.04285 Error: 1.75437 */
genomestart 52
trait 1 0.149381 0.0385926 0.184081 0.120463 0.0569252 0.0638811 0.0559715 0.244825 
trait 2 0.246222 0 0.159451 0.0160162 0.0210952 0.0761322 0.048073 0.0373859 
trait 3 0.523451 0.310523 0.427819 0.0524947 0.113898 0.005389 0.12169 0.0338293 
node 1 2 1 3
node 2 3 1 1
node 3 1 1 1
node 4 1 0 2
gene 1 1 4 6.23115 0 1 6.23115 1
gene 2 2 4 -6.45887 0 2 -6.45887 1
gene 2 3 4 -4.42209 0 3 -4.42209 1
genomeend 52

/* Organism #53 Fitness: 8.99996 Error: 1.00001 */
genomestart 53
trait 1 0.152221 0.0385926 0.181188 0.120212 0.0559454 0.0615648 0.0559715 0.251419 
trait 2 0.184666 0 0.129554 0.184644 0.0746935 0.129936 0.0360548 0.0370104 
trait 3 0.499005 0.218531 0.425945 0.0400093 0.0514439 0.00615886 0.12169 0.0338293 
node 1 2 1 3
node 2 2 1 1
node 3 1 1 1
node 4 1 0 2
gene 1 1 4 8 0 1 8 1
gene 2 2 4 -5.3523 0 2 -5.3523 1
gene 2 3 4 -5.32885 0 3 -5.32885 1
genomeend 53

/* Organism #54 Fitness: 8.99996 Error: 1.00001 */
genomestart 54
trait 1 0.135378 0.0385926 0.200042 0.121661 0.0617412 0.0758721 0.0559715 0.211777 
trait 2 0.246222 0 0.159451 0.0160162 0.0210952 0.0704554 0.048073 0.0358839 
trait 3 0.4757 0.218531 0.462226 0.0482562 0.0187536 0.00615886 0.12169 0.0338293 
node 1 2 1 3
node 2 3 1 1
node 3 1 1 1
node 4 1 0 2
gene 1 1 4 8 0 1 8 1
gene 2 2 4 -5.34183 0 2 -5.34183 1
gene 2 3 4 -5.32885 0 3 -5.32885 1
genomeend 54

/* Organism #55 Fitness: 8.78051 Error: 1.03681 */
genomestart 55
trait 1 0.156155 0.0385926 0.1779 0.119643 0.0545059 0.0585078 0.0559715 0.260661 
trait 2 0.246222 0 0.159451 0.0160162 0.0210952 0.081809 0.048073 0.0388879 
trait 3 0.506063 0.218531 0.414957 0.0375117 0.0613444 0.00615886 0.12169 0.0338293 
node 1 2 1 3
node 2 2 1 1
node 3 1 1 1
node 4 1 0 2
gene 1 1 4 8 0 1 8 1
gene 2 2 4 -7.33705 0 2 -7.33705 1
gene 2 3 4 -4.6576 0 3 -4.6576 1
genomeend 55

/* Organism #56 Fitness: 7.89392 Error: 1.19039 */
genomestart 56
trait 1 0.137815 0.0385926 0.197295 0.121416 0.0608895 0.07378 0.0559715 0.217577 
trait 2 0.246222 0 0.159451 0.0160162 0.0210952 0.0718746 0.048073 0.0362594 
trait 3 0.47863 0.218531 0.457665 0.0472195 0.0228632 0.00615886 0.12169 0.0338293 
node 1 2 1 3
node 2 3 1 1
node 3 1 1 1
node 4 1 0 2
gene 1 1 4 7.95868 0 1 7.95868 1
gene 2 2 4 -7.66473 0 2 -7.66473 1
gene 2 3 4 -4.47205 0 3 -4.47205 1
genomeend 56

/* Organism #57 Fitness: 4.00732 Error: 1.99817 */
genomestart 57
trait 1 0.157102 0.0337685 0.175902 0.229841 0.0542949 0.0506795 0.0489751 0.262716 
trait 2 0.246222 0 0.159451 0.0160162 0.0210952 0.0789706 0.048073 0.0381369 
trait 3 0.566007 0.310523 0.401497 0.0585711 0.126456 0.005389 0.12169 0.0338293 
node 1 1 1 3
node 2 3 1 1
node 3 1 1 1
node 4 1 0 2
gene 2 1 4 6.47981 0 1 6.47981 1
gene 2 2 4 -7.7588 0 2 -7.7588 1
gene 2 3 4 -4.04285 0 3 -4.04285 1
genomeend 57

/* Organism #58 Fitness: 8.99427 Error: 1.00096 */
genomestart 58
trait 1 0.151421 0.0385926 0.182145 0.120088 0.0561489 0.0621808 0.0559715 0.249831 
trait 2 0.215444 0 0.139519 0.129102 0.0568274 0.107025 0.0420639 0.0373859 
trait 3 0.497673 0.218531 0.428018 0.0404806 0.0495759 0.00615886 0.12169 0.0338293 
node 1 2 1 3
node 2 2 1 1
node 3 1 1 1
node 4 1 0 2
gene 1 1 4 8 0 1 8 1
gene 2 2 4 -6.57991 0 2 -6.57991 1
gene 2 3 4 -3.48925 0 3 -3.48925 1
genomeend 58

/* Organism #59 Fitness: 8.78887 Error: 1.0354 */
genomestart 59
trait 1 0.135378 0.0385926 0.200042 0.121661 0.0617412 0.0758721 0.0559715 0.211777 
trait 2 0.246222 0 0.159451 0.0160162 0.0210952 0.0704554 0.048073 0.0358839 
trait 3 0.4757 0.218531 0.462226 0.0482562 0.0187536 0.00615886 0.12169 0.0338293 
node 1 2 1 3
node 2 3 1 1
node 3 1 1 1
node 4 1 0 2
gene 1 1 4 8 0 1 8 1
gene 2 2 4 -3.59269 0 2 -3.59269 1
gene 2 3 4 -7.32882 0 3 -7.32882 1
genomeend 59

/* Organism #60 Fitness: 8.99955 Error: 1.00007 */
genomestart 60
trait 1 0.328401 0.0337685 0.179211 0.230045 0.0424169 0.0533683 0.0489751 0.31205 
trait 2 0.230833 0 0.159451 0.0150152 0.0210952 0.0835965 0.0450685 0.0370104 
trait 3 0.561013 0.218531 0.409272 0.0603383 0.0441495 0.00615886 0.12169 0.0338293 
node 1 2 1 3
node 2 3 1 1
node 3 1 1 1
node 4 1 0 2
gene 1 1 4 8 0 1 8 1
gene 2 2 4 -5.36278 0 2 -5.36278 1
gene 2 3 4 -4.57334 0 3 -4.57334 1
genomeend 60

/* Organism #61 Fitness: 4.2079 Error: 1.94868 */
genomestart 61
trait 1 0.155279 0.0385926 0.178566 0.119618 0.0547697 0.0590985 0.0559715 0.258876 
trait 2 0.246222 0 0.159451 0.0160162 0.0210952 0.0803898 0.048073 0.0385124 
trait 3 0.504332 0.218531 0.417653 0.0381243 0.058916 0.00615886 0.12169 0.0338293 
node 1 2 1 3
node 2 2 1 1
node 3 1 1 1
node 4 1 0 2
gene 1 1 4 8 0 1 8 1
gene 2 2 4 -3.87805 0 2 -3.87805 1
gene 2 3 4 -3.52956 0 3 -3.52956 1
genomeend 61

/* Organism #62 Fitness: 8.99996 Error: 1.00001 */
genomestart 62
trait 1 0.331042 0.0337685 0.176027 0.230052 0.0415954 0.0511493 0.0489751 0.317963 
trait 2 0.230833 0 0.159451 0.0150152 0.0210952 0.0835965 0.0450685 0.0370104 
trait 3 0.593715 0.310523 0.398292 0.0699019 0.118185 0.005389 0.12169 0.0338293 
node 1 2 1 3
node 2 3 1 1
node 3 1 1 1
node 4 1 0 2
gene 1 1 4 8 0 1 8 1
gene 2 2 4 -5.3523 0 2 -5.3523 1
gene 2 3 4 -5.32927 0 3 -5.32927 1
genomeend 62

/* Organism #63 Fitness: 8.99996 Error: 1.00001 */
genomestart 63
trait 1 0.328401 0.0337685 0.179211 0.230045 0.0424169 0.0533683 0.0489751 0.31205 
trait 2 0.230833 0 0.159451 0.0150152 0.0210952 0.0835965 0.0450685 0.0370104 
trait 3 0.561013 0.218531 0.409272 0.0603383 0.0441495 0.00615886 0.12169 0.0338293 
node 1 2 1 3
node 2 3 1 1
node 3 1 1 1
node 4 1 0 2
gene 1 1 4 8 0 1 8 1
gene 2 2 4 -5.35754 0 2 -5.35754 1
gene 2 3 4 -5.32902 0 3 -5.32902 1
genomeend 63

/* Organism #64 Fitness: 8.99996 Error: 1.00001 */
genomestart 64
trait 1 0.155202 0.0385926 0.178275 0.119715 0.05483 0.0590732 0.0559715 0.25868 
trait 2 0.215444 0 0.149485 0.0715583 0.0389613 0.101881 0.0420639 0.0377614 
trait 3 0.503932 0.218531 0.418274 0.0382657 0.0583556 0.00615886 0.12169 0.0338293 
node 1 2 1 3
node 2 2 1 1
node 3 1 1 1
node 4 1 0 2
gene 1 1 4 8 0 1 8 1
gene 2 2 4 -5.3523 0 2 -5.3523 1
gene 2 3 4 -5.32885 0 3 -5.32885 1
genomeend 64

/* Organism #65 Fitness: 8.99996 Error: 1.00001 */
genomestart 65
trait 1 0.14569 0.0385926 0.188679 0.12075 0.0581838 0.0671646 0.0559715 0.236022 
trait 2 0.215444 0 0.149485 0.0715583 0.0389613 0.0976239 0.0420639 0.0366349 
trait 3 0.490482 0.218531 0.439214 0.0430253 0.0394886 0.00615886 0.12169 0.0338293 
node 1 2 1 3
node 2 3 1 1
node 3 1 1 1
node 4 1 0 2
gene 1 1 4 8 0 1 8 1
gene 2 2 4 -5.34707 0 2 -5.34707 1
gene 2 3 4 -5.32885 0 3 -5.32885 1
genomeend 65

/* Organism #66 Fitness: 7.18231 Error: 1.32002 */
genomestart 66
trait 1 0.152605 0.0337685 0.180834 0.23002 0.0557645 0.0543723 0.0489751 0.252511 
trait 2 0.230833 0 0.159451 0.0150152 0.0210952 0.0850157 0.0450685 0.0373859 
trait 3 0.529709 0.218531 0.418075 0.0502798 0.0473764 0.00615886 0.12169 0.0338293 
node 1 2 1 3
node 2 3 1 1
node 3 1 1 1
node 4 1 0 2
gene 1 1 4 7.7462 0 1 7.7462 1
gene 2 2 4 -7.59313 0 2 -7.59313 1
gene 2 3 4 -5.56391 0 3 -5.56391 1
genomeend 66

/* Organism #67 Fitness: 8.99996 Error: 1.00001 */
genomestart 67
trait 1 0.153481 0.0337685 0.180168 0.230046 0.0555007 0.0537815 0.0489751 0.254295 
trait 2 0.230833 0 0.159451 0.0150152 0.0210952 0.0864349 0.0450685 0.0377614 
trait 3 0.531441 0.218531 0.41538 0.0496672 0.0498048 0.00615886 0.12169 0.0338293 
node 1 2 1 3
node 2 3 1 1
node 3 1 1 1
node 4 1 0 2
gene 1 1 4 8 0 1 8 1
gene 2 2 4 -5.36016 0 2 -5.36016 1
gene 2 3 4 -5.32885 0 3 -5.32885 1
genomeend 67

/* Organism #68 Fitness: 8.93883 Error: 1.01021 */
genomestart 68
trait 1 0.333249 0.0289444 0.173426 0.339951 0.0408794 0.0424456 0.0419786 0.323012 
trait 2 0.230833 0 0.159451 0.0150152 0.0210952 0.0835965 0.0450685 0.0370104 
trait 3 0.62695 0.310523 0.386482 0.0792771 0.117667 0.005389 0.12169 0.0338293 
node 1 2 1 3
node 2 3 1 1
node 3 1 1 1
node 4 1 0 2
gene 1 1 4 8 0 1 8 1
gene 2 2 4 -6.93706 0 2 -6.93706 1
gene 2 3 4 -6.92133 0 3 -6.92133 1
genomeend 68

/* Organism #69 Fitness: 8.99993 Error: 1.00001 */
genomestart 69
trait 1 0.14844 0.0385926 0.185059 0.120585 0.0572643 0.0646725 0.0559715 0.24257 
trait 2 0.184666 0 0.119588 0.242188 0.0925596 0.13508 0.0360548 0.0366349 
trait 3 0.492746 0.218531 0.435689 0.0422242 0.0426642 0.00615886 0.12169 0.0338293 
node 1 2 1 3
node 2 2 1 1
node 3 1 1 1
node 4 1 0 2
gene 1 1 4 8 0 1 8 1
gene 2 2 4 -4.94247 0 2 -4.94247 1
gene 2 3 4 -5.57959 0 3 -5.57959 1
genomeend 69

/* Organism #70 Fitness: 8.55565 Error: 1.075 */
genomestart 70
trait 1 0.155202 0.0385926 0.178275 0.119715 0.05483 0.0590732 0.0559715 0.25868 
trait 2 0.215444 0 0.149485 0.0715583 0.0389613 0.101881 0.0420639 0.0377614 
trait 3 0.503932 0.218531 0.418274 0.0382657 0.0583556 0.00615886 0.12169 0.0338293 
node 1 2 1 3
node 2 2 1 1
node 3 1 1 1
node 4 1 0 2
gene 1 1 4 6.76426 0 1 6.76426 1
gene 2 2 4 -6.25405 0 2 -6.25405 1
gene 2 3 4 -3.11099 0 3 -3.11099 1
genomeend 70

/* Organism #71 Fitness: 8.54932 Error: 1.07608 */
genomestart 71
trait 1 0.324351 0.0337685 0.183748 0.230517 0.0438564 0.0568639 0.0489751 0.302315 
trait 2 0.230833 0 0.159451 0.0150152 0.0210952 0.0821773 0.0450685 0.0366349 
trait 3 0.554754 0.218531 0.419016 0.0625532 0.0353698 0.00615886 0.12169 0.0338293 
node 1 2 1 3
node 2 3 1 1
node 3 1 1 1
node 4 1 0 2
gene 2 1 4 8 0 1 8 1
gene 2 2 4 -3.22966 0 2 -3.22966 1
gene 2 3 4 -7.49294 0 3 -7.49294 1
genomeend 71

/* Organism #72 Fitness: 4 Error: 2 */
genomestart 72
trait 1 0.140252 0.0385926 0.194548 0.121172 0.0600379 0.0716878 0.0559715 0.223377 
trait 2 0.246222 0 0.159451 0.0160162 0.0210952 0.0732938 0.048073 0.0366349 
trait 3 0.48156 0.218531 0.453104 0.0461827 0.0269729 0.00615886 0.12169 0.0338293 
node 1 2 1 3
node 2 3 1 1
node 3 1 1 1
node 4 2 0 2
gene 1 1 4 8 0 1 8 1
gene 2 2 4 0.139435 0 2 0.139435 1
gene 2 3 4 -3.97956 0 3 -3.97956 1
genomeend 72

/* Organism #73 Fitness: 8.64292 Error: 1.06012 */
genomestart 73
trait 1 0.140252 0.0385926 0.194548 0.121172 0.0600379 0.0716878 0.0559715 0.223377 
trait 2 0.246222 0 0.159451 0.0160162 0.0210952 0.0732938 0.048073 0.0366349 
trait 3 0.48156 0.218531 0.453104 0.0461827 0.0269729 0.00615886 0.12169 0.0338293 
node 1 2 1 3
node 2 3 1 1
node 3 1 1 1
node 4 1 0 2
gene 1 1 4 8 0 1 8 1
gene 2 2 4 -7.44157 0 2 -7.44157 1
gene 2 3 4 -5.82336 0 3 -5.82336 1
genomeend 73

/* Organism #74 Fitness: 6.2514 Error: 1.49972 */
genomestart 74
trait 1 0.140252 0.0385926 0.194548 0.121172 0.0600379 0.0716878 0.0559715 0.223377 
trait 2 0.246222 0 0.159451 0.0160162 0.0210952 0.0732938 0.048073 0.0366349 
trait 3 0.48156 0.218531 0.453104 0.0461827 0.0269729 0.00615886 0.12169 0.0338293 
node 1 2 1 3
node 2 3 1 1
node 3 1 1 1
node 4 1 0 2
node 117 1 0 0
gene 1 1 4 8 0 1 8 1
gene 2 2 4 -5.34183 0 2 -5.34183 0
gene 2 3 4 -5.32885 0 3 -5.32885 1
gene 2 2 117 1 0 228 0 1
gene 2 117 4 -5.34183 0 229 0 1
genomeend 74
