
/* Species #1 : (Size 9) (AF 7.58256) (Age 30)  */


/* Organism #0 Fitness: 9 Error: 1 */
genomestart 0
trait 1 0.1 0.0129298 0 0 0 0 0.0174352 0 
trait 2 0.2 0.00149005 0.000572036 0.000287602 0.00215243 0 0.0020837 0 
trait 3 0.3 0 0 0 0.0738838 0 0 0 
node 1 1 1 3
node 2 1 1 1
node 3 3 1 1
node 4 1 0 2
gene 1 1 4 -3.99994 0 1 -3.99994 1
gene 3 2 4 8 0 2 8 1
gene 3 3 4 8 0 3 8 1
genomeend 0

/* Organism #1 Fitness: 8.99688 Error: 1.00052 */
genomestart 1
trait 1 0.1 0.0129298 0 0 0 0 0.0174352 0 
trait 2 0.2 0.00149005 0.000572036 0.084806 0.385624 0.340159 0.0020837 0 
trait 3 0.3 0 0 0 0.0738838 0 0 0 
node 1 1 1 3
node 2 1 1 1
node 3 3 1 1
node 4 1 0 2
gene 1 1 4 -1.53532 0 1 -1.53532 1
gene 3 2 4 8 0 2 8 1
gene 3 3 4 8 0 3 8 1
genomeend 1

/* Organism #2 Fitness: 8.99986 Error: 1.00002 */
genomestart 2
trait 1 0.1 0.0129298 0 0 0 0 0.0174352 0 
trait 2 0.2 0.00149005 0.000572036 0.000287602 0.00215243 0 0.0020837 0 
trait 3 0.3 0 0 0 0.0738838 0 0 0 
node 1 1 1 3
node 2 1 1 1
node 3 3 1 1
node 4 1 0 2
gene 1 1 4 -2.16049 0 1 -2.16049 1
gene 3 2 4 5.98732 0 2 5.98732 1
gene 3 3 4 8 0 3 8 1
genomeend 2

/* Organism #3 Fitness: 4.0023 Error: 1.99943 */
genomestart 3
trait 1 0.1 0.0129298 0 0 0 0 0.0174352 0 
trait 2 0.2 0.00149005 0.000572036 0.084806 0.385624 0.340159 0.0020837 0 
trait 3 0.3 0 0 0 0.0738838 0 0 0 
node 1 1 1 3
node 2 1 1 1
node 3 3 1 1
node 4 1 0 2
gene 1 1 4 1.03633 0 1 1.03633 1
gene 3 2 4 8 0 2 8 1
gene 3 3 4 0.0204113 0 3 0.0204113 1
genomeend 3

/* Organism #4 Fitness: 4 Error: 2 */
genomestart 4
trait 1 0.1 0.0129298 0 0 0 0 0.0174352 0 
trait 2 0.2 0.00149005 0.000572036 0.084806 0.385624 0.340159 0.0020837 0 
trait 3 0.3 0 0 0 0.0738838 0 0 0 
node 1 1 1 3
node 2 1 1 1
node 3 3 1 1
node 4 1 0 2
gene 1 1 4 -3.88074 0 1 -3.88074 1
gene 3 2 4 -0.85745 0 2 -0.85745 1
gene 3 3 4 -1.26236 0 3 -1.26236 1
genomeend 4

/* Organism #5 Fitness: 8.99436 Error: 1.00094 */
genomestart 5
trait 1 0.1 0.0129298 0 0 0 0 0.0174352 0 
trait 2 0.2 0.00149005 0.000572036 0.084806 0.385624 0.340159 0.0020837 0 
trait 3 0.3 0 0 0 0.0738838 0 0 0 
node 1 1 1 3
node 2 1 1 1
node 3 3 1 1
node 4 1 0 2
gene 1 1 4 -5.29016 0 1 -5.29016 1
gene 3 2 4 6.70546 0 2 6.70546 1
gene 3 3 4 8 0 3 8 1
genomeend 5

/* Organism #6 Fitness: 9 Error: 1 */
genomestart 6
trait 1 0.1 0.0129298 0 0 0 0 0.0174352 0 
trait 2 0.2 0.00149005 0.000572036 0.0425468 0.193888 0.170079 0.0020837 0 
trait 3 0.3 0 0 0 0.0738838 0 0 0 
node 1 1 1 3
node 2 1 1 1
node 3 3 1 1
node 4 1 0 2
gene 1 1 4 -3.99994 0 1 -3.99994 1
gene 3 2 4 8 0 2 8 1
gene 3 3 4 8 0 3 8 1
genomeend 6

/* Organism #7 Fitness: 9 Error: 1 */
genomestart 7
trait 1 0.1 0.0129298 0 0 0 0 0.0174352 0 
trait 2 0.2 0.00149005 0.000572036 0.084806 0.385624 0.340159 0.0020837 0 
trait 3 0.3 0 0 0 0.0738838 0 0 0 
node 1 1 1 3
node 2 1 1 1
node 3 3 1 1
node 4 1 0 2
gene 1 1 4 -3.65213 0 1 -3.65213 1
gene 3 2 4 8 0 2 8 1
gene 3 3 4 8 0 3 8 1
genomeend 7

/* Organism #8 Fitness: 6.24961 Error: 1.50008 */
genomestart 8
trait 1 0.1 0.0129298 0 0 0 0 0.0174352 0 
trait 2 0.2 0.00149005 0.000572036 0.000287602 0.00215243 0 0.0020837 0 
trait 3 0.3 0 0 0 0.0738838 0 0 0 
node 1 1 1 3
node 2 1 1 1
node 3 3 1 1
node 4 1 0 2
node 81 1 0 0
gene 1 1 4 -3.99994 0 1 -3.99994 1
gene 3 2 4 8 0 2 8 1
gene 3 3 4 8 0 3 8 0
gene 3 3 81 1 0 235 0 1
gene 3 81 4 8 0 236 0 1
genomeend 8

/* Species #2 : (Size 9) (AF 8.05461) (Age 27)  */


/* Organism #9 Fitness: 9 Error: 1 */
genomestart 9
trait 1 0.669008 0 0 0 0 0.0891182 0 0.712394 
trait 2 0.2 0 0 0 0.226536 0 0 0 
trait 3 0.3 0 0 0 0 0 0 0 
node 1 1 1 3
node 2 1 1 1
node 3 1 1 1
node 4 3 0 2
node 9 1 0 0
gene 1 1 4 -3.99946 0 1 -3.99946 1
gene 3 2 4 8 0 2 8 1
gene 1 3 4 3.43344 0 3 3.43344 1
gene 1 3 9 8 0 12 8 1
gene 1 9 4 6.75367 0 13 6.75367 1
gene 1 1 9 -2.68973 0 28 -2.68973 1
gene 2 2 9 1.66898 0 64 1.66898 1
genomeend 9

/* Organism #10 Fitness: 8.99445 Error: 1.00092 */
genomestart 10
trait 1 0.669008 0 0 0 0 0.0891182 0 0.712394 
trait 2 0.2 0 0 0 0.226536 0 0 0 
trait 3 0.3 0 0 0 0 0 0 0 
node 1 1 1 3
node 2 1 1 1
node 3 1 1 1
node 4 3 0 2
node 9 1 0 0
gene 1 1 4 -1.41854 0 1 -1.41854 1
gene 3 2 4 6.80902 0 2 6.80902 1
gene 1 3 4 4.98269 0 3 4.98269 1
gene 1 3 9 8 0 12 8 1
gene 1 9 4 6.75367 0 13 6.75367 1
gene 1 1 9 -4.09794 0 28 -4.09794 1
gene 2 2 9 3.71619 0 64 3.71619 1
genomeend 10

/* Organism #11 Fitness: 8.99999 Error: 1 */
genomestart 11
trait 1 0.669008 0 0 0 0 0.0891182 0 0.712394 
trait 2 0.2 0 0 0 0.226536 0 0 0 
trait 3 0.3 0 0 0 0 0 0 0 
node 1 1 1 3
node 2 1 1 1
node 3 1 1 1
node 4 3 0 2
node 9 1 0 0
gene 1 1 4 -2.85802 0 1 -2.85802 1
gene 3 2 4 5.61916 0 2 5.61916 1
gene 1 3 4 3.5297 0 3 3.5297 1
gene 1 3 9 7.7988 0 12 7.7988 1
gene 1 9 4 8 0 13 8 1
gene 1 1 9 -4.00804 0 28 -4.00804 1
gene 2 2 9 3.11484 0 64 3.11484 1
genomeend 11

/* Organism #12 Fitness: 9 Error: 1 */
genomestart 12
trait 1 0.669008 0 0 0 0 0.0891182 0 0.712394 
trait 2 0.2 0 0 0 0.226536 0 0 0 
trait 3 0.3 0 0 0 0 0 0 0 
node 1 1 1 3
node 2 1 1 1
node 3 1 1 1
node 4 3 0 2
node 9 1 0 0
gene 1 1 4 -3.99946 0 1 -3.99946 1
gene 3 2 4 8 0 2 8 1
gene 1 3 4 3.43344 0 3 3.43344 1
gene 1 3 9 8 0 12 8 1
gene 1 9 4 6.75367 0 13 6.75367 1
gene 1 1 9 -2.68973 0 28 -2.68973 1
gene 2 2 9 1.66898 0 64 1.66898 1
genomeend 12

/* Organism #13 Fitness: 9 Error: 1 */
genomestart 13
trait 1 0.669008 0 0 0 0 0.0891182 0 0.712394 
trait 2 0.2 0 0 0 0.226536 0 0 0 
trait 3 0.3 0 0 0 0 0 0 0 
node 1 1 1 3
node 2 1 1 1
node 3 1 1 1
node 4 3 0 2
node 9 1 0 0
gene 1 1 4 -3.99946 0 1 -3.99946 1
gene 3 2 4 8 0 2 8 1
gene 1 3 4 3.43344 0 3 3.43344 1
gene 1 3 9 8 0 12 8 1
gene 1 9 4 6.75367 0 13 6.75367 1
gene 1 1 9 -2.68973 0 28 -2.68973 1
gene 2 2 9 1.66898 0 64 1.66898 1
genomeend 13

/* Organism #14 Fitness: 5.49844 Error: 1.65512 */
genomestart 14
trait 1 0.669008 0 0 0 0 0.0891182 0 0.712394 
trait 2 0.2 0 0 0 0.226536 0 0 0 
trait 3 0.3 0 0 0 0 0 0 0 
node 1 1 1 3
node 2 1 1 1
node 3 1 1 1
node 4 3 0 2
node 9 1 0 0
gene 1 1 4 -1.50819 0 1 -1.50819 1
gene 3 2 4 8 0 2 8 1
gene 1 3 4 1.24372 0 3 1.24372 1
gene 1 3 9 8 0 12 8 1
gene 1 9 4 8 0 13 8 1
gene 1 1 9 -0.275469 0 28 -0.275469 1
gene 2 2 9 4.07495 0 64 4.07495 1
genomeend 14

/* Organism #15 Fitness: 8.99479 Error: 1.00087 */
genomestart 15
trait 1 0.669008 0 0 0 0 0.0891182 0 0.712394 
trait 2 0.2 0 0 0 0.226536 0 0 0 
trait 3 0.3 0 0 0 0 0 0 0 
node 1 1 1 3
node 2 1 1 1
node 3 1 1 1
node 4 3 0 2
node 9 1 0 0
gene 1 1 4 -5.58137 0 1 -5.58137 1
gene 3 2 4 6.76416 0 2 6.76416 1
gene 1 3 4 4.54055 0 3 4.54055 1
gene 1 3 9 8 0 12 8 1
gene 1 9 4 6.48925 0 13 6.48925 1
gene 1 1 9 -0.676508 0 28 -0.676508 1
gene 2 2 9 0.0218367 0 64 0.0218367 1
genomeend 15

/* Organism #16 Fitness: 4.0041 Error: 1.99898 */
genomestart 16
trait 1 0.669008 0 0 0 0 0.0891182 0 0.712394 
trait 2 0.2 0 0 0 0.226536 0 0 0 
trait 3 0.3 0 0 0 0 0 0 0 
node 1 1 1 3
node 2 1 1 1
node 3 1 1 1
node 4 3 0 2
node 9 1 0 0
gene 1 1 4 1.39781 0 1 1.39781 1
gene 3 2 4 7.1799 0 2 7.1799 1
gene 1 3 4 4.10225 0 3 4.10225 1
gene 1 3 9 -0.0307448 0 12 -0.0307448 1
gene 1 9 4 8 0 13 8 1
gene 1 1 9 -2.68973 0 28 -2.68973 1
gene 2 2 9 0.812942 0 64 0.812942 1
genomeend 16

/* Organism #17 Fitness: 8.99968 Error: 1.00005 */
genomestart 17
trait 1 0.669008 0 0 0 0 0.0891182 0 0.712394 
trait 2 0.2 0 0 0 0.226536 0 0 0 
trait 3 0.3 0 0 0 0 0 0 0 
node 1 1 1 3
node 2 1 1 1
node 3 1 1 1
node 4 3 0 2
node 9 1 0 0
gene 2 1 4 -1.99966 0 1 -1.99966 1
gene 3 2 4 8 0 2 8 1
gene 1 3 4 1.03041 0 3 1.03041 1
gene 1 3 9 5.87993 0 12 5.87993 1
gene 1 9 4 6.59447 0 13 6.59447 1
gene 1 1 9 -2.30142 0 28 -2.30142 1
gene 2 2 9 -0.810192 0 64 -0.810192 1
genomeend 17

/* Species #3 : (Size 9) (AF 6.12599) (Age 26)  */


/* Organism #18 Fitness: 8.99936 Error: 1.00011 */
genomestart 18
trait 1 0.1 0 0 0 0 0 0 0 
trait 2 0.4 0.0233353 0 0.454165 0 0.162112 0 0.24498 
trait 3 0.3 0 0 0 0 0 0 0 
node 1 1 1 3
node 2 3 1 1
node 3 3 1 1
node 4 1 0 2
node 11 1 0 0
gene 3 1 4 -6.00702 0 1 -6.00702 1
gene 3 2 4 4.8046 0 2 4.8046 1
gene 2 3 4 1.96644 0 3 1.96644 0
gene 2 3 11 7.79405 0 16 7.79405 1
gene 2 11 4 8 0 17 8 1
genomeend 18

/* Organism #19 Fitness: 8.99627 Error: 1.00062 */
genomestart 19
trait 1 0.1 0 0 0 0 0 0 0 
trait 2 0.5 0.0350029 0 0.545138 0 0.243168 0 0.24498 
trait 3 0.3 0 0 0 0 0 0 0 
node 1 1 1 3
node 2 3 1 1
node 3 3 1 1
node 4 1 0 2
node 11 1 0 0
gene 3 1 4 -4.95292 0 1 -4.95292 1
gene 3 2 4 5.97544 0 2 5.97544 1
gene 2 3 4 0.958528 0 3 0.958528 0
gene 2 3 11 8 0 16 8 1
gene 2 11 4 6.56728 0 17 6.56728 1
genomeend 19

/* Organism #20 Fitness: 4.00688 Error: 1.99828 */
genomestart 20
trait 1 0.1 0 0 0 0 0 0 0 
trait 2 0.5 0.0350029 0 0.545138 0 0.243168 0 0.24498 
trait 3 0.3 0 0 0 0 0 0 0 
node 1 1 1 3
node 2 3 1 1
node 3 3 1 1
node 4 1 0 2
node 11 1 0 0
gene 3 1 4 -4.28984 0 1 -4.28984 1
gene 3 2 4 -0.518544 0 2 -0.518544 1
gene 2 3 4 1.32015 0 3 1.32015 0
gene 2 3 11 7.10643 0 16 7.10643 1
gene 2 11 4 5.95949 0 17 5.95949 1
genomeend 20

/* Organism #21 Fitness: 8.99935 Error: 1.00011 */
genomestart 21
trait 1 0.1 0 0 0 0 0 0 0 
trait 2 0.6 0.0466706 0 0.63611 0 0.324224 0 0.24498 
trait 3 0.3 0 0 0 0 0 0 0 
node 1 1 1 3
node 2 1 1 1
node 3 3 1 1
node 4 1 0 2
node 11 1 0 0
gene 3 1 4 -6.04017 0 1 -6.04017 1
gene 3 2 4 5.54428 0 2 5.54428 1
gene 2 3 4 1.45503 0 3 1.45503 0
gene 2 3 11 6.41882 0 16 6.41882 1
gene 2 11 4 8 0 17 8 1
genomeend 21

/* Organism #22 Fitness: 6.80884 Error: 1.39062 */
genomestart 22
trait 1 0.1 0 0 0 0 0 0 0 
trait 2 0.4 0.0233353 0 0.454165 0 0.162112 0 0.24498 
trait 3 0.3 0 0 0 0 0 0 0 
node 1 1 1 3
node 2 3 1 1
node 3 3 1 1
node 4 1 0 2
node 11 1 0 0
gene 3 1 4 -6.00702 0 1 -6.00702 1
gene 3 2 4 4.8046 0 2 4.8046 1
gene 2 3 4 1.96644 0 3 1.96644 0
gene 2 3 11 7.79405 0 16 7.79405 1
gene 2 11 4 8 0 17 8 1
gene 2 2 11 -0.334335 0 237 -0.334335 1
genomeend 22

/* Organism #23 Fitness: 2.35745 Error: 2.4646 */
genomestart 23
trait 1 0.1 0 0 0 0 0 0 0 
trait 2 0.6 0.0466706 0 0.63611 0 0.324224 0 0.24498 
trait 3 0.3 0 0 0 0 0 0 0 
node 1 1 1 3
node 2 3 1 1
node 3 3 1 1
node 4 1 0 2
node 11 1 0 0
gene 3 1 4 -7.43989 0 1 -7.43989 1
gene 3 2 4 4.40458 0 2 4.40458 1
gene 2 3 4 -0.794563 0 3 -0.794563 0
gene 2 3 11 4.78126 0 16 4.78126 1
gene 2 11 4 6.12569 0 17 6.12569 1
genomeend 23

/* Organism #24 Fitness: 4 Error: 2 */
genomestart 24
trait 1 0.1 0 0 0 0 0 0 0 
trait 2 0.6 0.0466706 0 0.63611 0 0.324224 0 0.24498 
trait 3 0.3 0 0 0 0 0 0 0 
node 1 1 1 3
node 2 3 1 1
node 3 3 1 1
node 4 1 0 2
node 11 1 0 0
gene 3 1 4 1.09933 0 1 1.09933 1
gene 3 2 4 5.78117 0 2 5.78117 1
gene 2 3 4 1.71222 0 3 1.71222 0
gene 2 3 11 5.72497 0 16 5.72497 1
gene 2 11 4 7.75197 0 17 7.75197 1
genomeend 24

/* Organism #25 Fitness: 3.57143 Error: 2.11018 */
genomestart 25
trait 1 0.1 0 0 0 0 0 0 0 
trait 2 0.4 0.0233353 0 0.454165 0 0.162112 0 0.24498 
trait 3 0.3 0 0 0 0 0 0 0 
node 1 1 1 3
node 2 3 1 1
node 3 3 1 1
node 4 1 0 2
node 11 1 0 0
gene 3 1 4 0.336258 0 1 0.336258 1
gene 3 2 4 4.95735 0 2 4.95735 1
gene 2 3 4 1.96644 0 3 1.96644 0
gene 2 3 11 7.79405 0 16 7.79405 1
gene 2 11 4 -1.50822 0 17 -1.50822 1
genomeend 25

/* Organism #26 Fitness: 7.39435 Error: 1.28074 */
genomestart 26
trait 1 0.1 0 0 0 0 0 0 0 
trait 2 0.6 0.0466706 0 0.63611 0 0.324224 0 0.24498 
trait 3 0.3 0 0 0 0 0 0 0 
node 1 1 1 3
node 2 3 1 1
node 3 3 1 1
node 4 1 0 2
node 11 1 0 0
gene 3 1 4 -6.04017 0 1 -6.04017 1
gene 3 2 4 4.52233 0 2 4.52233 1
gene 1 3 4 3.73925 0 3 3.73925 0
gene 2 3 11 7.88759 0 16 7.88759 1
gene 2 11 4 6.2316 0 17 6.2316 1
genomeend 26

/* Species #4 : (Size 8) (AF 5.41054) (Age 25)  */


/* Organism #27 Fitness: 9 Error: 1 */
genomestart 27
trait 1 0.1 0 0 0 0 0 0 0 
trait 2 0.2 0 0 0 0 0 0 0 
trait 3 0.3 0 0 0 0 0 0 0 
node 1 1 1 3
node 2 1 1 1
node 3 3 1 1
node 4 1 0 2
node 13 1 0 0
gene 1 1 4 -3.92875 0 1 -3.92875 1
gene 3 2 4 1.94905 0 2 1.94905 0
gene 3 3 4 1.91294 0 3 1.91294 1
gene 3 2 13 2.94941 0 21 2.94941 1
gene 3 13 4 7.43796 0 22 7.43796 1
gene 1 3 13 2.62551 0 31 2.62551 1
gene 1 1 13 -0.760705 0 140 -0.760705 1
genomeend 27

/* Organism #28 Fitness: 5.32072 Error: 1.69333 */
genomestart 28
trait 1 0.1 0 0 0 0 0 0 0 
trait 2 0.2 0 0 0 0 0 0 0 
trait 3 0.3 0 0 0 0 0 0 0 
node 1 1 1 3
node 2 1 1 1
node 3 3 1 1
node 4 1 0 2
node 13 1 0 0
gene 1 1 4 -3.92875 0 1 -3.92875 1
gene 3 2 4 0.85805 0 2 0.85805 0
gene 3 3 4 1.5175 0 3 1.5175 1
gene 3 2 13 3.21974 0 21 3.21974 1
gene 3 13 4 8 0 22 8 1
gene 1 3 13 1.93502 0 31 1.93502 1
gene 1 1 13 -2.12612 0 140 -2.12612 1
genomeend 28

/* Organism #29 Fitness: 4.00011 Error: 1.99997 */
genomestart 29
trait 1 0.1 0 0 0 0 0 0 0 
trait 2 0.2 0 0 0 0 0 0 0 
trait 3 0.3 0 0 0 0 0 0 0 
node 1 1 1 3
node 2 1 1 1
node 3 3 1 1
node 4 1 0 2
node 13 1 0 0
gene 1 1 4 -5.30542 0 1 -5.30542 1
gene 3 2 4 3.00083 0 2 3.00083 1
gene 3 3 4 2.18933 0 3 2.18933 1
gene 3 2 13 3.09893 0 21 3.09893 1
gene 3 13 4 8 0 22 8 1
gene 1 3 13 2.62551 0 31 2.62551 1
gene 1 1 13 -3.01788 0 140 -3.01788 1
genomeend 29

/* Organism #30 Fitness: 4 Error: 2 */
genomestart 30
trait 1 0.1 0 0 0 0 0 0 0 
trait 2 0.2 0 0 0 0 0 0 0 
trait 3 0 0 0.841034 0.743903 0 0 0 0 
node 1 1 1 3
node 2 1 1 1
node 3 3 1 1
node 4 1 0 2
node 13 1 0 0
gene 1 1 4 -1.77999 0 1 -1.77999 1
gene 3 2 4 4.42439 0 2 4.42439 0
gene 3 3 4 1.70338 0 3 1.70338 1
gene 3 2 13 2.58199 0 21 2.58199 1
gene 3 13 4 5.31496 0 22 5.31496 1
gene 1 3 13 0.489577 0 31 0.489577 1
gene 1 1 13 0.705179 0 140 0.705179 1
genomeend 30

/* Organism #31 Fitness: 4 Error: 2 */
genomestart 31
trait 1 0.1 0 0 0 0 0 0 0 
trait 2 0.2 0 0 0 0 0 0 0 
trait 3 0.3 0 0 0 0 0 0 0 
node 1 3 1 3
node 2 1 1 1
node 3 3 1 1
node 4 1 0 2
node 13 1 0 0
gene 1 1 4 -3.92276 0 1 -3.92276 1
gene 3 2 4 1.08613 0 2 1.08613 1
gene 3 3 4 0.722224 0 3 0.722224 1
gene 3 2 13 2.16236 0 21 2.16236 1
gene 3 13 4 7.40342 0 22 7.40342 1
gene 1 3 13 0.205191 0 31 0.205191 1
gene 1 1 13 1.04133 0 140 1.04133 1
genomeend 31

/* Organism #32 Fitness: 4 Error: 2 */
genomestart 32
trait 1 0.1 0 0 0 0 0 0 0 
trait 2 0.2 0 0 0 0 0 0 0 
trait 3 0.3 0 0 0 0 0 0 0 
node 1 1 1 3
node 2 1 1 1
node 3 3 1 1
node 4 1 0 2
node 13 1 0 0
gene 1 1 4 -3.0329 0 1 -3.0329 1
gene 3 2 4 -0.214544 0 2 -0.214544 0
gene 3 3 4 0.944452 0 3 0.944452 1
gene 3 2 13 1.3271 0 21 1.3271 1
gene 3 13 4 7.54592 0 22 7.54592 1
gene 1 3 13 0.763564 0 31 0.763564 1
gene 1 1 13 0.476012 0 140 0.476012 1
genomeend 32

/* Organism #33 Fitness: 8.9635 Error: 1.00609 */
genomestart 33
trait 1 0.1 0 0 0 0 0 0 0 
trait 2 0.2 0 0 0 0 0 0 0 
trait 3 0.3 0 0 0 0 0 0 0 
node 1 1 1 3
node 2 1 1 1
node 3 3 1 1
node 4 1 0 2
node 13 1 0 0
gene 1 1 4 -4.44863 0 1 -4.44863 1
gene 3 2 4 1.94905 0 2 1.94905 0
gene 3 3 4 1.91294 0 3 1.91294 1
gene 3 2 13 5.37127 0 21 5.37127 1
gene 3 13 4 7.43796 0 22 7.43796 1
gene 1 3 13 1.03696 0 31 1.03696 1
gene 1 1 13 -0.0333921 0 140 -0.0333921 1
genomeend 33

/* Organism #34 Fitness: 4 Error: 2 */
genomestart 34
trait 1 0.1 0 0 0 0 0 0 0 
trait 2 0.2 0 0 0 0 0 0 0 
trait 3 0.3 0 0 0 0 0 0 0 
node 1 1 1 3
node 2 1 1 1
node 3 3 1 1
node 4 1 0 2
node 13 1 0 0
gene 1 1 4 -1.551 0 1 -1.551 1
gene 3 2 4 0.698629 0 2 0.698629 1
gene 3 3 4 4.37468 0 3 4.37468 1
gene 3 2 13 5.35055 0 21 5.35055 1
gene 3 13 4 5.30926 0 22 5.30926 1
gene 1 3 13 2.18342 0 31 2.18342 1
gene 1 1 13 1.73882 0 140 1.73882 1
genomeend 34

/* Species #5 : (Size 11) (AF 8.67185) (Age 24)  */


/* Organism #35 Fitness: 9 Error: 1 */
genomestart 35
trait 1 0.361992 0 0 0 0 0 0 0.450208 
trait 2 0.2 0 0 0 0 0 0 0 
trait 3 0.3 0 0 0 0 0 0.129103 0 
node 1 1 1 3
node 2 1 1 1
node 3 1 1 1
node 4 3 0 2
node 9 1 0 0
node 16 1 0 0
gene 1 1 4 -7.83988 0 1 -7.83988 1
gene 3 2 4 7.97547 0 2 7.97547 1
gene 1 3 4 7.87056 0 3 7.87056 1
gene 1 3 9 5.42738 0 12 5.42738 1
gene 1 9 4 4.83226 0 13 4.83226 1
gene 1 1 9 -5.10675 0 28 -5.10675 1
gene 3 2 16 2.91983 0 33 2.91983 1
gene 1 16 4 5.14216 0 34 5.14216 1
gene 1 3 16 3.9702 0 47 3.9702 1
genomeend 35

/* Organism #36 Fitness: 9 Error: 1 */
genomestart 36
trait 1 0.361992 0 0 0 0 0 0 0.450208 
trait 2 0.2 0 0 0 0 0 0 0 
trait 3 0.3 0 0 0 0 0 0.129103 0 
node 1 1 1 3
node 2 1 1 1
node 3 1 1 1
node 4 3 0 2
node 9 1 0 0
node 16 1 0 0
gene 1 1 4 -8 0 1 -8 1
gene 3 2 4 5.51595 0 2 5.51595 1
gene 1 3 4 7.87056 0 3 7.87056 1
gene 1 3 9 6.81595 0 12 6.81595 1
gene 1 9 4 -1.60603 0 13 -1.60603 1
gene 1 1 9 -3.9456 0 28 -3.9456 1
gene 3 2 16 1.61548 0 33 1.61548 1
gene 1 16 4 5.82267 0 34 5.82267 1
gene 1 3 16 5.88775 0 47 5.88775 1
genomeend 36

/* Organism #37 Fitness: 9 Error: 1 */
genomestart 37
trait 1 0.361992 0 0 0 0 0 0 0.450208 
trait 2 0.2 0 0 0 0 0 0 0 
trait 3 0.3 0 0 0 0 0 0.129103 0 
node 1 1 1 3
node 2 1 1 1
node 3 1 1 1
node 4 3 0 2
node 9 1 0 0
node 16 1 0 0
gene 1 1 4 -8 0 1 -8 1
gene 3 2 4 8 0 2 8 1
gene 1 3 4 8 0 3 8 1
gene 1 3 9 4.79463 0 12 4.79463 1
gene 1 9 4 4.01856 0 13 4.01856 1
gene 1 1 9 -5.51814 0 28 -5.51814 1
gene 3 2 16 3.47435 0 33 3.47435 1
gene 1 16 4 4.11572 0 34 4.11572 1
gene 1 3 16 3.65248 0 47 3.65248 1
genomeend 37

/* Organism #38 Fitness: 8.99996 Error: 1.00001 */
genomestart 38
trait 1 0.361992 0 0.174489 0.0764509 0 0 0.0550246 0.587656 
trait 2 0.2 0 0 0 0 0 0.0821441 0 
trait 3 0.3 0 0 0 0 0 0.125645 0 
node 1 1 1 3
node 2 2 1 1
node 3 1 1 1
node 4 3 0 2
node 9 1 0 0
node 16 1 0 0
gene 1 1 4 -5.81075 0 1 -5.81075 1
gene 3 2 4 8 0 2 8 1
gene 1 3 4 8 0 3 8 1
gene 1 3 9 6.75878 0 12 6.75878 1
gene 1 9 4 0.267816 0 13 0.267816 0
gene 1 1 9 -6.58145 0 28 -6.58145 1
gene 3 2 16 4.47793 0 33 4.47793 1
gene 1 16 4 6.82131 0 34 6.82131 1
gene 1 3 16 4.61241 0 47 4.61241 1
genomeend 38

/* Organism #39 Fitness: 9 Error: 1 */
genomestart 39
trait 1 0.361992 0 0.0872447 0.0382254 0 0 0.0275123 0.518932 
trait 2 0.2 0 0 0 0 0 0.0410721 0 
trait 3 0.3 0 0 0 0 0 0.127374 0 
node 1 1 1 3
node 2 2 1 1
node 3 1 1 1
node 4 3 0 2
node 9 2 0 0
node 16 1 0 0
gene 1 1 4 -7.83988 0 1 -7.83988 1
gene 3 2 4 7.97547 0 2 7.97547 1
gene 1 3 4 7.87056 0 3 7.87056 1
gene 1 3 9 5.42738 0 12 5.42738 1
gene 1 9 4 4.83226 0 13 4.83226 0
gene 1 1 9 -5.10675 0 28 -5.10675 1
gene 3 2 16 2.91983 0 33 2.91983 1
gene 1 16 4 5.14216 0 34 5.14216 1
gene 1 3 16 3.9702 0 47 3.9702 1
genomeend 39

/* Organism #40 Fitness: 6.84758 Error: 1.38321 */
genomestart 40
trait 1 0.361992 0 0 0 0 0 0 0.450208 
trait 2 0.2 0 0 0 0 0 0 0 
trait 3 0.3 0 0 0 0 0 0.129103 0 
node 1 1 1 3
node 2 1 1 1
node 3 1 1 1
node 4 3 0 2
node 9 1 0 0
node 16 1 0 0
gene 1 1 4 -1.54891 0 1 -1.54891 1
gene 3 2 4 6.44283 0 2 6.44283 1
gene 1 3 4 7.5288 0 3 7.5288 1
gene 1 3 9 4.11297 0 12 4.11297 1
gene 1 9 4 5.76646 0 13 5.76646 1
gene 1 1 9 -1.49851 0 28 -1.49851 1
gene 3 2 16 2.46094 0 33 2.46094 1
gene 1 16 4 2.89732 0 34 2.89732 1
gene 1 3 16 3.9702 0 47 3.9702 1
genomeend 40

/* Organism #41 Fitness: 9 Error: 1 */
genomestart 41
trait 1 0.361992 0 0.174489 0.0764509 0 0 0.0550246 0.587656 
trait 2 0.2 0 0 0 0 0 0.0821441 0 
trait 3 0.3 0 0 0 0 0 0.125645 0 
node 1 1 1 3
node 2 2 1 1
node 3 1 1 1
node 4 3 0 2
node 9 1 0 0
node 16 1 0 0
gene 2 1 4 -7.95997 0 1 -7.95997 1
gene 3 2 4 8 0 2 8 1
gene 1 3 4 6.59736 0 3 6.59736 1
gene 1 3 9 4.97977 0 12 4.97977 1
gene 1 9 4 3.76875 0 13 3.76875 0
gene 1 1 9 -4.55931 0 28 -4.55931 1
gene 3 2 16 4.19362 0 33 4.19362 1
gene 1 16 4 6.80059 0 34 6.80059 1
gene 1 3 16 3.06631 0 47 3.06631 1
genomeend 41

/* Organism #42 Fitness: 8.99998 Error: 1 */
genomestart 42
trait 1 0.361992 0 0 0 0 0 0 0.450208 
trait 2 0.2 0 0 0 0 0 0 0 
trait 3 0.3 0 0 0 0 0 0.129103 0 
node 1 1 1 3
node 2 1 1 1
node 3 1 1 1
node 4 3 0 2
node 9 1 0 0
node 16 1 0 0
gene 1 1 4 -6.32815 0 1 -6.32815 1
gene 3 2 4 7.79993 0 2 7.79993 1
gene 1 3 4 5.80887 0 3 5.80887 1
gene 1 3 9 6.03957 0 12 6.03957 1
gene 1 9 4 6.25378 0 13 6.25378 1
gene 1 1 9 -5.61136 0 28 -5.61136 1
gene 3 2 16 2.80868 0 33 2.80868 1
gene 1 16 4 7.5555 0 34 7.5555 1
gene 1 3 16 1.78922 0 47 1.78922 1
genomeend 42

/* Organism #43 Fitness: 9 Error: 1 */
genomestart 43
trait 1 0.361992 0 0.174489 0.0764509 0 0 0.0550246 0.587656 
trait 2 0.2 0 0 0 0 0 0.0821441 0 
trait 3 0.3 0 0 0 0 0 0.125645 0 
node 1 1 1 3
node 2 2 1 1
node 3 2 1 1
node 4 3 0 2
node 9 1 0 0
node 16 1 0 0
gene 1 1 4 -7.83988 0 1 -7.83988 1
gene 3 2 4 8 0 2 8 1
gene 1 3 4 7.87056 0 3 7.87056 1
gene 1 3 9 5.42738 0 12 5.42738 1
gene 1 9 4 4.83226 0 13 4.83226 0
gene 1 1 9 -5.10675 0 28 -5.10675 1
gene 3 2 16 2.91983 0 33 2.91983 1
gene 1 16 4 5.14216 0 34 5.14216 1
gene 1 3 16 3.9702 0 47 3.9702 1
genomeend 43

/* Organism #44 Fitness: 7.54286 Error: 1.25357 */
genomestart 44
trait 1 0.361992 0 0 0 0 0 0 0.450208 
trait 2 0.2 0.779041 0 0.60978 0 0.196198 0 0 
trait 3 0.3 0 0 0 0 0 0.129103 0 
node 1 1 1 3
node 2 1 1 1
node 3 2 1 1
node 4 3 0 2
node 9 1 0 0
node 16 1 0 0
gene 1 1 4 -7.97497 0 1 -7.97497 1
gene 3 2 4 7.26607 0 2 7.26607 1
gene 1 3 4 -1.54141 0 3 -1.54141 1
gene 1 3 9 6.4164 0 12 6.4164 1
gene 1 9 4 4.39061 0 13 4.39061 1
gene 1 1 9 -2.79409 0 28 -2.79409 1
gene 3 2 16 0.527109 0 33 0.527109 1
gene 1 16 4 5.34502 0 34 5.34502 1
gene 1 3 16 4.70567 0 47 4.70567 1
genomeend 44

/* Organism #45 Fitness: 9 Error: 1 */
genomestart 45
trait 1 0.361992 0 0.0872447 0.0382254 0 0 0.0275123 0.518932 
trait 2 0.2 0 0 0 0 0 0.0410721 0 
trait 3 0.3 0 0 0 0 0 0.127374 0 
node 1 1 1 3
node 2 2 1 1
node 3 1 1 1
node 4 3 0 2
node 9 1 0 0
node 16 1 0 0
gene 1 1 4 -5.56674 0 1 -5.56674 1
gene 3 2 4 6.619 0 2 6.619 1
gene 1 3 4 6.20282 0 3 6.20282 1
gene 1 3 9 5.11745 0 12 5.11745 1
gene 1 9 4 5.58013 0 13 5.58013 0
gene 1 1 9 -3.62427 0 28 -3.62427 1
gene 3 2 16 3.09434 0 33 3.09434 1
gene 1 16 4 3.42871 0 34 3.42871 1
gene 1 3 16 2.75867 0 47 2.75867 1
genomeend 45

/* Species #6 : (Size 6) (AF 6.5633) (Age 23)  */


/* Organism #46 Fitness: 8.99935 Error: 1.00011 */
genomestart 46
trait 1 0.1 0 0 0 0 0 0 0 
trait 2 0.2 0 0 0 0 0 0 0 
trait 3 0.3 0 0 0 0 0 0 0 
node 1 1 1 3
node 2 1 1 1
node 3 3 1 1
node 4 1 0 2
node 13 1 0 0
node 18 1 0 0
gene 1 1 4 -0.323853 0 1 -0.323853 1
gene 3 2 4 1.27243 0 2 1.27243 0
gene 2 3 4 -5.64396 0 3 -5.64396 1
gene 3 2 13 3.44572 0 21 3.44572 0
gene 3 13 4 8 0 22 8 1
gene 3 2 18 -3.1285 0 37 -3.1285 1
gene 3 18 13 2.97709 0 38 2.97709 1
genomeend 46

/* Organism #47 Fitness: 4.37668 Error: 1.90795 */
genomestart 47
trait 1 0.1 0 0 0 0 0 0 0 
trait 2 0.2 0 0 0 0 0 0 0 
trait 3 0.3 0 0 0 0 0 0 0 
node 1 1 1 3
node 2 1 1 1
node 3 3 1 1
node 4 1 0 2
node 13 1 0 0
node 18 1 0 0
gene 1 1 4 -0.323853 0 1 -0.323853 1
gene 3 2 4 -0.297693 0 2 -0.297693 0
gene 2 3 4 -6.28476 0 3 -6.28476 1
gene 3 2 13 2.34722 0 21 2.34722 0
gene 3 13 4 6.17602 0 22 6.17602 1
gene 3 2 18 -2.80057 0 37 -2.80057 1
gene 3 18 13 2.13262 0 38 2.13262 1
genomeend 47

/* Organism #48 Fitness: 4.00002 Error: 2 */
genomestart 48
trait 1 0.1 0 0 0 0 0 0 0 
trait 2 0.2 0 0 0 0 0 0 0 
trait 3 0.3 0 0 0 0 0 0 0 
node 1 1 1 3
node 2 1 1 1
node 3 3 1 1
node 4 1 0 2
node 13 1 0 0
node 18 1 0 0
gene 3 1 4 -1.79533 0 1 -1.79533 1
gene 3 2 4 -2.53796 0 2 -2.53796 0
gene 2 3 4 1.99154 0 3 1.99154 1
gene 3 2 13 4.41026 0 21 4.41026 0
gene 3 13 4 3.82972 0 22 3.82972 1
gene 3 2 18 0.398029 0 37 0.398029 1
gene 3 18 13 2.13262 0 38 2.13262 1
genomeend 48

/* Organism #49 Fitness: 8.78895 Error: 1.03538 */
genomestart 49
trait 1 0.1 0 0 0 0 0 0 0 
trait 2 0.2 0 0 0 0 0 0 0 
trait 3 0.3 0 0 0 0 0 0 0 
node 1 1 1 3
node 2 1 1 1
node 3 3 1 1
node 4 1 0 2
node 13 1 0 0
node 18 1 0 0
gene 1 1 4 0.812259 0 1 0.812259 1
gene 3 2 4 -0.297693 0 2 -0.297693 0
gene 2 3 4 -6.28476 0 3 -6.28476 1
gene 3 2 13 2.34722 0 21 2.34722 0
gene 3 13 4 6.17602 0 22 6.17602 1
gene 3 2 18 -2.80057 0 37 -2.80057 1
gene 3 18 13 2.13262 0 38 2.13262 1
genomeend 49

/* Organism #50 Fitness: 8.81835 Error: 1.03043 */
genomestart 50
trait 1 0.1 0 0 0 0 0 0 0 
trait 2 0.2 0 0 0 0 0 0 0 
trait 3 0.3 0 0 0 0 0 0 0 
node 1 1 1 3
node 2 1 1 1
node 3 3 1 1
node 4 1 0 2
node 13 1 0 0
node 18 1 0 0
gene 1 1 4 0.812259 0 1 0.812259 1
gene 3 2 4 -0.297693 0 2 -0.297693 0
gene 2 3 4 -6.28476 0 3 -6.28476 1
gene 3 2 13 2.34722 0 21 2.34722 0
gene 3 13 4 6.17602 0 22 6.17602 1
gene 3 2 18 -2.80057 0 37 -2.80057 1
gene 3 18 13 2.13262 0 38 2.13262 1
gene 3 3 18 0.425759 0 238 0.425759 1
genomeend 50

/* Organism #51 Fitness: 4.39647 Error: 1.90322 */
genomestart 51
trait 1 0.1 0 0 0 0 0 0 0 
trait 2 0.2 0 0 0 0 0 0 0 
trait 3 0.3 0 0 0 0 0 0 0 
node 1 1 1 3
node 2 1 1 1
node 3 3 1 1
node 4 1 0 2
node 13 1 0 0
node 18 1 0 0
gene 1 1 4 2.02672 0 1 2.02672 1
gene 3 2 4 1.12991 0 2 1.12991 0
gene 2 3 4 -6.24105 0 3 -6.24105 1
gene 3 2 13 5.18477 0 21 5.18477 0
gene 3 13 4 -1.57833 0 22 -1.57833 1
gene 3 2 18 -2.14188 0 37 -2.14188 1
gene 3 18 13 5.11103 0 38 5.11103 1
genomeend 51

/* Species #7 : (Size 6) (AF 8.15112) (Age 22)  */


/* Organism #52 Fitness: 9 Error: 1 */
genomestart 52
trait 1 0.165498 0 0 0 0 0 0 0.112552 
trait 2 0.2 0 0 0 0 0 0 0 
trait 3 0.3 0 0 0 0 0 0 0 
node 1 3 1 3
node 2 3 1 1
node 3 1 1 1
node 4 3 0 2
node 9 1 0 0
gene 1 1 4 -4.16934 0 1 -4.16934 1
gene 3 2 4 4.48168 0 2 4.48168 1
gene 1 3 4 2.03838 0 3 2.03838 1
gene 2 3 9 6.64126 0 12 6.64126 1
gene 1 9 4 6.52971 0 13 6.52971 1
gene 1 1 9 -1.46069 0 18 -1.46069 1
gene 3 2 9 2.33793 0 99 2.33793 1
genomeend 52

/* Organism #53 Fitness: 8.90726 Error: 1.0155 */
genomestart 53
trait 1 0.165498 0 0 0 0 0 0 0.112552 
trait 2 0.125226 0 0.123947 0 0.40634 0 0.186243 0 
trait 3 0.3 0 0 0 0 0 0 0 
node 1 3 1 3
node 2 3 1 1
node 3 1 1 1
node 4 3 0 2
node 9 1 0 0
gene 1 1 4 -3.02411 0 1 -3.02411 1
gene 3 2 4 3.86718 0 2 3.86718 1
gene 1 3 4 2.17569 0 3 2.17569 1
gene 2 3 9 6.29172 0 12 6.29172 1
gene 1 9 4 6.79384 0 13 6.79384 1
gene 1 1 9 -3.81319 0 18 -3.81319 1
gene 3 2 9 0.243544 0 99 0.243544 1
genomeend 53

/* Organism #54 Fitness: 8.99992 Error: 1.00001 */
genomestart 54
trait 1 0.165498 0 0 0 0 0 0 0.112552 
trait 2 0.2 0 0 0 0 0 0 0 
trait 3 0.3 0 0 0 0 0 0 0 
node 1 3 1 3
node 2 3 1 1
node 3 3 1 1
node 4 3 0 2
node 9 1 0 0
gene 1 1 4 -2.32299 0 1 -2.32299 1
gene 3 2 4 4.95058 0 2 4.95058 1
gene 1 3 4 0.779626 0 3 0.779626 1
gene 2 3 9 4.74014 0 12 4.74014 1
gene 1 9 4 4.42223 0 13 4.42223 1
gene 1 1 9 -1.81723 0 18 -1.81723 1
gene 3 2 9 -0.542752 0 99 -0.542752 1
genomeend 54

/* Organism #55 Fitness: 4 Error: 2 */
genomestart 55
trait 1 0.165498 0 0 0 0 0 0 0.112552 
trait 2 0.0504524 0 0.247893 0 0.81268 0 0.372486 0 
trait 3 0.3 0 0 0 0 0 0 0 
node 1 3 1 3
node 2 3 1 1
node 3 1 1 1
node 4 3 0 2
node 9 1 0 0
gene 1 1 4 -2.67257 0 1 -2.67257 1
gene 3 2 4 -0.176458 0 2 -0.176458 1
gene 1 3 4 1.02505 0 3 1.02505 1
gene 2 3 9 5.84626 0 12 5.84626 1
gene 1 9 4 4.91387 0 13 4.91387 1
gene 1 1 9 -2.32027 0 18 -2.32027 1
gene 3 2 9 1.01359 0 99 1.01359 1
genomeend 55

/* Organism #56 Fitness: 9 Error: 1 */
genomestart 56
trait 1 0.165498 0 0 0 0 0 0 0.112552 
trait 2 0.125226 0 0.123947 0 0.40634 0 0.186243 0 
trait 3 0.3 0 0 0 0 0 0 0 
node 1 3 1 3
node 2 3 1 1
node 3 1 1 1
node 4 3 0 2
node 9 1 0 0
node 81 1 0 0
gene 1 1 4 -4.16934 0 1 -4.16934 1
gene 3 2 4 4.48168 0 2 4.48168 1
gene 1 3 4 2.03838 0 3 2.03838 0
gene 2 3 9 6.64126 0 12 6.64126 1
gene 1 9 4 6.52971 0 13 6.52971 1
gene 1 1 9 -1.46069 0 18 -1.46069 1
gene 3 2 9 2.33793 0 99 2.33793 1
gene 1 3 81 1 0 235 0 1
gene 1 81 4 2.03838 0 236 0 1
genomeend 56

/* Organism #57 Fitness: 8.99954 Error: 1.00008 */
genomestart 57
trait 1 0.165498 0 0 0 0 0 0 0.112552 
trait 2 0.125226 0 0.123947 0 0.40634 0 0.186243 0 
trait 3 0.3 0 0 0 0 0 0 0 
node 1 3 1 3
node 2 3 1 1
node 3 1 1 1
node 4 3 0 2
node 9 1 0 0
node 82 1 0 0
gene 1 1 4 -4.16934 0 1 -4.16934 1
gene 3 2 4 4.48168 0 2 4.48168 0
gene 1 3 4 2.03838 0 3 2.03838 1
gene 2 3 9 6.64126 0 12 6.64126 1
gene 1 9 4 6.52971 0 13 6.52971 1
gene 1 1 9 -1.46069 0 18 -1.46069 1
gene 3 2 9 2.33793 0 99 2.33793 1
gene 3 2 82 1 0 239 0 1
gene 3 82 4 4.48168 0 240 0 1
genomeend 57

/* Species #8 : (Size 9) (AF 7.0385) (Age 22)  */


/* Organism #58 Fitness: 9 Error: 1 */
genomestart 58
trait 1 0.1 0 0 0 0 0 0 0 
trait 2 0.2 0 0 0 0 0 0 0 
trait 3 0.3 0 0 0 0 0 0 0 
node 1 2 1 3
node 2 1 1 1
node 3 3 1 1
node 4 1 0 2
node 13 1 0 0
node 17 3 0 0
gene 1 1 4 -3.11117 0 1 -3.11117 1
gene 3 2 4 1.62381 0 2 1.62381 1
gene 2 3 4 1.32588 0 3 1.32588 1
gene 3 2 13 3.51272 0 21 3.51272 1
gene 3 13 4 6.90748 0 22 6.90748 1
gene 1 3 13 0.879531 0 31 0.879531 1
gene 2 3 17 -1.66333 0 35 -1.66333 1
gene 2 17 4 -2.77122 0 36 -2.77122 1
gene 2 17 13 -2.48112 0 63 -2.48112 1
gene 2 2 17 -0.329062 0 191 -0.329062 1
genomeend 58

/* Organism #59 Fitness: 9 Error: 1 */
genomestart 59
trait 1 0.1 0 0 0 0 0 0 0 
trait 2 0.2 0 0 0 0 0 0 0 
trait 3 0.3 0 0 0 0 0 0 0 
node 1 2 1 3
node 2 1 1 1
node 3 3 1 1
node 4 1 0 2
node 13 1 0 0
node 17 3 0 0
gene 1 1 4 -3.11117 0 1 -3.11117 1
gene 3 2 4 1.62381 0 2 1.62381 1
gene 2 3 4 1.32588 0 3 1.32588 1
gene 3 2 13 3.51272 0 21 3.51272 1
gene 3 13 4 6.90748 0 22 6.90748 1
gene 1 3 13 0.879531 0 31 0.879531 1
gene 2 3 17 -1.66333 0 35 -1.66333 1
gene 2 17 4 -2.77122 0 36 -2.77122 1
gene 2 17 13 -2.48112 0 63 -2.48112 1
gene 2 2 17 -0.329062 0 191 -0.329062 1
genomeend 59

/* Organism #60 Fitness: 1.34079 Error: 2.84208 */
genomestart 60
trait 1 0.1 0 0 0 0 0 0 0 
trait 2 0.2 0 0 0 0 0 0 0 
trait 3 0.3 0 0 0 0 0 0 0 
node 1 2 1 3
node 2 1 1 1
node 3 3 1 1
node 4 1 0 2
node 13 1 0 0
node 17 3 0 0
gene 1 1 4 -2.64281 0 1 -2.64281 1
gene 3 2 4 3.47685 0 2 3.47685 1
gene 2 3 4 -0.695968 0 3 -0.695968 1
gene 3 2 13 2.70332 0 21 2.70332 1
gene 3 13 4 6.81386 0 22 6.81386 1
gene 1 3 13 -0.745673 0 31 -0.745673 1
gene 2 3 17 -1.0197 0 35 -1.0197 1
gene 2 17 4 -0.984549 0 36 -0.984549 1
gene 2 17 13 0.0162285 0 63 0.0162285 1
gene 2 2 17 -2.17945 0 191 -2.17945 1
genomeend 60

/* Organism #61 Fitness: 4.00567 Error: 1.99858 */
genomestart 61
trait 1 0.1 0 0 0 0 0 0 0 
trait 2 0.2 0 0 0 0 0 0 0 
trait 3 0.3 0 0 0 0 0 0 0 
node 1 2 1 3
node 2 1 1 1
node 3 3 1 1
node 4 1 0 2
node 13 1 0 0
node 17 3 0 0
gene 1 1 4 -2.31271 0 1 -2.31271 1
gene 3 2 4 2.67846 0 2 2.67846 1
gene 2 3 4 1.46127 0 3 1.46127 1
gene 3 2 13 5.74541 0 21 5.74541 1
gene 3 13 4 7.6574 0 22 7.6574 1
gene 1 3 13 0.29548 0 31 0.29548 1
gene 2 3 17 0.662503 0 35 0.662503 1
gene 2 17 4 -0.498427 0 36 -0.498427 1
gene 2 17 13 -2.44791 0 63 -2.44791 1
gene 2 2 17 1.08786 0 191 1.08786 1
genomeend 61

/* Organism #62 Fitness: 9 Error: 1 */
genomestart 62
trait 1 0.1 0 0 0 0 0 0 0 
trait 2 0.2 0 0 0 0 0 0 0 
trait 3 0.3 0 0 0 0 0 0 0 
node 1 2 1 3
node 2 1 1 1
node 3 3 1 1
node 4 1 0 2
node 13 1 0 0
node 17 3 0 0
gene 1 1 4 -2.16862 0 1 -2.16862 1
gene 3 2 4 2.33823 0 2 2.33823 1
gene 2 3 4 -0.0749756 0 3 -0.0749756 1
gene 3 2 13 5.19012 0 21 5.19012 1
gene 3 13 4 5.55803 0 22 5.55803 1
gene 1 3 13 1.96495 0 31 1.96495 1
gene 2 3 17 -2.98643 0 35 -2.98643 1
gene 2 17 4 -4.76385 0 36 -4.76385 1
gene 2 17 13 -1.17817 0 63 -1.17817 1
gene 2 2 17 -2.34643 0 191 -2.34643 1
genomeend 62

/* Organism #63 Fitness: 9 Error: 1 */
genomestart 63
trait 1 0.1 0 0 0 0 0 0 0 
trait 2 0.2 0 0 0 0 0 0 0 
trait 3 0.3 0 0 0 0 0 0 0 
node 1 2 1 3
node 2 1 1 1
node 3 3 1 1
node 4 1 0 2
node 13 1 0 0
node 17 3 0 0
gene 1 1 4 -3.11117 0 1 -3.11117 1
gene 3 2 4 1.62381 0 2 1.62381 1
gene 2 3 4 1.32588 0 3 1.32588 1
gene 3 2 13 3.51272 0 21 3.51272 1
gene 3 13 4 6.90748 0 22 6.90748 1
gene 1 3 13 0.879531 0 31 0.879531 1
gene 2 3 17 -1.66333 0 35 -1.66333 1
gene 2 17 4 -2.77122 0 36 -2.77122 1
gene 2 17 13 -2.48112 0 63 -2.48112 1
gene 2 2 17 -0.329062 0 191 -0.329062 1
genomeend 63

/* Organism #64 Fitness: 4 Error: 2 */
genomestart 64
trait 1 0.1 0 0 0 0 0 0 0 
trait 2 1 0 0 0 0.948195 0 0 0 
trait 3 0.3 0 0 0 0 0 0 0 
node 1 2 1 3
node 2 1 1 1
node 3 3 1 1
node 4 1 0 2
node 13 1 0 0
node 17 3 0 0
gene 1 1 4 1.9853 0 1 1.9853 1
gene 3 2 4 3.09691 0 2 3.09691 1
gene 2 3 4 0.260142 0 3 0.260142 1
gene 3 2 13 1.88228 0 21 1.88228 1
gene 3 13 4 6.90748 0 22 6.90748 1
gene 1 3 13 0.613158 0 31 0.613158 1
gene 2 3 17 -2.27182 0 35 -2.27182 1
gene 2 17 4 1.12925 0 36 1.12925 1
gene 2 17 13 -0.305497 0 63 -0.305497 1
gene 2 2 17 1.74194 0 191 1.74194 1
genomeend 64

/* Organism #65 Fitness: 9 Error: 1 */
genomestart 65
trait 1 0.1 0 0 0 0 0 0 0 
trait 2 0.2 0 0 0 0 0 0 0 
trait 3 0.3 0 0 0 0 0 0 0 
node 1 2 1 3
node 2 1 1 1
node 3 3 1 1
node 4 1 0 2
node 13 1 0 0
node 17 3 0 0
node 82 1 0 0
gene 1 1 4 -3.11117 0 1 -3.11117 1
gene 3 2 4 1.62381 0 2 1.62381 0
gene 2 3 4 1.32588 0 3 1.32588 1
gene 3 2 13 3.51272 0 21 3.51272 1
gene 3 13 4 6.90748 0 22 6.90748 1
gene 1 3 13 0.879531 0 31 0.879531 1
gene 2 3 17 -1.66333 0 35 -1.66333 1
gene 2 17 4 -2.77122 0 36 -2.77122 1
gene 2 17 13 -2.48112 0 63 -2.48112 1
gene 2 2 17 -0.329062 0 191 -0.329062 1
gene 3 2 82 1 0 239 0 1
gene 3 82 4 1.62381 0 240 0 1
genomeend 65

/* Organism #66 Fitness: 9 Error: 1 */
genomestart 66
trait 1 0.1 0 0 0 0 0 0 0 
trait 2 0.2 0 0 0 0 0 0 0 
trait 3 0.3 0 0 0 0 0 0 0 
node 1 2 1 3
node 2 1 1 1
node 3 3 1 1
node 4 1 0 2
node 13 1 0 0
node 17 3 0 0
gene 1 1 4 -3.38311 0 1 -3.38311 1
gene 3 2 4 0.884302 0 2 0.884302 1
gene 2 3 4 -0.716688 0 3 -0.716688 1
gene 3 2 13 3.13369 0 21 3.13369 1
gene 3 13 4 8 0 22 8 1
gene 1 3 13 0.444714 0 31 0.444714 1
gene 2 3 17 -3.67564 0 35 -3.67564 1
gene 2 17 4 -3.04709 0 36 -3.04709 1
gene 2 17 13 -2.37749 0 63 -2.37749 1
gene 2 2 17 -0.843133 0 191 -0.843133 1
genomeend 66

/* Species #9 : (Size 5) (AF 6.92729) (Age 22)  */


/* Organism #67 Fitness: 9 Error: 1 */
genomestart 67
trait 1 0.361992 0 0 0 0 0 0 0.450208 
trait 2 0.2 0 0 0 0 0 0 0 
trait 3 0.3 0 0 0 0 0 0 0 
node 1 1 1 3
node 2 1 1 1
node 3 1 1 1
node 4 3 0 2
node 9 1 0 0
node 19 1 0 0
gene 1 1 4 -3.52992 0 1 -3.52992 1
gene 3 2 4 7.22691 0 2 7.22691 1
gene 1 3 4 1.90542 0 3 1.90542 0
gene 1 3 9 5.3681 0 12 5.3681 1
gene 1 9 4 7.06103 0 13 7.06103 1
gene 1 1 9 -4.70832 0 28 -4.70832 1
gene 1 9 19 0.651212 0 39 0.651212 1
gene 1 19 4 0.559978 0 40 0.559978 1
gene 2 1 19 0.318513 0 69 0.318513 1
gene 2 2 19 2.87167 0 155 2.87167 1
genomeend 67

/* Organism #68 Fitness: 4.01037 Error: 1.99741 */
genomestart 68
trait 1 0.361992 0 0 0 0 0 0 0.450208 
trait 2 0.2 0 0 0 0 0 0 0 
trait 3 0.3 0 0 0 0 0 0 0 
node 1 1 1 3
node 2 1 1 1
node 3 1 1 1
node 4 3 0 2
node 9 1 0 0
node 19 1 0 0
gene 1 1 4 -0.179881 0 1 -0.179881 1
gene 3 2 4 6.24422 0 2 6.24422 1
gene 1 3 4 -0.331077 0 3 -0.331077 0
gene 1 3 9 3.84663 0 12 3.84663 1
gene 1 9 4 7.79216 0 13 7.79216 1
gene 1 1 9 -5.36644 0 28 -5.36644 1
gene 1 9 19 0.0337292 0 39 0.0337292 1
gene 1 19 4 2.96657 0 40 2.96657 1
gene 2 1 19 -0.300858 0 69 -0.300858 1
gene 2 2 19 1.71993 0 155 1.71993 1
genomeend 68

/* Organism #69 Fitness: 8.99845 Error: 1.00026 */
genomestart 69
trait 1 0.361992 0 0 0 0 0 0 0.450208 
trait 2 0.2 0 0 0 0 0 0 0 
trait 3 0.3 0 0 0 0 0 0 0 
node 1 1 1 3
node 2 1 1 1
node 3 1 1 1
node 4 3 0 2
node 9 1 0 0
node 19 1 0 0
gene 1 1 4 -2.00134 0 1 -2.00134 1
gene 3 2 4 3.28507 0 2 3.28507 1
gene 1 3 4 3.03998 0 3 3.03998 0
gene 1 3 9 4.84275 0 12 4.84275 1
gene 1 9 4 6.54866 0 13 6.54866 1
gene 1 1 9 -4.66242 0 28 -4.66242 1
gene 1 9 19 0.564972 0 39 0.564972 1
gene 1 19 4 0.514514 0 40 0.514514 1
gene 2 1 19 -0.161834 0 69 -0.161834 1
gene 2 2 19 1.708 0 155 1.708 1
genomeend 69

/* Organism #70 Fitness: 8.62765 Error: 1.06271 */
genomestart 70
trait 1 0.361992 0 0 0 0 0 0 0.450208 
trait 2 0.2 0 0 0 0 0 0 0 
trait 3 0.3 0 0 0 0 0 0 0 
node 1 1 1 3
node 2 1 1 1
node 3 1 1 1
node 4 3 0 2
node 9 1 0 0
node 19 1 0 0
gene 1 1 4 -3.7491 0 1 -3.7491 1
gene 3 2 4 -1.9474 0 2 -1.9474 1
gene 1 3 4 -2.15476 0 3 -2.15476 0
gene 1 3 9 6.48435 0 12 6.48435 1
gene 1 9 4 5.56734 0 13 5.56734 1
gene 1 1 9 -5.20436 0 28 -5.20436 1
gene 1 9 19 3.48449 0 39 3.48449 1
gene 1 19 4 -1.25527 0 40 -1.25527 1
gene 2 1 19 -1.18328 0 69 -1.18328 1
gene 2 2 19 3.3629 0 155 3.3629 1
genomeend 70

/* Organism #71 Fitness: 4 Error: 2 */
genomestart 71
trait 1 0.533753 0 0.904448 0 0 0 0 0.450208 
trait 2 0.2 0 0 0 0 0 0 0 
trait 3 0.3 0 0 0 0 0 0 0 
node 1 1 1 3
node 2 1 1 1
node 3 1 1 1
node 4 3 0 2
node 9 1 0 0
node 19 1 0 0
gene 1 1 4 -0.927349 0 1 -0.927349 1
gene 3 2 4 5.84115 0 2 5.84115 1
gene 1 3 4 -0.86701 0 3 -0.86701 0
gene 1 3 9 -1.93513 0 12 -1.93513 1
gene 1 9 4 5.21041 0 13 5.21041 1
gene 1 1 9 -4.94141 0 28 -4.94141 1
gene 1 9 19 1.26541 0 39 1.26541 1
gene 1 19 4 0.00920542 0 40 0.00920542 1
gene 2 1 19 -1.03924 0 69 -1.03924 1
gene 2 2 19 -0.148616 0 155 -0.148616 1
genomeend 71

/* Species #10 : (Size 5) (AF 3.97577) (Age 21)  */


/* Organism #72 Fitness: 4 Error: 2 */
genomestart 72
trait 1 0.1 0 0 0 0 0 0 0 
trait 2 0.6 0 0 0 0 0.340509 0.215614 0 
trait 3 0.3 0 0 0 0 0 0 0 
node 1 1 1 3
node 2 1 1 1
node 3 3 1 1
node 4 1 0 2
node 13 1 0 0
node 18 1 0 0
node 24 3 0 0
gene 1 1 4 -0.48505 0 1 -0.48505 1
gene 3 2 4 -3.2155 0 2 -3.2155 0
gene 1 3 4 1.1858 0 3 1.1858 1
gene 3 2 13 -1.9309 0 21 -1.9309 0
gene 3 13 4 6.5076 0 22 6.5076 1
gene 3 2 18 -0.138919 0 37 -0.138919 1
gene 3 18 13 3.76077 0 38 3.76077 1
gene 3 2 24 0.732666 0 55 0.732666 1
gene 3 24 18 3.43767 0 56 3.43767 0
genomeend 72

/* Organism #73 Fitness: 3.8882 Error: 2.02815 */
genomestart 73
trait 1 0.1 0 0 0 0 0 0 0 
trait 2 0.6 0 0 0 0 0.340509 0.215614 0 
trait 3 0.3 0 0 0 0 0 0 0 
node 1 1 1 3
node 2 1 1 1
node 3 3 1 1
node 4 1 0 2
node 13 1 0 0
node 18 1 0 0
node 24 3 0 0
gene 1 1 4 -1.75482 0 1 -1.75482 1
gene 3 2 4 -4.03351 0 2 -4.03351 1
gene 1 3 4 1.1858 0 3 1.1858 1
gene 1 2 13 -1.89899 0 21 -1.89899 1
gene 3 13 4 6.5076 0 22 6.5076 1
gene 3 2 18 -0.755885 0 37 -0.755885 1
gene 3 18 13 3.76077 0 38 3.76077 1
gene 3 2 24 1.73055 0 55 1.73055 1
gene 3 24 18 3.43767 0 56 3.43767 1
genomeend 73

/* Organism #74 Fitness: 4 Error: 2 */
genomestart 74
trait 1 0.1 0 0 0 0 0 0 0 
trait 2 0.6 0 0 0 0 0.340509 0.215614 0 
trait 3 0.3 0 0 0 0 0 0 0 
node 1 1 1 3
node 2 1 1 1
node 3 3 1 1
node 4 1 0 2
node 13 1 0 0
node 18 1 0 0
node 24 3 0 0
gene 1 1 4 -1.75482 0 1 -1.75482 1
gene 3 2 4 -3.2155 0 2 -3.2155 0
gene 1 3 4 1.1858 0 3 1.1858 1
gene 3 2 13 -1.9309 0 21 -1.9309 0
gene 3 13 4 5.26537 0 22 5.26537 1
gene 3 2 18 -0.138919 0 37 -0.138919 1
gene 3 18 13 1.35315 0 38 1.35315 1
gene 3 2 24 0.732666 0 55 0.732666 1
gene 3 24 18 3.43767 0 56 3.43767 0
genomeend 74

/* Organism #75 Fitness: 4 Error: 2 */
genomestart 75
trait 1 0.1 0 0 0 0 0 0 0 
trait 2 0.6 0 0 0 0 0.340509 0.215614 0 
trait 3 0.3 0 0 0 0 0 0 0 
node 1 1 1 3
node 2 1 1 1
node 3 3 1 1
node 4 1 0 2
node 13 1 0 0
node 18 1 0 0
node 24 3 0 0
gene 1 1 4 -3.1536 0 1 -3.1536 1
gene 3 2 4 -3.29583 0 2 -3.29583 0
gene 1 3 4 -1.83627 0 3 -1.83627 1
gene 3 2 13 -1.89899 0 21 -1.89899 0
gene 3 13 4 -1.54709 0 22 -1.54709 1
gene 3 2 18 -0.460837 0 37 -0.460837 1
gene 3 18 13 3.71363 0 38 3.71363 1
gene 3 2 24 2.21863 0 55 2.21863 1
gene 3 24 18 -2.43129 0 56 -2.43129 1
genomeend 75

/* Organism #76 Fitness: 3.99066 Error: 2.00234 */
genomestart 76
trait 1 0.1 0 0 0 0 0 0 0 
trait 2 0.6 0 0 0 0 0.340509 0.215614 0 
trait 3 0.3 0 0 0 0 0 0 0 
node 1 1 1 3
node 2 1 1 1
node 3 3 1 1
node 4 1 0 2
node 13 1 0 0
node 18 1 0 0
node 24 3 0 0
gene 1 1 4 -3.37538 0 1 -3.37538 1
gene 3 2 4 -6.52176 0 2 -6.52176 0
gene 1 3 4 0.329403 0 3 0.329403 1
gene 3 2 13 -1.30616 0 21 -1.30616 0
gene 3 13 4 5.7578 0 22 5.7578 1
gene 3 2 18 -1.79071 0 37 -1.79071 1
gene 3 18 13 2.9695 0 38 2.9695 1
gene 3 2 24 2.96781 0 55 2.96781 1
gene 3 24 18 1.32436 0 56 1.32436 1
genomeend 76

/* Species #11 : (Size 4) (AF 5.81282) (Age 20)  */


/* Organism #77 Fitness: 5.18942 Error: 1.72197 */
genomestart 77
trait 1 0.1 0.189145 0 0 0 0 0.255052 0 
trait 2 0.2 0.0217973 0.00836807 0.0042072 0.031487 0 0.0304815 0 
trait 3 0.3 0 0 0 0 0 0 0 
node 1 1 1 3
node 2 1 1 1
node 3 3 1 1
node 4 1 0 2
node 26 1 0 0
gene 1 1 4 -0.633488 0 1 -0.633488 1
gene 2 2 4 -5.4752 0 2 -5.4752 1
gene 3 3 4 6.26144 0 3 6.26144 1
gene 3 2 26 -1.55618 0 60 -1.55618 1
gene 3 26 4 8 0 61 8 1
gene 3 1 26 -2.74035 0 76 -2.74035 1
gene 2 3 26 0.0622777 0 137 0.0622777 1
genomeend 77

/* Organism #78 Fitness: 8.99926 Error: 1.00012 */
genomestart 78
trait 1 0.1 0.189145 0 0 0 0 0.255052 0 
trait 2 0.2 0.0217973 0.00836807 0.0042072 0.031487 0 0.0304815 0 
trait 3 0.3 0 0 0 0 0 0 0 
node 1 1 1 3
node 2 1 1 1
node 3 3 1 1
node 4 1 0 2
node 26 1 0 0
gene 1 1 4 -1.86307 0 1 -1.86307 1
gene 3 2 4 -6.60377 0 2 -6.60377 1
gene 3 3 4 6.26144 0 3 6.26144 1
gene 3 2 26 -1.57071 0 60 -1.57071 1
gene 3 26 4 5.88478 0 61 5.88478 1
gene 3 1 26 -2.99008 0 76 -2.99008 1
gene 2 3 26 0.230119 0 137 0.230119 1
genomeend 78

/* Organism #79 Fitness: 5.18942 Error: 1.72197 */
genomestart 79
trait 1 0.1 0.189145 0 0 0 0 0.255052 0 
trait 2 0.2 0.0217973 0.00836807 0.0042072 0.031487 0 0.0304815 0 
trait 3 0.3 0 0 0 0 0 0 0 
node 1 1 1 3
node 2 1 1 1
node 3 3 1 1
node 4 1 0 2
node 26 1 0 0
gene 1 1 4 -0.633488 0 1 -0.633488 1
gene 3 2 4 -5.4752 0 2 -5.4752 1
gene 3 3 4 6.26144 0 3 6.26144 1
gene 3 2 26 -1.55618 0 60 -1.55618 1
gene 3 26 4 8 0 61 8 1
gene 3 1 26 -2.74035 0 76 -2.74035 1
gene 2 3 26 0.0622777 0 137 0.0622777 1
genomeend 79

/* Organism #80 Fitness: 3.87316 Error: 2.03197 */
genomestart 80
trait 1 0.1 0.189145 0 0 0 0 0.255052 0 
trait 2 0.2 0.0217973 0.00836807 0.0042072 0.031487 0 0.0304815 0 
trait 3 0.3 0 0 0 0 0 0 0 
node 1 1 1 3
node 2 1 1 1
node 3 3 1 1
node 4 1 0 2
node 26 1 0 0
gene 1 1 4 -0.679816 0 1 -0.679816 1
gene 1 2 4 -6.48361 0 2 -6.48361 1
gene 3 3 4 7.19535 0 3 7.19535 1
gene 3 2 26 0.456768 0 60 0.456768 1
gene 3 26 4 5.66064 0 61 5.66064 1
gene 3 1 26 -1.74865 0 76 -1.74865 1
gene 2 3 26 1.02794 0 137 1.02794 1
genomeend 80

/* Species #12 : (Size 7) (AF 6.4486) (Age 18)  */


/* Organism #81 Fitness: 8.99526 Error: 1.00079 */
genomestart 81
trait 1 0.1 0.965927 0.20113 0.888658 0.704016 0.0833473 0 0 
trait 2 0.2 0 0 0 0 0 0 0 
trait 3 0.3 0 0 0 0 0 0 0 
node 1 1 1 3
node 2 1 1 1
node 3 3 1 1
node 4 3 0 2
node 37 1 0 0
gene 1 1 4 -4.85749 0 1 -4.85749 1
gene 3 2 4 -0.589934 0 2 -0.589934 0
gene 3 3 4 -5.23277 0 3 -5.23277 1
gene 3 2 37 5.70713 0 102 5.70713 1
gene 3 37 4 6.76986 0 103 6.76986 1
genomeend 81

/* Organism #82 Fitness: 4.30286 Error: 1.92567 */
genomestart 82
trait 1 0.1 0.965927 0.20113 0.888658 0.704016 0.0833473 0 0 
trait 2 0.2 0 0 0 0 0 0 0 
trait 3 0.3 0 0 0 0.0280083 0.00877265 0.0275775 0.0291295 
node 1 1 1 3
node 2 1 1 1
node 3 3 1 1
node 4 3 0 2
node 37 1 0 0
gene 1 1 4 -7.28738 0 1 -7.28738 1
gene 3 2 4 -0.613758 0 2 -0.613758 0
gene 3 3 4 -5.19141 0 3 -5.19141 1
gene 3 2 37 5.18181 0 102 5.18181 1
gene 3 37 4 6.77523 0 103 6.77523 1
genomeend 82

/* Organism #83 Fitness: 1.00146 Error: 2.99927 */
genomestart 83
trait 1 0.1 0.965927 0.20113 0.888658 0.704016 0.0833473 0 0 
trait 2 0.2 0 0 0 0 0 0 0 
trait 3 0.3 0 0 0 0.0560166 0.0175453 0.0551551 0.058259 
node 1 1 1 3
node 2 1 1 1
node 3 3 1 1
node 4 3 0 2
node 37 1 0 0
gene 1 1 4 -2.48718 0 1 -2.48718 1
gene 3 2 4 1.63378 0 2 1.63378 0
gene 3 3 4 -3.68552 0 3 -3.68552 1
gene 3 2 37 5.47076 0 102 5.47076 1
gene 3 37 4 8 0 103 8 1
genomeend 83

/* Organism #84 Fitness: 8.99526 Error: 1.00079 */
genomestart 84
trait 1 0.1 0.965927 0.20113 0.888658 0.704016 0.0833473 0 0 
trait 2 0.2 0 0 0 0 0 0 0 
trait 3 0.3 0 0 0 0 0 0 0 
node 1 1 1 3
node 2 1 1 1
node 3 3 1 1
node 4 3 0 2
node 37 1 0 0
gene 1 1 4 -4.85749 0 1 -4.85749 1
gene 3 2 4 -0.589934 0 2 -0.589934 0
gene 3 3 4 -5.23277 0 3 -5.23277 1
gene 3 2 37 5.70713 0 102 5.70713 1
gene 3 37 4 6.76986 0 103 6.76986 1
gene 3 3 37 -0.982704 0 241 -0.982704 1
genomeend 84

/* Organism #85 Fitness: 8.9944 Error: 1.00093 */
genomestart 85
trait 1 0.1 0.965927 0.20113 0.888658 0.704016 0.0833473 0 0 
trait 2 0.2 0 0 0 0 0 0 0 
trait 3 0.3 0 0 0 0 0 0 0 
node 1 1 1 3
node 2 1 1 1
node 3 3 1 1
node 4 3 0 2
node 37 1 0 0
gene 1 1 4 -4.644 0 1 -4.644 1
gene 3 2 4 -0.589934 0 2 -0.589934 0
gene 3 3 4 -5.78295 0 3 -5.78295 1
gene 3 2 37 4.96196 0 102 4.96196 1
gene 3 37 4 6.32728 0 103 6.32728 1
genomeend 85

/* Organism #86 Fitness: 8.9911 Error: 1.00148 */
genomestart 86
trait 1 0.1 0.965927 0.20113 0.888658 0.704016 0.0833473 0 0 
trait 2 0.2 0 0 0 0 0 0 0 
trait 3 0.3 0 0 0 0 0 0 0 
node 1 1 1 3
node 2 1 1 1
node 3 3 1 1
node 4 3 0 2
node 37 1 0 0
gene 1 1 4 -4.85749 0 1 -4.85749 1
gene 3 2 4 -0.589934 0 2 -0.589934 1
gene 3 3 4 -5.23277 0 3 -5.23277 1
gene 3 2 37 5.70713 0 102 5.70713 1
gene 3 37 4 6.76986 0 103 6.76986 1
gene 3 1 37 -0.586846 0 242 -0.586846 1
genomeend 86

/* Organism #87 Fitness: 3.85983 Error: 2.03535 */
genomestart 87
trait 1 0.1 0.965927 0.20113 0.888658 0.704016 0.0833473 0 0 
trait 2 0.2 0 0 0 0 0 0 0 
trait 3 0.3 0 0 0 0.0560166 0.0175453 0.0551551 0.058259 
node 1 1 1 3
node 2 1 1 1
node 3 3 1 1
node 4 3 0 2
node 37 1 0 0
gene 1 1 4 -4.74865 0 1 -4.74865 1
gene 3 2 4 0.568486 0 2 0.568486 0
gene 3 3 4 1.98349 0 3 1.98349 1
gene 3 2 37 6.00466 0 102 6.00466 1
gene 3 37 4 2.095 0 103 2.095 1
genomeend 87

/* Species #13 : (Size 6) (AF 5.65418) (Age 16)  */


/* Organism #88 Fitness: 8.99935 Error: 1.00011 */
genomestart 88
trait 1 0.361992 0 0 0 0 0 0 0.450208 
trait 2 0.2 0 0 0 0 0 0 0 
trait 3 0.3 0 0.0336943 0 0 0 0 0.450728 
node 1 1 1 3
node 2 1 1 1
node 3 1 1 1
node 4 3 0 2
node 9 1 0 0
node 16 1 0 0
node 33 1 0 0
node 52 1 0 0
gene 1 1 4 -7.8931 0 1 -7.8931 1
gene 3 2 4 -4.24763 0 2 -4.24763 1
gene 1 3 4 -1.46988 0 3 -1.46988 1
gene 1 3 9 4.4479 0 12 4.4479 1
gene 1 9 4 6.91526 0 13 6.91526 1
gene 1 1 9 -1.68897 0 28 -1.68897 1
gene 3 2 16 3.48353 0 33 3.48353 1
gene 3 16 4 4.09336 0 34 4.09336 0
gene 1 3 16 1.06798 0 47 1.06798 1
gene 2 2 33 -0.423357 0 87 -0.423357 1
gene 3 33 16 2.45401 0 88 2.45401 1
gene 3 16 52 1 0 156 0.5 1
gene 3 52 4 4.34763 0 157 2.25385 1
genomeend 88

/* Organism #89 Fitness: 4.00401 Error: 1.999 */
genomestart 89
trait 1 0.361992 0 0 0 0 0 0 0.450208 
trait 2 0.2 0 0 0 0 0 0 0 
trait 3 0.3 0 0.0336943 0 0 0 0 0.450728 
node 1 1 1 3
node 2 1 1 1
node 3 1 1 1
node 4 3 0 2
node 9 1 0 0
node 16 1 0 0
node 33 1 0 0
node 52 1 0 0
gene 1 1 4 -7.0933 0 1 -7.0933 1
gene 3 2 4 -3.97876 0 2 -3.97876 1
gene 1 3 4 -2.46419 0 3 -2.46419 1
gene 1 3 9 4.4479 0 12 4.4479 1
gene 1 9 4 8 0 13 8 1
gene 1 1 9 -2.25953 0 28 -2.25953 1
gene 3 2 16 1.35359 0 33 1.35359 1
gene 3 16 4 4.09336 0 34 4.09336 0
gene 1 3 16 -0.981056 0 47 -0.981056 1
gene 2 2 33 -2.47121 0 87 -2.47121 1
gene 3 33 16 4.09568 0 88 4.09568 1
gene 3 16 52 -0.661548 0 156 -0.661548 1
gene 3 52 4 4.13028 0 157 4.13028 1
genomeend 89

/* Organism #90 Fitness: 4.00001 Error: 2 */
genomestart 90
trait 1 0.361992 0 0 0 0 0 0 0.450208 
trait 2 0.2 0 0 0 0 0 0 0 
trait 3 0.3 0 0.0336943 0 0 0 0 0.450728 
node 1 1 1 3
node 2 1 1 1
node 3 1 1 1
node 4 3 0 2
node 9 1 0 0
node 16 1 0 0
node 33 1 0 0
node 52 1 0 0
gene 1 1 4 -8 0 1 -8 1
gene 3 2 4 -1.89581 0 2 -1.89581 1
gene 1 3 4 -2.70279 0 3 -2.70279 1
gene 1 3 9 5.20628 0 12 5.20628 1
gene 1 9 4 8 0 13 8 1
gene 1 1 9 -1.43704 0 28 -1.43704 1
gene 3 2 16 2.06606 0 33 2.06606 1
gene 3 16 4 4.63811 0 34 4.63811 0
gene 1 3 16 1.68165 0 47 1.68165 1
gene 2 2 33 0.121623 0 87 0.121623 1
gene 3 33 16 4.56045 0 88 4.56045 1
gene 3 16 52 -0.72827 0 156 -0.72827 1
gene 3 52 4 3.02863 0 157 3.02863 1
genomeend 90

/* Organism #91 Fitness: 8.92168 Error: 1.01308 */
genomestart 91
trait 1 0.361992 0 0 0 0 0 0 0.450208 
trait 2 0.2 0 0 0 0 0 0 0 
trait 3 0.3 0 0.0336943 0 0 0 0 0.450728 
node 1 1 1 3
node 2 1 1 1
node 3 1 1 1
node 4 3 0 2
node 9 1 0 0
node 16 1 0 0
node 33 1 0 0
node 52 1 0 0
gene 1 1 4 -6.82386 0 1 -6.82386 1
gene 3 2 4 -4.72222 0 2 -4.72222 1
gene 1 3 4 -3.59197 0 3 -3.59197 1
gene 1 3 9 5.15516 0 12 5.15516 1
gene 1 9 4 8 0 13 8 1
gene 1 1 9 -0.277069 0 28 -0.277069 1
gene 3 2 16 2.68951 0 33 2.68951 1
gene 3 16 4 4.92504 0 34 4.92504 0
gene 1 3 16 -0.330163 0 47 -0.330163 1
gene 2 2 33 -1.73948 0 87 -1.73948 1
gene 3 33 16 4.0009 0 88 4.0009 1
gene 3 16 52 1 0 156 1 1
gene 3 52 4 4.34763 0 157 4.34763 1
genomeend 91

/* Organism #92 Fitness: 4 Error: 2 */
genomestart 92
trait 1 0.361992 0 0 0 0 0 0 0.450208 
trait 2 0.2 0 0 0 0 0 0 0 
trait 3 0.3 0 0.0336943 0 0 0 0 0.450728 
node 1 1 1 3
node 2 1 1 1
node 3 1 1 1
node 4 3 0 2
node 9 1 0 0
node 16 1 0 0
node 33 1 0 0
node 52 1 0 0
gene 1 1 4 -7.46081 0 1 -7.46081 1
gene 3 2 4 -4.24005 0 2 -4.24005 1
gene 1 3 4 -4.0666 0 3 -4.0666 1
gene 1 3 9 6.73634 0 12 6.73634 1
gene 1 9 4 5.72723 0 13 5.72723 1
gene 1 1 9 -2.33621 0 28 -2.33621 1
gene 3 2 16 3.10752 0 33 3.10752 1
gene 3 16 4 5.01037 0 34 5.01037 0
gene 1 3 16 -2.20083 0 47 -2.20083 1
gene 2 2 33 2.04147 0 87 2.04147 1
gene 3 33 16 0.917113 0 88 0.917113 1
gene 3 16 52 1.32534 0 156 1.32534 1
gene 3 52 4 -0.523683 0 157 -0.523683 1
genomeend 92

/* Organism #93 Fitness: 4.00004 Error: 1.99999 */
genomestart 93
trait 1 0.361992 0 0 0 0 0 0 0.450208 
trait 2 0.2 0 0 0 0 0 0 0 
trait 3 0.3 0 0.0336943 0 0 0 0 0.450728 
node 1 1 1 3
node 2 1 1 1
node 3 1 1 1
node 4 3 0 2
node 9 1 0 0
node 16 1 0 0
node 33 1 0 0
node 52 1 0 0
gene 1 1 4 -8 0 1 -8 1
gene 3 2 4 -5.33324 0 2 -5.33324 1
gene 1 3 4 -2.92343 0 3 -2.92343 1
gene 1 3 9 5.16924 0 12 5.16924 1
gene 1 9 4 8 0 13 8 1
gene 1 1 9 -0.465568 0 28 -0.465568 1
gene 3 2 16 5.51888 0 33 5.51888 1
gene 3 16 4 3.10933 0 34 3.10933 0
gene 1 3 16 -1.96968 0 47 -1.96968 1
gene 2 2 33 1.24569 0 87 1.24569 1
gene 3 33 16 0.661225 0 88 0.661225 1
gene 3 16 52 0.910119 0 156 0.910119 1
gene 3 52 4 1.18668 0 157 1.18668 1
genomeend 93

/* Species #14 : (Size 6) (AF 5.78623) (Age 15)  */


/* Organism #94 Fitness: 8.99978 Error: 1.00004 */
genomestart 94
trait 1 0.1 0 0 0 0 0 0 0 
trait 2 0.2 0 0 0.170138 0 0 0 0.153112 
trait 3 0.3 0 0 0 0 0 0 0 
node 1 1 1 3
node 2 1 1 1
node 3 3 1 1
node 4 1 0 2
node 11 1 0 0
node 35 1 0 0
gene 2 1 4 -3.24893 0 1 -3.24893 1
gene 3 2 4 0.336533 0 2 0.336533 1
gene 2 3 4 0.279943 0 3 0.279943 0
gene 2 3 11 1.32515 0 16 1.32515 0
gene 2 11 4 4.41453 0 17 4.41453 1
gene 2 1 11 -1.58911 0 81 -1.58911 1
gene 2 3 35 5.25066 0 95 5.25066 1
gene 2 35 11 5.03627 0 96 5.03627 1
gene 1 1 35 -3.56906 0 111 -3.56906 1
gene 1 2 35 -2.21789 0 134 -2.21789 1
gene 2 2 11 0.168332 0 146 0.168332 1
gene 2 35 4 0.911081 0 177 0.911081 1
genomeend 94

/* Organism #95 Fitness: 2.87979 Error: 2.303 */
genomestart 95
trait 1 0.1 0 0 0 0 0 0 0 
trait 2 0.2 0.142946 0 0.0342909 0 0 0 0.153112 
trait 3 0.3 0 0 0 0 0 0 0 
node 1 1 1 3
node 2 1 1 1
node 3 3 1 1
node 4 1 0 2
node 11 1 0 0
node 35 1 0 0
gene 2 1 4 1.58011 0 1 1.58011 1
gene 3 2 4 -1.94226 0 2 -1.94226 1
gene 2 3 4 -0.624134 0 3 -0.624134 0
gene 3 3 11 0.183234 0 16 0.183234 0
gene 2 11 4 4.8267 0 17 4.8267 1
gene 2 1 11 -0.387087 0 81 -0.387087 1
gene 2 3 35 6.7902 0 95 6.7902 1
gene 2 35 11 3.45522 0 96 3.45522 1
gene 1 1 35 -3.52659 0 111 -3.52659 1
gene 1 2 35 -3.86698 0 134 -3.86698 1
gene 2 2 11 -0.0463247 0 146 -0.0463247 1
gene 2 35 4 2.14738 0 177 2.14738 1
genomeend 95

/* Organism #96 Fitness: 4 Error: 2 */
genomestart 96
trait 1 0.1 0 0 0 0 0 0 0 
trait 2 0.2 0 0 0.170138 0 0 0 0.153112 
trait 3 0.3 0 0 0 0 0 0 0 
node 1 1 1 3
node 2 1 1 1
node 3 3 1 1
node 4 1 0 2
node 11 1 0 0
node 35 1 0 0
gene 2 1 4 -3.24893 0 1 -3.24893 1
gene 3 2 4 0.336533 0 2 0.336533 1
gene 2 3 4 0.279943 0 3 0.279943 0
gene 3 3 11 2.20302 0 16 2.20302 0
gene 2 11 4 6.14 0 17 6.14 1
gene 2 1 11 -1.58911 0 81 -1.58911 1
gene 2 3 35 5.25066 0 95 5.25066 1
gene 2 35 11 5.03627 0 96 5.03627 1
gene 1 1 35 -5.90075 0 111 -5.90075 1
gene 1 2 35 -2.21789 0 134 -2.21789 1
gene 2 2 11 0.168332 0 146 0.168332 1
gene 2 35 4 0.911081 0 177 0.911081 1
genomeend 96

/* Organism #97 Fitness: 8.99062 Error: 1.00156 */
genomestart 97
trait 1 0.1 0 0 0 0 0 0 0 
trait 2 0.2 0 0 0.170138 0 0 0 0.153112 
trait 3 0.3 0 0 0 0 0 0 0 
node 1 1 1 3
node 2 1 1 1
node 3 3 1 1
node 4 1 0 2
node 11 1 0 0
node 35 1 0 0
gene 2 1 4 -1.31315 0 1 -1.31315 1
gene 1 2 4 -0.351436 0 2 -0.351436 1
gene 2 3 4 -1.22437 0 3 -1.22437 0
gene 2 3 11 3.54972 0 16 3.54972 0
gene 2 11 4 4.23938 0 17 4.23938 1
gene 2 1 11 -2.09452 0 81 -2.09452 1
gene 2 3 35 4.43753 0 95 4.43753 1
gene 2 35 11 4.75912 0 96 4.75912 1
gene 1 1 35 -4.04663 0 111 -4.04663 1
gene 1 2 35 -3.41108 0 134 -3.41108 1
gene 2 2 11 2.02537 0 146 2.02537 1
gene 2 35 4 2.46103 0 177 2.46103 1
genomeend 97

/* Organism #98 Fitness: 1.18567 Error: 2.91112 */
genomestart 98
trait 1 0.1 0 0 0 0 0 0 0 
trait 2 0.2 0 0 0.170138 0 0 0 0.153112 
trait 3 0.3 0 0 0 0 0 0 0 
node 1 1 1 3
node 2 1 1 1
node 3 3 1 1
node 4 1 0 2
node 11 1 0 0
node 35 3 0 0
gene 2 1 4 1.45953 0 1 1.45953 1
gene 3 2 4 2.07321 0 2 2.07321 1
gene 2 3 4 -2.21426 0 3 -2.21426 0
gene 3 3 11 1.29556 0 16 1.29556 0
gene 2 11 4 0.264489 0 17 0.264489 1
gene 2 1 11 -3.40356 0 81 -3.40356 1
gene 2 3 35 7.62924 0 95 7.62924 1
gene 2 35 11 6.60213 0 96 6.60213 1
gene 1 1 35 -7.19899 0 111 -7.19899 1
gene 1 2 35 0.948669 0 134 0.948669 1
gene 2 2 11 -1.20311 0 146 -1.20311 1
gene 2 35 4 -2.46681 0 177 -2.46681 1
genomeend 98

/* Organism #99 Fitness: 8.6615 Error: 1.05696 */
genomestart 99
trait 1 0.1 0 0 0 0 0 0 0 
trait 2 0.2 0 0 0.170138 0 0 0 0.153112 
trait 3 0.3 0 0 0 0 0 0 0 
node 1 1 1 3
node 2 1 1 1
node 3 3 1 1
node 4 1 0 2
node 11 1 0 0
node 35 3 0 0
gene 2 1 4 -3.24893 0 1 -3.24893 1
gene 3 2 4 0.336533 0 2 0.336533 1
gene 2 3 4 2.33784 0 3 2.33784 1
gene 3 3 11 2.20302 0 16 2.20302 0
gene 2 11 4 6.14 0 17 6.14 1
gene 2 1 11 -1.58911 0 81 -1.58911 1
gene 2 3 35 7.66618 0 95 7.66618 1
gene 2 35 11 4.30343 0 96 4.30343 1
gene 1 1 35 -5.90075 0 111 -5.90075 1
gene 1 2 35 -3.1522 0 134 -3.1522 1
gene 2 2 11 0.168332 0 146 0.168332 1
gene 2 35 4 -1.09686 0 177 -1.09686 1
genomeend 99

/* Species #15 : (Size 8) (AF 7.54663) (Age 14)  */


/* Organism #100 Fitness: 8.99719 Error: 1.00047 */
genomestart 100
trait 1 0.1 0 0 0 0 0 0 0 
trait 2 0.2 0.109081 0 0.272221 0 0 0 0.153112 
trait 3 0.3 0 0 0 0 0 0 0 
node 1 1 1 3
node 2 1 1 1
node 3 3 1 1
node 4 3 0 2
node 11 1 0 0
node 38 1 0 0
gene 1 1 4 -2.56442 0 1 -2.56442 1
gene 3 2 4 2.23803 0 2 2.23803 1
gene 2 3 4 -6.70979 0 3 -6.70979 1
gene 2 3 11 5.17216 0 16 5.17216 0
gene 2 11 4 1.93184 0 17 1.93184 1
gene 3 2 11 1.17245 0 94 1.17245 1
gene 2 3 38 -2.59905 0 104 -2.59905 1
gene 2 38 11 -0.82425 0 105 -0.82425 1
genomeend 100

/* Organism #101 Fitness: 7.16248 Error: 1.32372 */
genomestart 101
trait 1 0.1 0 0 0 0 0 0 0 
trait 2 0.2 0.109081 0 0.272221 0 0 0 0.153112 
trait 3 0.3 0 0 0 0 0 0 0 
node 1 1 1 3
node 2 1 1 1
node 3 3 1 1
node 4 3 0 2
node 11 1 0 0
node 38 1 0 0
gene 1 1 4 -4.55545 0 1 -4.55545 1
gene 3 2 4 3.93851 0 2 3.93851 1
gene 2 3 4 -1.5888 0 3 -1.5888 1
gene 2 3 11 5.17216 0 16 5.17216 0
gene 2 11 4 2.05627 0 17 2.05627 1
gene 3 2 11 1.56094 0 94 1.56094 1
gene 2 3 38 -2.7595 0 104 -2.7595 1
gene 2 38 11 -0.82425 0 105 -0.82425 1
genomeend 101

/* Organism #102 Fitness: 4.15134 Error: 1.96252 */
genomestart 102
trait 1 0.1 0 0 0 0 0 0 0 
trait 2 0.2 0.109081 0 0.272221 0 0 0 0.153112 
trait 3 0.3 0 0 0 0 0 0 0 
node 1 1 1 3
node 2 1 1 1
node 3 3 1 1
node 4 3 0 2
node 11 1 0 0
node 38 1 0 0
gene 1 1 4 -2.74223 0 1 -2.74223 1
gene 3 2 4 0.114457 0 2 0.114457 1
gene 2 3 4 -5.23295 0 3 -5.23295 1
gene 2 3 11 6.80403 0 16 6.80403 1
gene 2 11 4 1.98363 0 17 1.98363 1
gene 3 2 11 3.02001 0 94 3.02001 1
gene 2 3 38 -5.06915 0 104 -5.06915 1
gene 2 38 11 0.512089 0 105 0.512089 1
genomeend 102

/* Organism #103 Fitness: 8.99906 Error: 1.00016 */
genomestart 103
trait 1 0.1 0 0 0 0 0 0 0 
trait 2 0.2 0.109081 0 0.272221 0 0 0 0.153112 
trait 3 0.3 0 0 0 0 0 0 0 
node 1 1 1 3
node 2 1 1 1
node 3 3 1 1
node 4 3 0 2
node 11 1 0 0
node 38 1 0 0
gene 1 1 4 -1.84693 0 1 -1.84693 1
gene 3 2 4 3.68633 0 2 3.68633 1
gene 2 3 4 -6.49843 0 3 -6.49843 1
gene 2 3 11 6.70308 0 16 6.70308 0
gene 2 11 4 2.55996 0 17 2.55996 1
gene 3 2 11 1.78897 0 94 1.78897 1
gene 2 3 38 -1.87692 0 104 -1.87692 1
gene 2 38 11 -1.96142 0 105 -1.96142 1
genomeend 103

/* Organism #104 Fitness: 8.99719 Error: 1.00047 */
genomestart 104
trait 1 0.1 0 0 0 0 0 0 0 
trait 2 0.2 0.109081 0 0.272221 0 0 0 0.153112 
trait 3 0.3 0 0 0 0 0 0 0 
node 1 1 1 3
node 2 1 1 1
node 3 3 1 1
node 4 3 0 2
node 11 1 0 0
node 38 1 0 0
gene 1 1 4 -2.56442 0 1 -2.56442 1
gene 3 2 4 2.23803 0 2 2.23803 1
gene 2 3 4 -6.70979 0 3 -6.70979 1
gene 2 3 11 5.17216 0 16 5.17216 0
gene 2 11 4 1.93184 0 17 1.93184 1
gene 3 2 11 1.17245 0 94 1.17245 1
gene 2 3 38 -2.59905 0 104 -2.59905 1
gene 2 38 11 -0.82425 0 105 -0.82425 1
genomeend 104

/* Organism #105 Fitness: 8.98704 Error: 1.00216 */
genomestart 105
trait 1 0.1 0 0 0 0 0 0 0 
trait 2 0.2 0.109081 0 0.272221 0 0 0 0.153112 
trait 3 0.3 0 0 0 0 0 0 0 
node 1 1 1 3
node 2 1 1 1
node 3 3 1 1
node 4 3 0 2
node 11 1 0 0
node 38 1 0 0
gene 1 1 4 -4.34106 0 1 -4.34106 1
gene 3 2 4 3.1746 0 2 3.1746 1
gene 2 3 4 -5.73989 0 3 -5.73989 1
gene 2 3 11 6.16402 0 16 6.16402 0
gene 2 11 4 2.41292 0 17 2.41292 1
gene 3 2 11 1.93472 0 94 1.93472 1
gene 2 3 38 -0.646095 0 104 -0.646095 1
gene 2 38 11 0.499358 0 105 0.499358 1
genomeend 105

/* Organism #106 Fitness: 6.30656 Error: 1.48871 */
genomestart 106
trait 1 0.1 0 0 0 0 0 0 0 
trait 2 0.2 0.109081 0 0.272221 0 0 0 0.153112 
trait 3 0.3 0 0 0 0 0 0 0 
node 1 1 1 3
node 2 1 1 1
node 3 3 1 1
node 4 3 0 2
node 11 1 0 0
node 38 1 0 0
gene 1 1 4 -1.57491 0 1 -1.57491 1
gene 3 2 4 3.93243 0 2 3.93243 1
gene 2 3 4 -6.9159 0 3 -6.9159 1
gene 2 3 11 2.84786 0 16 2.84786 0
gene 2 11 4 2.84183 0 17 2.84183 1
gene 3 2 11 3.65255 0 94 3.65255 1
gene 2 3 38 -1.89506 0 104 -1.89506 1
gene 2 38 11 0.0829804 0 105 0.0829804 1
genomeend 106

/* Organism #107 Fitness: 6.77217 Error: 1.39766 */
genomestart 107
trait 1 0.1 0 0 0 0 0 0 0 
trait 2 0.2 0.109081 0 0.272221 0 0 0 0.153112 
trait 3 0.3 0 0 0 0 0 0 0 
node 1 1 1 3
node 2 1 1 1
node 3 3 1 1
node 4 3 0 2
node 11 1 0 0
node 38 1 0 0
gene 1 1 4 -0.298266 0 1 -0.298266 1
gene 3 2 4 0.442363 0 2 0.442363 1
gene 2 3 4 -4.6806 0 3 -4.6806 1
gene 2 3 11 4.27811 0 16 4.27811 0
gene 2 11 4 2.70243 0 17 2.70243 1
gene 3 2 11 2.62534 0 94 2.62534 1
gene 2 3 38 -4.61722 0 104 -4.61722 1
gene 2 38 11 -0.99679 0 105 -0.99679 1
genomeend 107

/* Species #16 : (Size 4) (AF 3.33698) (Age 8)  */


/* Organism #108 Fitness: 1.34577 Error: 2.83993 */
genomestart 108
trait 1 0.1 0 0 0 0 0 0 0 
trait 2 0.2 0 0 0 0 0 0 0 
trait 3 0.3 0 0 0 0 0 0 0 
node 1 1 1 3
node 2 1 1 1
node 3 3 1 1
node 4 1 0 2
node 13 1 0 0
node 51 1 0 0
gene 1 1 4 -5.48226 0 1 -5.48226 1
gene 3 2 4 0.916492 0 2 0.916492 0
gene 3 3 4 0.639432 0 3 0.639432 1
gene 3 2 13 -1.39834 0 21 -1.39834 0
gene 3 13 4 6.7378 0 22 6.7378 1
gene 1 3 13 2.5068 0 31 2.5068 1
gene 3 2 51 -0.342532 0 150 -0.342532 1
gene 3 51 13 1.51774 0 151 1.51774 1
genomeend 108

/* Organism #109 Fitness: 4 Error: 2 */
genomestart 109
trait 1 0.1 0 0 0 0 0 0 0 
trait 2 0.2 0 0 0 0 0 0 0 
trait 3 0.3 0 0 0 0 0 0 0 
node 1 1 1 3
node 2 1 1 1
node 3 3 1 1
node 4 1 0 2
node 13 1 0 0
node 51 1 0 0
gene 1 1 4 -1.34236 0 1 -1.34236 1
gene 3 2 4 0.167035 0 2 0.167035 0
gene 3 3 4 2.88239 0 3 2.88239 1
gene 3 2 13 -0.439881 0 21 -0.439881 0
gene 3 13 4 4.20904 0 22 4.20904 1
gene 1 3 13 0.145949 0 31 0.145949 1
gene 3 2 51 2.80362 0 150 2.80362 1
gene 3 51 13 4.56858 0 151 4.56858 1
genomeend 109

/* Organism #110 Fitness: 4.00217 Error: 1.99946 */
genomestart 110
trait 1 0.1 0 0 0 0 0 0 0 
trait 2 0.2 0 0 0 0 0 0 0 
trait 3 0.3 0 0 0 0 0 0 0 
node 1 1 1 3
node 2 1 1 1
node 3 3 1 1
node 4 1 0 2
node 13 1 0 0
node 51 1 0 0
gene 1 1 4 -4.43329 0 1 -4.43329 1
gene 3 2 4 1.00111 0 2 1.00111 0
gene 3 3 4 2.63895 0 3 2.63895 1
gene 3 2 13 -0.651362 0 21 -0.651362 0
gene 3 13 4 5.78953 0 22 5.78953 1
gene 1 3 13 0.810921 0 31 0.810921 1
gene 3 2 51 1.90719 0 150 1.90719 1
gene 3 51 13 1.76727 0 151 1.76727 1
genomeend 110

/* Organism #111 Fitness: 3.99999 Error: 2 */
genomestart 111
trait 1 0.1 0 0 0 0 0 0 0 
trait 2 1 0.527291 0 0 0 0 0 0 
trait 3 0.3 0 0 0 0 0 0 0 
node 1 1 1 3
node 2 1 1 1
node 3 3 1 1
node 4 1 0 2
node 13 1 0 0
node 51 1 0 0
gene 1 1 4 -6.38828 0 1 -6.38828 1
gene 3 2 4 0.554827 0 2 0.554827 0
gene 3 3 4 2.85391 0 3 2.85391 1
gene 3 2 13 2.03217 0 21 2.03217 0
gene 3 13 4 1.63645 0 22 1.63645 1
gene 1 3 13 0.789536 0 31 0.789536 1
gene 3 2 51 1.01931 0 150 1.01931 1
gene 3 51 13 0.439689 0 151 0.439689 1
genomeend 111

/* Species #17 : (Size 8) (AF 8.08589) (Age 7)  */


/* Organism #112 Fitness: 9 Error: 1 */
genomestart 112
trait 1 0.1 0 0 0 0 0 0 0 
trait 2 0.2 0.109081 0 0.272221 0 0 0 0.153112 
trait 3 0.3 0 0 0 0 0 0 0 
node 1 1 1 3
node 2 1 1 1
node 3 3 1 1
node 4 1 0 2
node 11 1 0 0
node 38 1 0 0
node 57 1 0 0
gene 3 1 4 -3.50677 0 1 -3.50677 1
gene 3 2 4 5.69536 0 2 5.69536 1
gene 2 3 4 -7.26312 0 3 -7.26312 1
gene 2 3 11 5.62856 0 16 5.62856 0
gene 1 11 4 0.805024 0 17 0.805024 1
gene 3 2 11 3.4281 0 94 3.4281 1
gene 2 3 38 0.593693 0 104 0.593693 1
gene 2 38 11 -4.53113 0 105 -4.53113 0
gene 3 2 38 -0.127171 0 158 -0.127171 1
gene 2 38 57 0.186931 0 169 0.186931 1
gene 2 57 11 -0.260719 0 170 -0.260719 1
gene 2 57 4 0.57285 0 183 0.57285 1
genomeend 112

/* Organism #113 Fitness: 8.99985 Error: 1.00002 */
genomestart 113
trait 1 0.1 0 0 0 0 0 0 0 
trait 2 0.2 0.109081 0 0.272221 0 0 0 0.153112 
trait 3 0.3 0 0 0 0 0 0 0 
node 1 1 1 3
node 2 1 1 1
node 3 3 1 1
node 4 1 0 2
node 11 1 0 0
node 38 1 0 0
node 57 1 0 0
gene 3 1 4 -4.40034 0 1 -4.40034 1
gene 1 2 4 7.91537 0 2 7.91537 1
gene 2 3 4 -5.90666 0 3 -5.90666 1
gene 2 3 11 -1.45243 0 16 -1.45243 0
gene 1 11 4 -1.05373 0 17 -1.05373 1
gene 3 2 11 1.93468 0 94 1.93468 1
gene 2 3 38 0.82984 0 104 0.82984 1
gene 2 38 11 -4.53113 0 105 -4.53113 0
gene 3 2 38 -1.13738 0 158 -1.13738 1
gene 2 38 57 0.828379 0 169 0.828379 1
gene 2 57 11 2.1205 0 170 2.1205 1
gene 2 57 4 -0.603442 0 183 -0.603442 1
genomeend 113

/* Organism #114 Fitness: 8.99984 Error: 1.00003 */
genomestart 114
trait 1 0.1 0 0 0 0 0 0 0 
trait 2 0.2 0.109081 0 0.272221 0 0 0 0.153112 
trait 3 0.3 0 0 0 0 0 0 0 
node 1 1 1 3
node 2 1 1 1
node 3 3 1 1
node 4 1 0 2
node 11 1 0 0
node 38 1 0 0
node 57 1 0 0
gene 3 1 4 -3.50677 0 1 -3.50677 1
gene 3 2 4 5.76922 0 2 5.76922 1
gene 2 3 4 -7.05248 0 3 -7.05248 1
gene 2 3 11 4.99927 0 16 4.99927 0
gene 1 11 4 -0.747097 0 17 -0.747097 1
gene 3 2 11 2.55958 0 94 2.55958 1
gene 2 3 38 -1.81124 0 104 -1.81124 1
gene 2 38 11 -4.82894 0 105 -4.82894 0
gene 3 2 38 2.01595 0 158 2.01595 1
gene 2 38 57 0.229083 0 169 0.229083 1
gene 2 57 11 -2.19532 0 170 -2.19532 1
gene 2 57 4 2.13604 0 183 2.13604 1
genomeend 114

/* Organism #115 Fitness: 1.68818 Error: 2.7007 */
genomestart 115
trait 1 0.1 0 0 0 0 0 0 0 
trait 2 0.2 0.109081 0 0.272221 0 0 0 0.153112 
trait 3 0.3 0 0 0 0 0 0 0 
node 1 1 1 3
node 2 1 1 1
node 3 3 1 1
node 4 1 0 2
node 11 1 0 0
node 38 1 0 0
node 57 1 0 0
gene 3 1 4 0.16998 0 1 0.16998 1
gene 3 2 4 3.57841 0 2 3.57841 1
gene 2 3 4 -0.665612 0 3 -0.665612 1
gene 2 3 11 6.34944 0 16 6.34944 0
gene 1 11 4 0.724438 0 17 0.724438 1
gene 3 2 11 0.887837 0 94 0.887837 1
gene 2 3 38 1.27848 0 104 1.27848 1
gene 2 38 11 -3.12509 0 105 -3.12509 1
gene 3 2 38 -2.24196 0 158 -2.24196 1
gene 2 38 57 -0.108156 0 169 -0.108156 1
gene 2 57 11 2.05458 0 170 2.05458 1
gene 2 57 4 0.57285 0 183 0.57285 1
genomeend 115

/* Organism #116 Fitness: 8.99954 Error: 1.00008 */
genomestart 116
trait 1 0.1 0 0 0 0 0 0 0 
trait 2 0.2 0.109081 0 0.272221 0 0 0 0.153112 
trait 3 0.3 0 0 0 0 0 0 0 
node 1 1 1 3
node 2 1 1 1
node 3 3 1 1
node 4 1 0 2
node 11 1 0 0
node 38 1 0 0
node 57 1 0 0
gene 3 1 4 -3.66198 0 1 -3.66198 1
gene 3 2 4 6.20804 0 2 6.20804 1
gene 2 3 4 -8 0 3 -8 1
gene 2 3 11 8 0 16 8 0
gene 1 11 4 2.17029 0 17 2.17029 1
gene 3 2 11 3.50764 0 94 3.50764 1
gene 2 3 38 0.131778 0 104 0.131778 1
gene 2 38 11 -6.19839 0 105 -6.19839 0
gene 3 2 38 0.271705 0 158 0.271705 1
gene 2 38 57 -0.205213 0 169 -0.205213 1
gene 2 57 11 0.388372 0 170 0.388372 1
gene 2 57 4 0.732814 0 183 0.732814 1
genomeend 116

/* Organism #117 Fitness: 8.99996 Error: 1.00001 */
genomestart 117
trait 1 0.1 0 0 0 0 0 0 0 
trait 2 0.2 0.109081 0 0.272221 0 0 0 0.153112 
trait 3 0.3 0 0 0 0 0 0 0 
node 1 1 1 3
node 2 1 1 1
node 3 3 1 1
node 4 1 0 2
node 11 1 0 0
node 38 1 0 0
node 57 1 0 0
gene 3 1 4 -5.27674 0 1 -5.27674 1
gene 3 2 4 6.94845 0 2 6.94845 1
gene 2 3 4 -5.3068 0 3 -5.3068 1
gene 2 3 11 6.57472 0 16 6.57472 0
gene 1 11 4 1.4808 0 17 1.4808 1
gene 3 2 11 3.14028 0 94 3.14028 1
gene 2 3 38 0.433618 0 104 0.433618 1
gene 2 38 11 -2.4218 0 105 -2.4218 0
gene 3 2 38 2.79888 0 158 2.79888 1
gene 2 38 57 0.61307 0 169 0.61307 1
gene 2 57 11 1.03746 0 170 1.03746 1
gene 2 57 4 -0.303305 0 183 -0.303305 1
genomeend 117

/* Organism #118 Fitness: 8.99998 Error: 1 */
genomestart 118
trait 1 0.1 0 0 0 0 0 0 0 
trait 2 0.2 0.109081 0 0.272221 0 0 0 0.153112 
trait 3 0.3 0 0 0 0 0 0 0 
node 1 1 1 3
node 2 1 1 1
node 3 3 1 1
node 4 1 0 2
node 11 1 0 0
node 38 1 0 0
node 57 1 0 0
gene 3 1 4 -3.50677 0 1 -3.50677 1
gene 3 2 4 6.14499 0 2 6.14499 1
gene 2 3 4 -5.68026 0 3 -5.68026 1
gene 2 3 11 5.62856 0 16 5.62856 0
gene 1 11 4 1.71716 0 17 1.71716 1
gene 3 2 11 3.58719 0 94 3.58719 1
gene 2 3 38 0.0653194 0 104 0.0653194 1
gene 2 38 11 -4.53113 0 105 -4.53113 0
gene 3 2 38 -0.127171 0 158 -0.127171 1
gene 2 38 57 0.186931 0 169 0.186931 1
gene 2 57 11 -0.260719 0 170 -0.260719 1
gene 2 57 4 -2.12402 0 183 -2.12402 1
genomeend 118

/* Organism #119 Fitness: 8.99974 Error: 1.00004 */
genomestart 119
trait 1 0.1 0 0 0 0 0 0 0 
trait 2 0.2 0.109081 0 0.272221 0 0 0 0.153112 
trait 3 0.3 0 0 0 0 0 0 0 
node 1 1 1 3
node 2 1 1 1
node 3 3 1 1
node 4 1 0 2
node 11 1 0 0
node 38 1 0 0
node 57 1 0 0
node 66 1 0 0
gene 3 1 4 -2.57556 0 1 -2.57556 1
gene 3 2 4 6.86422 0 2 6.86422 1
gene 2 3 4 -6.32987 0 3 -6.32987 1
gene 2 3 11 5.45642 0 16 5.45642 0
gene 2 11 4 2.93424 0 17 2.93424 1
gene 3 2 11 -5.14082 0 94 -5.14082 0
gene 2 3 38 -1.4941 0 104 -1.4941 1
gene 2 38 11 -0.340755 0 105 -0.340755 0
gene 3 2 38 -6.00199 0 158 -6.00199 1
gene 2 38 57 1.45157 0 169 1.45157 1
gene 2 57 11 0.7414 0 170 0.7414 1
gene 2 57 4 -0.563351 0 183 -0.563351 1
gene 3 2 66 -0.281025 0 195 -0.281025 1
gene 3 66 11 -4.1093 0 196 -4.1093 1
genomeend 119

/* Species #18 : (Size 8) (AF 7.42464) (Age 7)  */


/* Organism #120 Fitness: 8.92102 Error: 1.01319 */
genomestart 120
trait 1 0.1 0 0 0 0 0 0 0 
trait 2 0.2 0.109081 0 0.272221 0 0 0 0.153112 
trait 3 0.3 0 0 0 0 0 0 0 
node 1 1 1 3
node 2 1 1 1
node 3 3 1 1
node 4 1 0 2
node 11 1 0 0
node 38 1 0 0
node 58 1 0 0
gene 3 1 4 -4.14307 0 1 -4.14307 1
gene 3 2 4 2.77926 0 2 2.77926 1
gene 2 3 4 -5.09006 0 3 -5.09006 1
gene 2 3 11 6.26762 0 16 6.26762 0
gene 2 11 4 5.65097 0 17 5.65097 0
gene 3 2 11 2.6326 0 94 2.6326 1
gene 2 3 38 -3.2624 0 104 -3.2624 1
gene 2 38 11 -3.40361 0 105 -3.40361 1
gene 3 2 38 1.9821 0 158 1.9821 1
gene 2 11 58 3.29301 0 171 3.29301 1
gene 2 58 4 2.24034 0 172 2.24034 1
gene 3 2 58 1.75156 0 214 1.75156 1
genomeend 120

/* Organism #121 Fitness: 4 Error: 2 */
genomestart 121
trait 1 0.1 0 0 0 0 0 0 0 
trait 2 0.2 0.109081 0 0.272221 0 0 0 0.153112 
trait 3 0.3 0 0 0 0 0 0 0 
node 1 1 1 3
node 2 1 1 1
node 3 3 1 1
node 4 1 0 2
node 11 1 0 0
node 38 1 0 0
node 58 1 0 0
gene 3 1 4 -4.0702 0 1 -4.0702 1
gene 3 2 4 0.770417 0 2 0.770417 1
gene 2 3 4 -2.9726 0 3 -2.9726 1
gene 2 3 11 4.49333 0 16 4.49333 0
gene 2 11 4 6.43768 0 17 6.43768 0
gene 3 2 11 2.07795 0 94 2.07795 1
gene 2 3 38 -0.976021 0 104 -0.976021 1
gene 2 38 11 -4.71848 0 105 -4.71848 1
gene 3 2 38 -0.687753 0 158 -0.687753 1
gene 2 11 58 -0.959449 0 171 -0.959449 1
gene 2 58 4 2.24034 0 172 2.24034 1
gene 3 2 58 0.602485 0 214 0.602485 1
genomeend 121

/* Organism #122 Fitness: 4.00117 Error: 1.99971 */
genomestart 122
trait 1 0.1 0 0 0 0 0 0 0 
trait 2 0.2 0.109081 0 0.272221 0 0 0 0.153112 
trait 3 0.3 0 0 0 0 0 0 0 
node 1 1 1 3
node 2 1 1 1
node 3 3 1 1
node 4 1 0 2
node 11 1 0 0
node 38 1 0 0
node 58 1 0 0
gene 3 1 4 -5.77894 0 1 -5.77894 1
gene 3 2 4 1.88621 0 2 1.88621 1
gene 2 3 4 -2.49223 0 3 -2.49223 1
gene 2 3 11 6.392 0 16 6.392 0
gene 2 11 4 4.61195 0 17 4.61195 0
gene 3 2 11 3.32123 0 94 3.32123 1
gene 2 3 38 -5.45924 0 104 -5.45924 1
gene 2 38 11 -5.62287 0 105 -5.62287 1
gene 3 2 38 4.3143 0 158 4.3143 1
gene 2 11 58 1.27168 0 171 1.27168 1
gene 2 58 4 2.24034 0 172 2.24034 1
gene 3 2 58 2.18041 0 214 2.18041 1
genomeend 122

/* Organism #123 Fitness: 8.96355 Error: 1.00608 */
genomestart 123
trait 1 0.1 0 0 0 0 0 0 0 
trait 2 0.2 0.109081 0 0.272221 0 0 0 0.153112 
trait 3 0.3 0 0 0 0 0 0 0 
node 1 1 1 3
node 2 1 1 1
node 3 3 1 1
node 4 1 0 2
node 11 1 0 0
node 38 1 0 0
node 58 1 0 0
gene 3 1 4 -2.21783 0 1 -2.21783 1
gene 3 2 4 1.52002 0 2 1.52002 1
gene 2 3 4 -4.88126 0 3 -4.88126 1
gene 2 3 11 6.60262 0 16 6.60262 0
gene 2 11 4 6.05505 0 17 6.05505 0
gene 3 2 11 1.38145 0 94 1.38145 1
gene 2 3 38 -1.86924 0 104 -1.86924 1
gene 2 38 11 -1.34624 0 105 -1.34624 1
gene 3 2 38 0.406703 0 158 0.406703 1
gene 2 11 58 -0.384293 0 171 -0.384293 1
gene 2 58 4 1.78012 0 172 1.78012 1
gene 3 2 58 2.00051 0 214 2.00051 1
genomeend 123

/* Organism #124 Fitness: 8.99156 Error: 1.00141 */
genomestart 124
trait 1 0.1 0 0 0 0 0 0 0 
trait 2 0.2 0.109081 0 0.272221 0 0 0 0.153112 
trait 3 0.3 0 0 0 0 0 0 0 
node 1 1 1 3
node 2 1 1 1
node 3 3 1 1
node 4 1 0 2
node 11 1 0 0
node 38 1 0 0
node 58 1 0 0
gene 3 1 4 -6.16041 0 1 -6.16041 1
gene 3 2 4 5.25334 0 2 5.25334 1
gene 2 3 4 -6.40757 0 3 -6.40757 1
gene 2 3 11 5.50353 0 16 5.50353 0
gene 2 11 4 8 0 17 8 0
gene 3 2 11 2.88131 0 94 2.88131 1
gene 2 3 38 -4.18275 0 104 -4.18275 1
gene 2 38 11 -2.29548 0 105 -2.29548 1
gene 3 2 38 1.79989 0 158 1.79989 1
gene 2 11 58 5.53213 0 171 5.53213 1
gene 2 58 4 2.24034 0 172 2.24034 1
gene 3 2 58 1.86416 0 214 1.86416 1
genomeend 124

/* Organism #125 Fitness: 8.92102 Error: 1.01319 */
genomestart 125
trait 1 0.1 0 0 0 0 0 0 0 
trait 2 0.2 0.109081 0 0.272221 0 0 0 0.153112 
trait 3 0.3 0 0 0 0 0 0 0 
node 1 1 1 3
node 2 1 1 1
node 3 3 1 1
node 4 1 0 2
node 11 1 0 0
node 38 1 0 0
node 58 1 0 0
gene 3 1 4 -4.14307 0 1 -4.14307 1
gene 3 2 4 2.77926 0 2 2.77926 1
gene 2 3 4 -5.09006 0 3 -5.09006 1
gene 2 3 11 6.26762 0 16 6.26762 0
gene 2 11 4 5.65097 0 17 5.65097 0
gene 3 2 11 2.6326 0 94 2.6326 1
gene 2 3 38 -3.2624 0 104 -3.2624 1
gene 2 38 11 -3.40361 0 105 -3.40361 1
gene 3 2 38 1.9821 0 158 1.9821 1
gene 2 11 58 3.29301 0 171 3.29301 1
gene 2 58 4 2.24034 0 172 2.24034 1
gene 3 2 58 1.75156 0 214 1.75156 1
genomeend 125

/* Organism #126 Fitness: 6.79832 Error: 1.39264 */
genomestart 126
trait 1 0.1 0 0 0 0 0 0 0 
trait 2 0.2 0.109081 0 0.272221 0 0 0 0.153112 
trait 3 0.3 0 0 0 0 0 0 0 
node 1 1 1 3
node 2 1 1 1
node 3 3 1 1
node 4 1 0 2
node 11 1 0 0
node 38 1 0 0
node 58 1 0 0
gene 3 1 4 -4.14307 0 1 -4.14307 1
gene 3 2 4 1.99132 0 2 1.99132 1
gene 2 3 4 -5.09006 0 3 -5.09006 1
gene 2 3 11 5.06229 0 16 5.06229 0
gene 2 11 4 5.65097 0 17 5.65097 0
gene 3 2 11 2.76463 0 94 2.76463 1
gene 2 3 38 -3.2624 0 104 -3.2624 1
gene 2 38 11 -3.40361 0 105 -3.40361 1
gene 3 2 38 0.02854 0 158 0.02854 1
gene 2 11 58 3.29301 0 171 3.29301 1
gene 2 58 4 2.24034 0 172 2.24034 1
gene 3 2 58 1.75156 0 214 1.75156 1
genomeend 126

/* Organism #127 Fitness: 8.80048 Error: 1.03344 */
genomestart 127
trait 1 0.1 0 0 0 0 0 0 0 
trait 2 0.2 0.109081 0 0.272221 0 0 0 0.153112 
trait 3 0.3 0 0 0 0 0 0 0 
node 1 1 1 3
node 2 1 1 1
node 3 3 1 1
node 4 1 0 2
node 11 1 0 0
node 38 1 0 0
node 58 1 0 0
node 83 1 0 0
gene 3 1 4 -3.54313 0 1 -3.54313 1
gene 3 2 4 1.99132 0 2 1.99132 1
gene 2 3 4 -3.82207 0 3 -3.82207 1
gene 2 3 11 5.06229 0 16 5.06229 0
gene 2 11 4 5.84381 0 17 5.84381 0
gene 3 2 11 2.76463 0 94 2.76463 1
gene 2 3 38 -1.31788 0 104 -1.31788 0
gene 2 38 11 -2.91505 0 105 -2.91505 1
gene 3 2 38 0.02854 0 158 0.02854 1
gene 2 11 58 1.51673 0 171 1.51673 1
gene 2 58 4 2.24034 0 172 2.24034 1
gene 3 2 58 0.976293 0 214 0.976293 1
gene 2 3 83 1 0 243 0 1
gene 2 83 38 -1.31788 0 244 0 1
genomeend 127

/* Species #19 : (Size 6) (AF 7.19373) (Age 5)  */


/* Organism #128 Fitness: 8.99921 Error: 1.00013 */
genomestart 128
trait 1 0.1 0 0 0 0 0 0 0 
trait 2 0.2 0.109081 0 0.272221 0 0 0 0.153112 
trait 3 0.3 0 0 0 0 0 0 0 
node 1 1 1 3
node 2 1 1 1
node 3 3 1 1
node 4 1 0 2
node 11 1 0 0
node 38 1 0 0
node 57 1 0 0
node 66 1 0 0
gene 3 1 4 -3.04997 0 1 -3.04997 1
gene 3 2 4 5.83272 0 2 5.83272 1
gene 2 3 4 -4.1522 0 3 -4.1522 1
gene 2 3 11 3.86129 0 16 3.86129 0
gene 2 11 4 4.87439 0 17 4.87439 1
gene 3 2 11 -5.14082 0 94 -5.14082 0
gene 2 3 38 -1.4941 0 104 -1.4941 1
gene 2 38 11 -0.638773 0 105 -0.638773 0
gene 3 2 38 -6.00199 0 158 -6.00199 1
gene 2 38 57 -1.02757 0 169 -1.02757 1
gene 2 57 11 -0.0248607 0 170 -0.0248607 1
gene 2 57 4 -1.89894 0 183 -1.89894 1
gene 3 2 66 1.1537 0 195 1.1537 1
gene 3 66 11 -2.28736 0 196 -2.28736 1
genomeend 128

/* Organism #129 Fitness: 3.1721 Error: 2.21896 */
genomestart 129
trait 1 0.1 0 0 0 0 0 0 0 
trait 2 0.2 0.109081 0 0.272221 0 0 0 0.153112 
trait 3 0.3 0 0 0 0 0 0 0 
node 1 1 1 3
node 2 1 1 1
node 3 3 1 1
node 4 1 0 2
node 11 1 0 0
node 38 1 0 0
node 57 1 0 0
node 66 1 0 0
gene 3 1 4 -2.04246 0 1 -2.04246 1
gene 3 2 4 5.42676 0 2 5.42676 1
gene 2 3 4 -1.46151 0 3 -1.46151 1
gene 2 3 11 3.86129 0 16 3.86129 0
gene 2 11 4 4.87439 0 17 4.87439 1
gene 3 2 11 -6.30566 0 94 -6.30566 0
gene 2 3 38 0.0678495 0 104 0.0678495 1
gene 2 38 11 -2.01664 0 105 -2.01664 0
gene 3 2 38 -3.76016 0 158 -3.76016 1
gene 2 38 57 -0.877385 0 169 -0.877385 1
gene 2 57 11 -1.1332 0 170 -1.1332 1
gene 2 57 4 -1.89894 0 183 -1.89894 1
gene 3 2 66 2.53349 0 195 2.53349 1
gene 3 66 11 0.0810094 0 196 0.0810094 1
genomeend 129

/* Organism #130 Fitness: 4 Error: 2 */
genomestart 130
trait 1 0.1 0 0 0 0 0 0 0 
trait 2 0.2 0.109081 0 0.272221 0 0 0 0.153112 
trait 3 0.3 0 0 0 0 0 0 0 
node 1 1 1 3
node 2 1 1 1
node 3 3 1 1
node 4 1 0 2
node 11 1 0 0
node 38 1 0 0
node 57 1 0 0
node 66 1 0 0
gene 3 1 4 -3.34136 0 1 -3.34136 1
gene 3 2 4 7.79692 0 2 7.79692 1
gene 2 3 4 -2.91918 0 3 -2.91918 1
gene 2 3 11 3.3785 0 16 3.3785 0
gene 2 11 4 7.25871 0 17 7.25871 1
gene 3 2 11 -4.86256 0 94 -4.86256 0
gene 2 3 38 -2.97818 0 104 -2.97818 1
gene 2 38 11 -2.62151 0 105 -2.62151 0
gene 3 2 38 -7.49315 0 158 -7.49315 1
gene 2 38 57 -1.81099 0 169 -1.81099 1
gene 2 57 11 1.97659 0 170 1.97659 1
gene 2 57 4 -1.71891 0 183 -1.71891 1
gene 3 2 66 -0.06435 0 195 -0.06435 1
gene 3 66 11 -2.7025 0 196 -2.7025 1
genomeend 130

/* Organism #131 Fitness: 8.99432 Error: 1.00095 */
genomestart 131
trait 1 0.1 0 0 0 0 0 0 0 
trait 2 0.2 0.109081 0 0.272221 0 0 0 0.153112 
trait 3 0.3 0 0 0 0 0 0 0 
node 1 1 1 3
node 2 1 1 1
node 3 3 1 1
node 4 1 0 2
node 11 1 0 0
node 38 1 0 0
node 57 1 0 0
node 66 1 0 0
gene 3 1 4 -3.04997 0 1 -3.04997 1
gene 3 2 4 5.83272 0 2 5.83272 1
gene 2 3 4 -4.1522 0 3 -4.1522 1
gene 2 3 11 3.86129 0 16 3.86129 0
gene 2 11 4 4.87439 0 17 4.87439 1
gene 3 2 11 -5.14082 0 94 -5.14082 0
gene 2 3 38 -1.4941 0 104 -1.4941 1
gene 2 38 11 -0.638773 0 105 -0.638773 0
gene 3 2 38 -6.00199 0 158 -6.00199 1
gene 2 38 57 -1.02757 0 169 -1.02757 1
gene 2 57 11 -0.0248607 0 170 -0.0248607 1
gene 2 57 4 -1.89894 0 183 -1.89894 1
gene 3 2 66 1.1537 0 195 1.1537 1
gene 3 66 11 -2.28736 0 196 -2.28736 1
gene 3 3 57 -0.65739 0 245 -0.65739 1
genomeend 131

/* Organism #132 Fitness: 8.99959 Error: 1.00007 */
genomestart 132
trait 1 0.1 0 0 0 0 0 0 0 
trait 2 0.2 0.109081 0 0.272221 0 0 0 0.153112 
trait 3 0.3 0 0 0 0 0 0 0 
node 1 1 1 3
node 2 1 1 1
node 3 3 1 1
node 4 1 0 2
node 11 1 0 0
node 38 1 0 0
node 57 1 0 0
node 66 1 0 0
gene 3 1 4 -2.19893 0 1 -2.19893 1
gene 3 2 4 6.40157 0 2 6.40157 1
gene 2 3 4 -4.62828 0 3 -4.62828 1
gene 2 3 11 2.24607 0 16 2.24607 0
gene 2 11 4 2.88483 0 17 2.88483 1
gene 3 2 11 -5.77289 0 94 -5.77289 0
gene 2 3 38 -3.07743 0 104 -3.07743 1
gene 2 38 11 0.140258 0 105 0.140258 0
gene 3 2 38 -6.5693 0 158 -6.5693 1
gene 2 38 57 -3.38043 0 169 -3.38043 1
gene 2 57 11 -1.10025 0 170 -1.10025 1
gene 2 57 4 -3.49436 0 183 -3.49436 1
gene 3 2 66 0.0687189 0 195 0.0687189 1
gene 3 66 11 -1.20413 0 196 -1.20413 1
genomeend 132

/* Organism #133 Fitness: 8.99714 Error: 1.00048 */
genomestart 133
trait 1 0 0.353664 0.882915 0 0.608038 0 0 0 
trait 2 0.2 0.109081 0 0.272221 0 0 0 0.153112 
trait 3 0.3 0 0 0 0 0 0 0 
node 1 1 1 3
node 2 1 1 1
node 3 3 1 1
node 4 1 0 2
node 11 1 0 0
node 38 1 0 0
node 57 1 0 0
node 66 1 0 0
gene 3 1 4 -2.29902 0 1 -2.29902 1
gene 3 2 4 5.28946 0 2 5.28946 1
gene 2 3 4 -4.1522 0 3 -4.1522 1
gene 2 3 11 5.35648 0 16 5.35648 0
gene 2 11 4 0.683693 0 17 0.683693 1
gene 3 2 11 -4.18672 0 94 -4.18672 0
gene 2 3 38 -0.551545 0 104 -0.551545 1
gene 2 38 11 1.3708 0 105 1.3708 0
gene 3 2 38 -6.00199 0 158 -6.00199 1
gene 2 38 57 0.534136 0 169 0.534136 1
gene 2 57 11 1.92477 0 170 1.92477 1
gene 2 57 4 -2.09817 0 183 -2.09817 1
gene 3 2 66 1.43612 0 195 1.43612 1
gene 3 66 11 -0.314698 0 196 -0.314698 1
genomeend 133

/* Species #20 : (Size 4) (AF 4.00742) (Age 4)  */


/* Organism #134 Fitness: 4.00387 Error: 1.99903 */
genomestart 134
trait 1 0.1 0 0 0 0 0 0 0 
trait 2 0.2 0 0 0 0 0 0 0 
trait 3 0.39707 0.657141 0 0 0 0 0 0 
node 1 1 1 3
node 2 1 1 1
node 3 3 1 1
node 4 1 0 2
node 13 1 0 0
node 51 1 0 0
node 65 1 0 0
gene 1 1 4 1.75114 0 1 1.75114 1
gene 3 2 4 -1.33397 0 2 -1.33397 0
gene 3 3 4 -0.936326 0 3 -0.936326 1
gene 3 2 13 0.681147 0 21 0.681147 0
gene 3 13 4 1.61755 0 22 1.61755 1
gene 1 3 13 -2.17662 0 31 -2.17662 1
gene 3 2 51 -1.41892 0 150 -1.41892 1
gene 3 51 13 -4.49837 0 151 -4.49837 0
gene 3 51 65 1.51229 0 193 1.51229 1
gene 3 65 13 1.21667 0 194 1.21667 1
genomeend 134

/* Organism #135 Fitness: 4.37301 Error: 1.90883 */
genomestart 135
trait 1 0.1 0 0 0 0 0 0 0 
trait 2 0.2 0 0 0 0 0 0 0 
trait 3 0.39707 0.657141 0 0 0 0 0 0 
node 1 2 1 3
node 2 1 1 1
node 3 3 1 1
node 4 1 0 2
node 13 1 0 0
node 51 1 0 0
node 65 1 0 0
gene 1 1 4 0.508702 0 1 0.508702 1
gene 3 2 4 3.69691 0 2 3.69691 1
gene 3 3 4 0.0270561 0 3 0.0270561 1
gene 3 2 13 1.35924 0 21 1.35924 1
gene 3 13 4 -0.175809 0 22 -0.175809 1
gene 1 3 13 -2.99353 0 31 -2.99353 1
gene 3 2 51 1.86189 0 150 1.86189 1
gene 3 51 13 3.4137 0 151 3.4137 1
gene 3 51 65 0.756188 0 193 0.756188 1
gene 3 65 13 0.926044 0 194 0.926044 1
genomeend 135

/* Organism #136 Fitness: 3.99997 Error: 2.00001 */
genomestart 136
trait 1 0.1 0 0 0 0 0 0 0 
trait 2 0.2 0 0 0 0 0 0 0 
trait 3 0.39707 0.657141 0 0 0 0 0 0 
node 1 1 1 3
node 2 1 1 1
node 3 3 1 1
node 4 1 0 2
node 13 1 0 0
node 51 1 0 0
node 65 1 0 0
gene 1 1 4 -1.62779 0 1 -1.62779 1
gene 3 2 4 1.19314 0 2 1.19314 0
gene 3 3 4 1.43803 0 3 1.43803 1
gene 3 2 13 0.352941 0 21 0.352941 0
gene 3 13 4 -1.04522 0 22 -1.04522 1
gene 1 3 13 1.51833 0 31 1.51833 1
gene 3 2 51 -0.269113 0 150 -0.269113 1
gene 3 51 13 -4.66006 0 151 -4.66006 0
gene 3 51 65 -2.07749 0 193 -2.07749 1
gene 3 65 13 0.926044 0 194 0.926044 1
genomeend 136

/* Organism #137 Fitness: 3.65284 Error: 2.08876 */
genomestart 137
trait 1 0.1 0 0 0 0 0 0 0 
trait 2 0.2 0 0 0 0 0 0 0 
trait 3 0.39707 0.657141 0 0 0 0 0 0 
node 1 1 1 3
node 2 1 1 1
node 3 3 1 1
node 4 1 0 2
node 13 1 0 0
node 51 1 0 0
node 65 1 0 0
gene 1 1 4 -0.164243 0 1 -0.164243 1
gene 3 2 4 3.29377 0 2 3.29377 0
gene 3 3 4 1.34005 0 3 1.34005 1
gene 3 2 13 -0.355283 0 21 -0.355283 0
gene 3 13 4 -0.874403 0 22 -0.874403 1
gene 1 3 13 -2.6877 0 31 -2.6877 1
gene 3 2 51 -2.34548 0 150 -2.34548 1
gene 3 51 13 -0.315078 0 151 -0.315078 0
gene 3 51 65 3.17747 0 193 3.17747 1
gene 3 65 13 -0.739264 0 194 -0.739264 1
genomeend 137

/* Species #21 : (Size 4) (AF 5.46642) (Age 3)  */


/* Organism #138 Fitness: 4.01183 Error: 1.99704 */
genomestart 138
trait 1 0.669008 0 0 0 0 0.0891182 0 0.712394 
trait 2 0.2 0 0 0 0.226536 0 0 0 
trait 3 0.3 0 0 0 0 0 0 0 
node 1 1 1 3
node 2 1 1 1
node 3 1 1 1
node 4 3 0 2
node 9 1 0 0
node 67 1 0 0
gene 1 1 4 -3.58938 0 1 -3.58938 1
gene 1 2 4 2.40731 0 2 2.40731 1
gene 1 3 4 5.27119 0 3 5.27119 1
gene 1 3 9 5.26273 0 12 5.26273 0
gene 1 9 4 1.48628 0 13 1.48628 1
gene 1 1 9 -5.75238 0 28 -5.75238 1
gene 2 2 9 -2.52378 0 64 -2.52378 1
gene 1 3 67 4.85538 0 197 4.85538 1
gene 1 67 9 6.9911 0 198 6.9911 1
genomeend 138

/* Organism #139 Fitness: 4.33878 Error: 1.91703 */
genomestart 139
trait 1 0.669008 0 0 0 0 0.0891182 0 0.712394 
trait 2 0.2 0 0 0 0.226536 0 0 0 
trait 3 0.3 0 0 0 0 0 0 0 
node 1 1 1 3
node 2 1 1 1
node 3 1 1 1
node 4 3 0 2
node 9 1 0 0
node 67 1 0 0
gene 1 1 4 0.449169 0 1 0.449169 1
gene 1 2 4 0.390966 0 2 0.390966 1
gene 1 3 4 7.10764 0 3 7.10764 1
gene 1 3 9 7.01197 0 12 7.01197 0
gene 1 9 4 2.02721 0 13 2.02721 1
gene 1 1 9 -8 0 28 -8 1
gene 2 2 9 -4.11971 0 64 -4.11971 1
gene 1 3 67 2.5635 0 197 2.5635 1
gene 1 67 9 5.83583 0 198 5.83583 1
genomeend 139

/* Organism #140 Fitness: 4.53225 Error: 1.87109 */
genomestart 140
trait 1 0.669008 0 0 0 0 0.0891182 0 0.712394 
trait 2 0.2 0 0 0 0.226536 0 0 0 
trait 3 0.3 0 0 0 0 0 0 0 
node 1 1 1 3
node 2 1 1 1
node 3 1 1 1
node 4 1 0 2
node 9 1 0 0
node 67 1 0 0
gene 1 1 4 0.388004 0 1 0.388004 1
gene 3 2 4 2.31289 0 2 2.31289 1
gene 1 3 4 6.18307 0 3 6.18307 1
gene 1 3 9 5.70208 0 12 5.70208 0
gene 1 9 4 -1.42246 0 13 -1.42246 1
gene 1 1 9 -8 0 28 -8 1
gene 2 2 9 1.31067 0 64 1.31067 1
gene 1 3 67 -2.20627 0 197 -2.20627 1
gene 1 67 9 -0.81711 0 198 -0.81711 1
genomeend 140

/* Organism #141 Fitness: 8.98283 Error: 1.00286 */
genomestart 141
trait 1 0.669008 0 0 0 0 0.0891182 0 0.712394 
trait 2 0.2 0 0 0 0.226536 0 0 0 
trait 3 0.3 0 0 0 0 0 0 0 
node 1 1 1 3
node 2 1 1 1
node 3 1 1 1
node 4 3 0 2
node 9 3 0 0
node 67 1 0 0
gene 1 1 4 -1.21022 0 1 -1.21022 1
gene 3 2 4 2.86538 0 2 2.86538 1
gene 1 3 4 5.19708 0 3 5.19708 1
gene 1 3 9 8 0 12 8 0
gene 1 9 4 -4.88943 0 13 -4.88943 1
gene 1 1 9 -7.1356 0 28 -7.1356 1
gene 2 2 9 -5.03623 0 64 -5.03623 1
gene 1 3 67 1.73971 0 197 1.73971 1
gene 1 67 9 -0.174562 0 198 -0.174562 1
genomeend 141

/* Species #22 : (Size 8) (AF 5.47524) (Age 2)  */


/* Organism #142 Fitness: 7.86036 Error: 1.19637 */
genomestart 142
trait 1 0.1 0 0 0 0 0 0 0 
trait 2 0.2 0.109081 0 0.272221 0 0 0 0.153112 
trait 3 0.3 0 0 0 0 0 0 0 
node 1 1 1 3
node 2 1 1 1
node 3 3 1 1
node 4 1 0 2
node 11 1 0 0
node 38 1 0 0
node 57 1 0 0
node 66 1 0 0
node 78 1 0 0
gene 3 1 4 -2.81927 0 1 -2.81927 1
gene 3 2 4 2.66164 0 2 2.66164 0
gene 2 3 4 -3.26621 0 3 -3.26621 1
gene 2 3 11 5.04029 0 16 5.04029 0
gene 2 11 4 2.90327 0 17 2.90327 1
gene 3 2 11 0.766063 0 94 0.766063 0
gene 2 3 38 0.202614 0 104 0.202614 1
gene 2 38 11 -0.291724 0 105 -0.291724 0
gene 3 2 38 0.104928 0 158 0.104928 1
gene 2 38 57 1 0 169 0 1
gene 2 57 11 -0.291724 0 170 0 1
gene 2 57 4 -0.297599 0 183 -0.297599 1
gene 3 2 66 1 0 195 0 1
gene 3 66 11 0.766063 0 196 0 1
gene 2 38 4 -0.747012 0 215 -0.747012 1
gene 3 2 78 1 0 227 0 1
gene 3 78 4 2.66164 0 228 0 1
genomeend 142

/* Organism #143 Fitness: 3.99999 Error: 2 */
genomestart 143
trait 1 0.1 0 0 0 0 0 0 0 
trait 2 0.2 0.109081 0 0.272221 0 0 0 0.153112 
trait 3 0.3 0 0 0 0 0 0 0 
node 1 2 1 3
node 2 1 1 1
node 3 3 1 1
node 4 1 0 2
node 11 1 0 0
node 38 1 0 0
node 57 1 0 0
node 66 1 0 0
node 78 1 0 0
gene 3 1 4 -3.64711 0 1 -3.64711 1
gene 3 2 4 2.11026 0 2 2.11026 0
gene 2 3 4 -1.85044 0 3 -1.85044 1
gene 2 3 11 2.82526 0 16 2.82526 0
gene 2 11 4 4.35801 0 17 4.35801 1
gene 3 2 11 0.766063 0 94 0.766063 0
gene 2 3 38 0.202614 0 104 0.202614 1
gene 2 38 11 -1.68146 0 105 -1.68146 0
gene 3 2 38 2.28301 0 158 2.28301 1
gene 2 38 57 -1.41664 0 169 -1.41664 1
gene 2 57 11 0.807749 0 170 0.807749 1
gene 2 57 4 -0.297599 0 183 -0.297599 1
gene 3 2 66 1.39479 0 195 1.39479 1
gene 3 66 11 -0.723333 0 196 -0.723333 1
gene 2 38 4 -2.11329 0 215 -2.11329 1
gene 3 2 78 1.37324 0 227 1.37324 1
gene 3 78 4 2.66164 0 228 2.66164 1
genomeend 143

/* Organism #144 Fitness: 4 Error: 2 */
genomestart 144
trait 1 0.1 0 0 0 0 0 0 0 
trait 2 0.2 0.109081 0 0.272221 0 0 0 0.153112 
trait 3 0.3 0 0 0 0 0 0 0 
node 1 1 1 3
node 2 1 1 1
node 3 3 1 1
node 4 1 0 2
node 11 1 0 0
node 38 1 0 0
node 57 1 0 0
node 66 1 0 0
node 78 1 0 0
gene 3 1 4 -4.21937 0 1 -4.21937 1
gene 3 2 4 4.26997 0 2 4.26997 0
gene 2 3 4 -2.53387 0 3 -2.53387 1
gene 2 3 11 2.9689 0 16 2.9689 0
gene 2 11 4 -2.36516 0 17 -2.36516 1
gene 3 2 11 -1.02217 0 94 -1.02217 0
gene 2 3 38 -1.60345 0 104 -1.60345 1
gene 2 38 11 0.42191 0 105 0.42191 0
gene 3 2 38 1.90421 0 158 1.90421 1
gene 2 38 57 1.30157 0 169 1.30157 1
gene 2 57 11 -2.40333 0 170 -2.40333 1
gene 2 57 4 -0.826576 0 183 -0.826576 1
gene 3 2 66 -1.54941 0 195 -1.54941 1
gene 3 66 11 2.32531 0 196 2.32531 1
gene 2 38 4 0.435351 0 215 0.435351 1
gene 3 2 78 -0.178722 0 227 -0.178722 1
gene 3 78 4 0.799852 0 228 0.799852 1
genomeend 144

/* Organism #145 Fitness: 3.56134 Error: 2.11285 */
genomestart 145
trait 1 0.1 0 0 0 0 0 0 0 
trait 2 0.2 0.109081 0 0.272221 0 0 0 0.153112 
trait 3 0.3 0 0 0 0 0 0 0 
node 1 1 1 3
node 2 1 1 1
node 3 3 1 1
node 4 1 0 2
node 11 1 0 0
node 38 1 0 0
node 57 1 0 0
node 66 1 0 0
node 78 1 0 0
gene 3 1 4 -2.38575 0 1 -2.38575 1
gene 3 2 4 3.29456 0 2 3.29456 0
gene 2 3 4 -3.70529 0 3 -3.70529 1
gene 2 3 11 7.34176 0 16 7.34176 0
gene 2 11 4 1.48824 0 17 1.48824 1
gene 3 2 11 -0.833131 0 94 -0.833131 0
gene 2 3 38 -1.02508 0 104 -1.02508 1
gene 2 38 11 -2.69632 0 105 -2.69632 0
gene 3 2 38 -1.13312 0 158 -1.13312 1
gene 2 38 57 1.44518 0 169 1.44518 1
gene 2 57 11 0.221756 0 170 0.221756 1
gene 2 57 4 1.69331 0 183 1.69331 1
gene 3 2 66 0.673264 0 195 0.673264 1
gene 3 66 11 -0.192126 0 196 -0.192126 1
gene 2 38 4 -2.9329 0 215 -2.9329 1
gene 3 2 78 -0.130838 0 227 -0.130838 1
gene 3 78 4 2.66164 0 228 2.66164 1
genomeend 145

/* Organism #146 Fitness: 4.65782 Error: 1.8418 */
genomestart 146
trait 1 0.1 0 0 0 0 0 0 0 
trait 2 0.2 0.109081 0 0.272221 0 0 0 0.153112 
trait 3 0.3 0 0 0 0 0 0 0 
node 1 2 1 3
node 2 1 1 1
node 3 3 1 1
node 4 1 0 2
node 11 1 0 0
node 38 1 0 0
node 57 1 0 0
node 66 1 0 0
node 78 1 0 0
gene 3 1 4 -2.81927 0 1 -2.81927 1
gene 3 2 4 1.82146 0 2 1.82146 0
gene 2 3 4 -3.26621 0 3 -3.26621 1
gene 2 3 11 5.04029 0 16 5.04029 0
gene 2 11 4 3.01836 0 17 3.01836 1
gene 3 2 11 -0.107258 0 94 -0.107258 0
gene 2 3 38 0.202614 0 104 0.202614 1
gene 2 38 11 -0.190042 0 105 -0.190042 0
gene 3 2 38 2.17764 0 158 2.17764 1
gene 2 38 57 1 0 169 1 1
gene 2 57 11 -1.21589 0 170 -1.21589 1
gene 2 57 4 1.76798 0 183 1.76798 1
gene 3 2 66 1 0 195 1 1
gene 3 66 11 0.841064 0 196 0.841064 1
gene 2 38 4 -0.255157 0 215 -0.255157 1
gene 3 2 78 1 0 227 1 1
gene 3 78 4 3.11318 0 228 3.11318 1
genomeend 146

/* Organism #147 Fitness: 7.86036 Error: 1.19637 */
genomestart 147
trait 1 0.1 0 0 0 0 0 0 0 
trait 2 0.2 0.109081 0 0.272221 0 0 0 0.153112 
trait 3 0.3 0 0 0 0 0 0 0 
node 1 1 1 3
node 2 1 1 1
node 3 3 1 1
node 4 1 0 2
node 11 1 0 0
node 38 1 0 0
node 57 1 0 0
node 66 1 0 0
node 78 1 0 0
gene 3 1 4 -2.81927 0 1 -2.81927 1
gene 3 2 4 2.66164 0 2 2.66164 0
gene 2 3 4 -3.26621 0 3 -3.26621 1
gene 2 3 11 5.04029 0 16 5.04029 0
gene 2 11 4 2.90327 0 17 2.90327 1
gene 3 2 11 0.766063 0 94 0.766063 0
gene 2 3 38 0.202614 0 104 0.202614 1
gene 2 38 11 -0.291724 0 105 -0.291724 0
gene 3 2 38 0.104928 0 158 0.104928 1
gene 2 38 57 1 0 169 0 1
gene 2 57 11 -0.291724 0 170 0 1
gene 2 57 4 -0.297599 0 183 -0.297599 1
gene 3 2 66 1 0 195 0 1
gene 3 66 11 0.766063 0 196 0 1
gene 2 38 4 -0.747012 0 215 -0.747012 1
gene 3 2 78 1 0 227 0 1
gene 3 78 4 2.66164 0 228 0 1
genomeend 147

/* Organism #148 Fitness: 4.00168 Error: 1.99958 */
genomestart 148
trait 1 0.1 0 0 0 0 0 0 0 
trait 2 0.2 0.109081 0 0.272221 0 0 0 0.153112 
trait 3 0.3 0 0 0 0 0 0 0 
node 1 1 1 3
node 2 1 1 1
node 3 3 1 1
node 4 1 0 2
node 11 1 0 0
node 38 1 0 0
node 57 1 0 0
node 66 1 0 0
node 78 1 0 0
gene 3 1 4 -0.36089 0 1 -0.36089 1
gene 3 2 4 2.59262 0 2 2.59262 0
gene 2 3 4 -1.69456 0 3 -1.69456 1
gene 2 3 11 4.1185 0 16 4.1185 0
gene 2 11 4 5.125 0 17 5.125 1
gene 3 2 11 0.766063 0 94 0.766063 0
gene 2 3 38 -0.762161 0 104 -0.762161 1
gene 2 38 11 0.0722323 0 105 0.0722323 0
gene 3 2 38 2.50098 0 158 2.50098 1
gene 2 38 57 3.00314 0 169 3.00314 1
gene 2 57 11 1.81037 0 170 1.81037 1
gene 2 57 4 0.441463 0 183 0.441463 1
gene 3 2 66 -1.32758 0 195 -1.32758 1
gene 3 66 11 2.78555 0 196 2.78555 1
gene 2 38 4 -3.01513 0 215 -3.01513 1
gene 3 2 78 -0.265902 0 227 -0.265902 1
gene 3 78 4 5.09693 0 228 5.09693 1
genomeend 148

/* Organism #149 Fitness: 7.86036 Error: 1.19637 */
genomestart 149
trait 1 0.1 0 0 0 0 0 0 0 
trait 2 0.2 0.109081 0 0.272221 0 0 0 0.153112 
trait 3 0.3 0 0 0 0 0 0 0 
node 1 1 1 3
node 2 1 1 1
node 3 3 1 1
node 4 1 0 2
node 11 1 0 0
node 38 1 0 0
node 57 1 0 0
node 66 1 0 0
node 78 1 0 0
gene 3 1 4 -2.81927 0 1 -2.81927 1
gene 3 2 4 2.66164 0 2 2.66164 0
gene 2 3 4 -3.26621 0 3 -3.26621 1
gene 2 3 11 5.04029 0 16 5.04029 0
gene 2 11 4 2.90327 0 17 2.90327 1
gene 3 2 11 0.766063 0 94 0.766063 0
gene 2 3 38 0.202614 0 104 0.202614 1
gene 2 38 11 -0.291724 0 105 -0.291724 0
gene 3 2 38 0.104928 0 158 0.104928 1
gene 2 38 57 1 0 169 0 1
gene 2 57 11 -0.291724 0 170 0 1
gene 2 57 4 -0.297599 0 183 -0.297599 1
gene 3 2 66 1 0 195 0 1
gene 3 66 11 0.766063 0 196 0 1
gene 2 38 4 -0.747012 0 215 -0.747012 1
gene 3 2 78 1 0 227 0 1
gene 3 78 4 2.66164 0 228 0 1
genomeend 149
