
/* Species #1 : (Size 10) (AF 8.08906) (Age 26)  */


/* Organism #0 Fitness: 9 Error: 1 */
genomestart 0
trait 1 0.13425 0 0 0 0 0 0 0 
trait 2 0.2 0.000405337 0.0104655 2.16625e-05 0.0047835 0.000289351 0 0 
trait 3 0.301089 0 0 0.00107436 0.0998877 0 0.430326 0 
node 1 2 1 3
node 2 3 1 1
node 3 1 1 1
node 4 3 0 2
gene 3 1 4 -3.99546 0 1 -3.99546 1
gene 1 2 4 8 0 2 8 1
gene 2 3 4 8 0 3 8 1
genomeend 0

/* Organism #1 Fitness: 4.999 Error: 1.76415 */
genomestart 1
trait 1 0.125771 0 0 0 0 0 0.0219244 0 
trait 2 0.2 0.000404282 0.0104382 2.16061e-05 0.00477105 0.000288597 0 0 
trait 3 0.301087 0 0.0412298 0.120132 0.18652 0.104146 0.472821 0 
node 1 2 1 3
node 2 3 1 1
node 3 1 1 1
node 4 3 0 2
node 65 1 0 0
gene 3 1 4 -3.65142 0 1 -3.65142 1
gene 1 2 4 8 0 2 8 1
gene 2 3 4 7.78031 0 3 7.78031 0
gene 2 3 65 1 0 198 0 1
gene 2 65 4 7.78031 0 199 0 1
genomeend 1

/* Organism #2 Fitness: 9 Error: 1 */
genomestart 2
trait 1 0.117291 0 0 0 0 0 0.0438488 0 
trait 2 0.2 0.000403226 0.010411 2.15497e-05 0.00475859 0.000287844 0 0 
trait 3 0.301084 0 0.0824596 0.23919 0.273152 0.208292 0.515316 0 
node 1 2 1 3
node 2 3 1 1
node 3 1 1 1
node 4 3 0 2
gene 3 1 4 -3.99546 0 1 -3.99546 1
gene 1 2 4 8 0 2 8 1
gene 2 3 4 8 0 3 8 1
genomeend 2

/* Organism #3 Fitness: 9 Error: 1 */
genomestart 3
trait 1 0.117291 0 0 0 0 0 0.0438488 0 
trait 2 0.2 0.000403226 0.010411 2.15497e-05 0.00475859 0.000287844 0 0 
trait 3 0.301084 0 0.0824596 0.23919 0.273152 0.208292 0.515316 0 
node 1 2 1 3
node 2 3 1 1
node 3 1 1 1
node 4 3 0 2
gene 3 1 4 -3.30737 0 1 -3.30737 1
gene 1 2 4 8 0 2 8 1
gene 2 3 4 8 0 3 8 1
genomeend 3

/* Organism #4 Fitness: 9 Error: 1 */
genomestart 4
trait 1 0.13425 0 0 0 0 0 0 0 
trait 2 0.2 0.000405337 0.0104655 2.16625e-05 0.0047835 0.000289351 0 0 
trait 3 0.301089 0 0 0.00107436 0.0998877 0 0.430326 0 
node 1 2 1 3
node 2 3 1 1
node 3 1 1 1
node 4 1 0 2
gene 3 1 4 -3.99546 0 1 -3.99546 1
gene 1 2 4 8 0 2 8 1
gene 2 3 4 8 0 3 8 1
genomeend 4

/* Organism #5 Fitness: 8.99996 Error: 1.00001 */
genomestart 5
trait 1 0.125771 0 0 0 0 0 0.0219244 0 
trait 2 0.2 0.000404282 0.0104382 2.16061e-05 0.00477105 0.000288597 0 0 
trait 3 0.301087 0 0.0412298 0.120132 0.18652 0.104146 0.472821 0 
node 1 2 1 3
node 2 3 1 1
node 3 1 1 1
node 4 3 0 2
gene 3 1 4 -4.33357 0 1 -4.33357 1
gene 1 2 4 6.77034 0 2 6.77034 1
gene 2 3 4 8 0 3 8 1
genomeend 5

/* Organism #6 Fitness: 9 Error: 1 */
genomestart 6
trait 1 0.125771 0 0 0 0 0 0.0219244 0 
trait 2 0.2 0.000404282 0.0104382 2.16061e-05 0.00477105 0.000288597 0 0 
trait 3 0.301087 0 0.0412298 0.120132 0.18652 0.104146 0.472821 0 
node 1 2 1 3
node 2 3 1 1
node 3 1 1 1
node 4 3 0 2
gene 3 1 4 -3.99546 0 1 -3.99546 1
gene 1 2 4 8 0 2 8 1
gene 2 3 4 8 0 3 8 1
genomeend 6

/* Organism #7 Fitness: 9 Error: 1 */
genomestart 7
trait 1 0.117291 0 0 0 0 0 0.0438488 0 
trait 2 0.2 0.000403226 0.010411 2.15497e-05 0.00475859 0.000287844 0 0 
trait 3 0.301084 0 0.0824596 0.23919 0.273152 0.208292 0.515316 0 
node 1 2 1 3
node 2 3 1 1
node 3 1 1 1
node 4 3 0 2
gene 3 1 4 -3.30737 0 1 -3.30737 1
gene 1 2 4 8 0 2 8 1
gene 2 3 4 7.56061 0 3 7.56061 1
genomeend 7

/* Organism #8 Fitness: 8.75739 Error: 1.04071 */
genomestart 8
trait 1 0.117291 0 0 0 0 0 0.0438488 0 
trait 2 0 0 0 2.15497e-05 0.00475859 0.000287844 0 0.352408 
trait 3 0.301084 0 0.0824596 0.23919 0.273152 0.208292 0.515316 0 
node 1 2 1 3
node 2 3 1 1
node 3 1 1 1
node 4 3 0 2
gene 3 1 4 -4.92472 0 1 -4.92472 1
gene 1 2 4 5.56638 0 2 5.56638 1
gene 2 3 4 8 0 3 8 1
genomeend 8

/* Organism #9 Fitness: 4.13424 Error: 1.96672 */
genomestart 9
trait 1 0.117291 0 0 0 0 0 0.0438488 0 
trait 2 0.2 0.000403226 0.010411 2.15497e-05 0.00475859 0.000287844 0 0 
trait 3 0.301084 0 0.0824596 0.23919 0.273152 0.208292 0.515316 0 
node 1 2 1 3
node 2 3 1 1
node 3 1 1 1
node 4 3 0 2
gene 3 1 4 -1.76887 0 1 -1.76887 1
gene 1 2 4 1.08577 0 2 1.08577 1
gene 2 3 4 8 0 3 8 1
genomeend 9

/* Species #2 : (Size 10) (AF 8.9014) (Age 23)  */


/* Organism #10 Fitness: 9 Error: 1 */
genomestart 10
trait 1 0.1 0.779237 0.0651598 0 1 0.00330908 0.149038 0.526837 
trait 2 0.415553 0.228108 0 0 0 0 0.263159 0 
trait 3 0.3 0 0 0.439074 0.453578 0 0 0 
node 1 1 1 3
node 2 1 1 1
node 3 2 1 1
node 4 3 0 2
node 6 1 0 0
gene 2 1 4 -3.60862 0 1 -3.60862 1
gene 1 2 4 8 0 2 8 1
gene 2 3 4 -8 0 3 -8 1
gene 2 3 6 8 0 6 8 1
gene 2 6 4 -0.924312 0 7 -0.924312 1
gene 3 1 6 -0.50197 0 60 -0.50197 1
gene 2 2 6 2.43224 0 69 2.43224 1
genomeend 10

/* Organism #11 Fitness: 9 Error: 1 */
genomestart 11
trait 1 0.1 0.710271 0.0577913 0 0.848919 0.00330494 0.111778 0.449247 
trait 2 0.415283 0.227823 0 0 0 0 0.26283 0 
trait 3 0.3 0 0 0.439797 0.454324 0 0 0 
node 1 1 1 3
node 2 1 1 1
node 3 2 1 1
node 4 3 0 2
node 6 1 0 0
gene 2 1 4 -2.92585 0 1 -2.92585 1
gene 1 2 4 7.08672 0 2 7.08672 1
gene 2 3 4 -7.45463 0 3 -7.45463 1
gene 2 3 6 6.51957 0 6 6.51957 0
gene 2 6 4 -0.922471 0 7 -0.922471 1
gene 3 1 6 0.650242 0 60 0.650242 1
gene 2 2 6 2.43224 0 69 2.43224 1
genomeend 11

/* Organism #12 Fitness: 9 Error: 1 */
genomestart 12
trait 1 0.1 0.710271 0.0577913 0 0.848919 0.00330494 0.111778 0.449247 
trait 2 0.415283 0.227823 0 0 0 0 0.26283 0 
trait 3 0.3 0 0 0.439797 0.454324 0 0 0 
node 1 1 1 3
node 2 1 1 1
node 3 2 1 1
node 4 3 0 2
node 6 1 0 0
gene 2 1 4 -2.92585 0 1 -2.92585 1
gene 1 2 4 8 0 2 8 1
gene 2 3 4 -8 0 3 -8 1
gene 2 3 6 6.51957 0 6 6.51957 0
gene 2 6 4 -0.922471 0 7 -0.922471 1
gene 3 1 6 0.650242 0 60 0.650242 1
gene 2 2 6 2.43224 0 69 2.43224 1
genomeend 12

/* Organism #13 Fitness: 8.21436 Error: 1.13393 */
genomestart 13
trait 1 0.1 0.779237 0.0651598 0 1 0.00330908 0.149038 0.526837 
trait 2 0.415553 0.228108 0 0 0 0 0.263159 0 
trait 3 0.3 0 0 0.439074 0.453578 0 0 0 
node 1 1 1 3
node 2 1 1 1
node 3 2 1 1
node 4 3 0 2
node 6 1 0 0
gene 2 1 4 -1.50791 0 1 -1.50791 1
gene 1 2 4 -1.11118 0 2 -1.11118 1
gene 2 3 4 2.24107 0 3 2.24107 1
gene 2 3 6 8 0 6 8 1
gene 2 6 4 -0.0796327 0 7 -0.0796327 1
gene 3 1 6 1.12879 0 60 1.12879 1
gene 2 2 6 2.05331 0 69 2.05331 1
genomeend 13

/* Organism #14 Fitness: 9 Error: 1 */
genomestart 14
trait 1 0.1 0.779237 0.0651598 0 1 0.00330908 0.149038 0.526837 
trait 2 0.415553 0.228108 0 0 0 0 0.263159 0 
trait 3 0.3 0 0 0.439074 0.453578 0 0 0 
node 1 1 1 3
node 2 1 1 1
node 3 2 1 1
node 4 3 0 2
node 6 1 0 0
gene 2 1 4 -3.60862 0 1 -3.60862 1
gene 1 2 4 8 0 2 8 1
gene 2 3 4 -8 0 3 -8 1
gene 2 3 6 8 0 6 8 1
gene 2 6 4 -0.924312 0 7 -0.924312 1
gene 3 1 6 -0.50197 0 60 -0.50197 1
gene 2 2 6 2.43224 0 69 2.43224 1
genomeend 14

/* Organism #15 Fitness: 8.80208 Error: 1.03317 */
genomestart 15
trait 1 0.1 0.779237 0.0651598 0 1 0.00330908 0.149038 0.526837 
trait 2 0.415553 0.228108 0 0 0 0 0.263159 0 
trait 3 0.3 0 0 0.439074 0.453578 0 0 0 
node 1 1 1 3
node 2 1 1 1
node 3 2 1 1
node 4 3 0 2
node 6 1 0 0
gene 2 1 4 -4.0517 0 1 -4.0517 1
gene 1 2 4 7.7328 0 2 7.7328 1
gene 2 3 4 -8 0 3 -8 1
gene 2 3 6 7.04906 0 6 7.04906 1
gene 2 6 4 -2.99627 0 7 -2.99627 1
gene 3 1 6 1.73306 0 60 1.73306 1
gene 2 2 6 0.761485 0 69 0.761485 1
genomeend 15

/* Organism #16 Fitness: 9 Error: 1 */
genomestart 16
trait 1 0.1 0.779237 0.0651598 0 1 0.00330908 0.149038 0.526837 
trait 2 0.415553 0.228108 0 0 0 0 0.263159 0 
trait 3 0.3 0 0 0.439074 0.453578 0 0.994162 0 
node 1 1 1 3
node 2 1 1 1
node 3 2 1 1
node 4 3 0 2
node 6 1 0 0
gene 2 1 4 -3.53709 0 1 -3.53709 1
gene 1 2 4 8 0 2 8 1
gene 2 3 4 -8 0 3 -8 1
gene 2 3 6 7.18675 0 6 7.18675 1
gene 2 6 4 -0.372661 0 7 -0.372661 1
gene 3 1 6 -1.09951 0 60 -1.09951 1
gene 2 2 6 2.36969 0 69 2.36969 1
genomeend 16

/* Organism #17 Fitness: 9 Error: 1 */
genomestart 17
trait 1 0.1 0.779237 0.0651598 0 1 0.00330908 0.149038 0.526837 
trait 2 0.415553 0.228108 0 0 0 0 0.263159 0 
trait 3 0.3 0 0 0.439074 0.453578 0 0 0 
node 1 1 1 3
node 2 1 1 1
node 3 2 1 1
node 4 3 0 2
node 6 1 0 0
gene 2 1 4 -3.60862 0 1 -3.60862 1
gene 1 2 4 8 0 2 8 1
gene 2 3 4 -8 0 3 -8 1
gene 2 3 6 8 0 6 8 1
gene 2 6 4 -0.924312 0 7 -0.924312 1
gene 3 1 6 -0.50197 0 60 -0.50197 1
gene 2 2 6 2.43224 0 69 2.43224 1
genomeend 17

/* Organism #18 Fitness: 8.99999 Error: 1 */
genomestart 18
trait 1 0.1 0.779237 0.0651598 0 1 0.00330908 0.149038 0.526837 
trait 2 0.415553 0.228108 0 0 0 0 0.263159 0 
trait 3 0.3 0 0 0.439074 0.453578 0 0 0 
node 1 1 1 3
node 2 1 1 1
node 3 2 1 1
node 4 3 0 2
node 6 1 0 0
gene 2 1 4 -5.13098 0 1 -5.13098 1
gene 1 2 4 7.60189 0 2 7.60189 1
gene 2 3 4 -7.13394 0 3 -7.13394 1
gene 2 3 6 7.71784 0 6 7.71784 1
gene 2 6 4 0.724671 0 7 0.724671 1
gene 3 1 6 -1.16831 0 60 -1.16831 1
gene 2 2 6 1.1678 0 69 1.1678 1
genomeend 18

/* Organism #19 Fitness: 8.99755 Error: 1.00041 */
genomestart 19
trait 1 0.1 0.710271 0.0577913 0 0.848919 0.00330494 0.111778 0.449247 
trait 2 0.415283 0.227823 0 0 0 0 0.26283 0 
trait 3 0.3 0 0 0.439797 0.454324 0 0 0 
node 1 1 1 3
node 2 1 1 1
node 3 2 1 1
node 4 3 0 2
node 6 1 0 0
gene 2 1 4 -5.65616 0 1 -5.65616 1
gene 1 2 4 5.69922 0 2 5.69922 1
gene 2 3 4 -8 0 3 -8 1
gene 2 3 6 7.93519 0 6 7.93519 0
gene 2 6 4 1.54183 0 7 1.54183 1
gene 3 1 6 0.81558 0 60 0.81558 1
gene 2 2 6 0.934365 0 69 0.934365 1
genomeend 19

/* Species #3 : (Size 8) (AF 7.4491) (Age 21)  */


/* Organism #20 Fitness: 8.99999 Error: 1 */
genomestart 20
trait 1 0.0992188 0 0 0 0 0 0 0 
trait 2 0.2 0 0 0 0 0 0 0 
trait 3 0.3 0 0 0.341898 0.0836967 0 0.581948 0.447872 
node 1 2 1 3
node 2 3 1 1
node 3 3 1 1
node 4 3 0 2
node 11 1 0 0
gene 2 1 4 -6.36396 0 1 -6.36396 1
gene 2 2 4 1.17709 0 2 1.17709 1
gene 2 3 4 -6.4625 0 3 -6.4625 1
gene 2 2 11 3.71225 0 17 3.71225 1
gene 2 11 4 8 0 18 8 1
gene 1 1 11 -0.360326 0 138 -0.360326 1
genomeend 20

/* Organism #21 Fitness: 8.99999 Error: 1 */
genomestart 21
trait 1 0.0994141 0 0 0 0 0 0 0 
trait 2 0.2 0 0 0 0 0 0 0 
trait 3 0.3 0 0 0.256423 0.104621 0 0.591647 0.455337 
node 1 2 1 3
node 2 3 1 1
node 3 3 1 1
node 4 3 0 2
node 11 1 0 0
gene 2 1 4 -6.36396 0 1 -6.36396 1
gene 2 2 4 1.17709 0 2 1.17709 1
gene 2 3 4 -7.2264 0 3 -7.2264 1
gene 2 2 11 3.71225 0 17 3.71225 1
gene 2 11 4 8 0 18 8 1
gene 1 1 11 -0.360326 0 138 -0.360326 1
genomeend 21

/* Organism #22 Fitness: 8.9981 Error: 1.00032 */
genomestart 22
trait 1 0.0994141 0 0 0 0 0 0 0 
trait 2 0.2 0 0 0 0 0 0 0 
trait 3 0.3 0 0 0.256423 0.104621 0 0.591647 0.455337 
node 1 2 1 3
node 2 3 1 1
node 3 3 1 1
node 4 3 0 2
node 11 1 0 0
gene 2 1 4 -6.36396 0 1 -6.36396 1
gene 2 2 4 1.17709 0 2 1.17709 0
gene 2 3 4 -7.9903 0 3 -7.9903 1
gene 2 2 11 3.71225 0 17 3.71225 1
gene 2 11 4 8 0 18 8 1
gene 1 1 11 -0.360326 0 138 -0.360326 1
genomeend 22

/* Organism #23 Fitness: 4.00045 Error: 1.99989 */
genomestart 23
trait 1 0.0996094 0 0 0 0.984675 0.374726 0 0 
trait 2 0.2 0 0 0 0 0 0 0 
trait 3 0.3 0 0 0.170949 0.125545 0 0.601347 0.462801 
node 1 2 1 3
node 2 3 1 1
node 3 3 1 1
node 4 3 0 2
node 11 1 0 0
gene 2 1 4 -3.96764 0 1 -3.96764 1
gene 2 2 4 2.00143 0 2 2.00143 1
gene 2 3 4 -6.83362 0 3 -6.83362 1
gene 2 2 11 5.37552 0 17 5.37552 1
gene 2 11 4 5.81446 0 18 5.81446 1
gene 1 1 11 2.03689 0 138 2.03689 1
genomeend 23

/* Organism #24 Fitness: 8.99999 Error: 1 */
genomestart 24
trait 1 0.0992188 0 0 0 0 0 0 0 
trait 2 0.2 0 0 0 0 0 0 0 
trait 3 0.3 0 0 0.341898 0.0836967 0 0.581948 0.447872 
node 1 2 1 3
node 2 3 1 1
node 3 3 1 1
node 4 3 0 2
node 11 1 0 0
node 67 1 0 0
gene 2 1 4 -6.36396 0 1 -6.36396 1
gene 2 2 4 1.17709 0 2 1.17709 0
gene 2 3 4 -6.4625 0 3 -6.4625 1
gene 2 2 11 3.71225 0 17 3.71225 1
gene 2 11 4 8 0 18 8 1
gene 1 1 11 -0.360326 0 138 -0.360326 1
gene 2 2 67 1 0 202 0 1
gene 2 67 4 1.17709 0 203 0 1
genomeend 24

/* Organism #25 Fitness: 9 Error: 1 */
genomestart 25
trait 1 0.0994141 0 0 0 0 0 0 0 
trait 2 0.2 0 0 0 0 0 0 0 
trait 3 0.3 0 0 0.256423 0.104621 0 0.591647 0.455337 
node 1 2 1 3
node 2 3 1 1
node 3 3 1 1
node 4 3 0 2
node 11 1 0 0
gene 2 1 4 -4.91102 0 1 -4.91102 1
gene 2 2 4 1.80547 0 2 1.80547 0
gene 2 3 4 -8 0 3 -8 1
gene 2 2 11 4.67829 0 17 4.67829 1
gene 2 11 4 8 0 18 8 1
gene 1 1 11 -0.681193 0 138 -0.681193 1
genomeend 25

/* Organism #26 Fitness: 6.59429 Error: 1.43207 */
genomestart 26
trait 1 0.0994141 0 0 0 0 0 0 0 
trait 2 0.2 0 0 0 0 0 0 0 
trait 3 0.3 0 0 0.256423 0.104621 0 0.591647 0.455337 
node 1 2 1 3
node 2 3 1 1
node 3 3 1 1
node 4 3 0 2
node 11 1 0 0
gene 2 1 4 -6.03936 0 1 -6.03936 1
gene 2 2 4 1.77642 0 2 1.77642 0
gene 2 3 4 -8 0 3 -8 1
gene 2 2 11 3.71225 0 17 3.71225 1
gene 2 11 4 6.11042 0 18 6.11042 1
gene 1 1 11 -2.49944 0 138 -2.49944 1
genomeend 26

/* Organism #27 Fitness: 4 Error: 2 */
genomestart 27
trait 1 0.0994141 0 0 0 0 0 0 0 
trait 2 0.2 0 0 0 0 0 0 0 
trait 3 0.3 0 0 0.256423 0.104621 0 0.591647 0.455337 
node 1 2 1 3
node 2 3 1 1
node 3 3 1 1
node 4 2 0 2
node 11 1 0 0
gene 2 1 4 -4.76727 0 1 -4.76727 1
gene 2 2 4 2.39532 0 2 2.39532 0
gene 2 3 4 -5.96374 0 3 -5.96374 1
gene 2 2 11 2.16512 0 17 2.16512 1
gene 2 11 4 8 0 18 8 1
gene 1 1 11 -2.62046 0 138 -2.62046 1
genomeend 27

/* Species #4 : (Size 11) (AF 7.2609) (Age 21)  */


/* Organism #28 Fitness: 9 Error: 1 */
genomestart 28
trait 1 0.1 0 0 0 0 0 0 0 
trait 2 0.2 0 0 0 0 0 0 0 
trait 3 0.3 0 0 0 0 0.0287233 0 0.677345 
node 1 3 1 3
node 2 2 1 1
node 3 2 1 1
node 4 3 0 2
node 6 1 0 0
node 10 1 0 0
gene 2 1 4 -6.48161 0 1 -6.48161 1
gene 1 2 4 -6.9089 0 2 -6.9089 1
gene 2 3 4 5.75524 0 3 5.75524 1
gene 2 3 6 8 0 6 8 1
gene 2 6 4 4.14044 0 7 4.14044 1
gene 1 6 10 -1.77489 0 14 -1.77489 1
gene 2 10 4 -5.7883 0 15 -5.7883 1
genomeend 28

/* Organism #29 Fitness: 4.00105 Error: 1.99974 */
genomestart 29
trait 1 0.1 0 0 0 0 0 0 0 
trait 2 0.2 0 0 0 0 0 0 0 
trait 3 0.3 0 0 0 0 0.0287233 0 0.677345 
node 1 3 1 3
node 2 2 1 1
node 3 2 1 1
node 4 3 0 2
node 6 1 0 0
node 10 1 0 0
gene 2 1 4 -8 0 1 -8 1
gene 1 2 4 -8 0 2 -8 1
gene 2 3 4 5.13864 0 3 5.13864 1
gene 2 3 6 8 0 6 8 1
gene 2 6 4 5.03913 0 7 5.03913 1
gene 1 6 10 0.115478 0 14 0.115478 1
gene 2 10 4 -6.03384 0 15 -6.03384 1
genomeend 29

/* Organism #30 Fitness: 4.37144 Error: 1.9092 */
genomestart 30
trait 1 0.1 0 0 0 0 0 0 0 
trait 2 0.2 0 0 0 0 0 0 0 
trait 3 0.3 0 0 0 0 0.0287233 0 0.677345 
node 1 3 1 3
node 2 2 1 1
node 3 2 1 1
node 4 3 0 2
node 6 1 0 0
node 10 1 0 0
gene 2 1 4 -5.10994 0 1 -5.10994 1
gene 1 2 4 -5.92577 0 2 -5.92577 1
gene 2 3 4 4.63281 0 3 4.63281 1
gene 2 3 6 5.95651 0 6 5.95651 1
gene 2 6 4 6.8883 0 7 6.8883 1
gene 1 6 10 -1.16512 0 14 -1.16512 1
gene 2 10 4 -5.50317 0 15 -5.50317 1
genomeend 30

/* Organism #31 Fitness: 8.99996 Error: 1.00001 */
genomestart 31
trait 1 0.1 0 0 0 0 0 0 0 
trait 2 0.1 0 0 0 0 0 0.469462 0 
trait 3 0.3 0 0 0 0 0.0287233 0 0.677345 
node 1 3 1 3
node 2 2 1 1
node 3 2 1 1
node 4 3 0 2
node 6 1 0 0
node 10 1 0 0
gene 2 1 4 -5.80778 0 1 -5.80778 1
gene 1 2 4 -8 0 2 -8 1
gene 2 3 4 4.55264 0 3 4.55264 1
gene 2 3 6 5.86134 0 6 5.86134 1
gene 2 6 4 6.59459 0 7 6.59459 1
gene 1 6 10 -7.13137 0 14 -7.13137 1
gene 2 10 4 -4.13308 0 15 -4.13308 1
genomeend 31

/* Organism #32 Fitness: 9 Error: 1 */
genomestart 32
trait 1 0.1 0 0 0 0 0 0 0 
trait 2 0.1 0 0 0 0 0 0.469462 0 
trait 3 0.3 0 0 0 0 0.0287233 0 0.677345 
node 1 1 1 3
node 2 2 1 1
node 3 2 1 1
node 4 3 0 2
node 6 1 0 0
node 10 1 0 0
gene 2 1 4 -7.24081 0 1 -7.24081 1
gene 1 2 4 -7.45445 0 2 -7.45445 1
gene 2 3 4 6.35929 0 3 6.35929 1
gene 2 3 6 6.66826 0 6 6.66826 1
gene 2 6 4 4.16763 0 7 4.16763 1
gene 1 6 10 -3.4206 0 14 -3.4206 1
gene 2 10 4 -4.19959 0 15 -4.19959 1
genomeend 32

/* Organism #33 Fitness: 8.99277 Error: 1.0012 */
genomestart 33
trait 1 0.1 0 0 0 0 0 0 0 
trait 2 0.2 0 0 0 0 0 0 0 
trait 3 0.3 0 0 0 0 0.0287233 0 0.677345 
node 1 3 1 3
node 2 2 1 1
node 3 2 1 1
node 4 3 0 2
node 6 1 0 0
node 10 1 0 0
gene 2 1 4 -8 0 1 -8 1
gene 1 2 4 -6.7668 0 2 -6.7668 1
gene 2 3 4 4.78698 0 3 4.78698 1
gene 2 3 6 6.58103 0 6 6.58103 1
gene 2 6 4 4.57774 0 7 4.57774 1
gene 1 6 10 -3.9546 0 14 -3.9546 1
gene 2 10 4 -4.06285 0 15 -4.06285 1
genomeend 33

/* Organism #34 Fitness: 4.02897 Error: 1.99277 */
genomestart 34
trait 1 0.1 0 0 0 0 0 0 0 
trait 2 0.1 0 0 0 0 0 0.469462 0 
trait 3 0.3 0 0 0 0 0.0287233 0 0.677345 
node 1 1 1 3
node 2 2 1 1
node 3 2 1 1
node 4 3 0 2
node 6 1 0 0
node 10 1 0 0
node 68 1 0 0
gene 2 1 4 -8 0 1 -8 1
gene 1 2 4 -6.9089 0 2 -6.9089 1
gene 2 3 4 5.75524 0 3 5.75524 1
gene 2 3 6 5.33652 0 6 5.33652 1
gene 2 6 4 4.14044 0 7 4.14044 1
gene 1 6 10 -1.77489 0 14 -1.77489 1
gene 2 10 4 -5.7883 0 15 -5.7883 0
gene 2 10 68 1 0 204 0 1
gene 2 68 4 -5.7883 0 205 0 1
genomeend 34

/* Organism #35 Fitness: 8.99965 Error: 1.00006 */
genomestart 35
trait 1 0.1 0 0 0 0 0 0 0 
trait 2 0.2 0 0 0 0 0 0 0 
trait 3 0.3 0 0 0 0 0.0287233 0 0.677345 
node 1 3 1 3
node 2 2 1 1
node 3 2 1 1
node 4 3 0 2
node 6 1 0 0
node 10 1 0 0
gene 2 1 4 -4.62591 0 1 -4.62591 1
gene 1 2 4 -6.9089 0 2 -6.9089 1
gene 2 3 4 6.18489 0 3 6.18489 1
gene 2 3 6 7.68362 0 6 7.68362 1
gene 2 6 4 3.36627 0 7 3.36627 1
gene 1 6 10 -2.82343 0 14 -2.82343 1
gene 2 10 4 -5.49417 0 15 -5.49417 1
genomeend 35

/* Organism #36 Fitness: 9 Error: 1 */
genomestart 36
trait 1 0.1 0 0 0 0 0 0 0 
trait 2 0.1 0 0 0 0 0 0.469462 0 
trait 3 0.3 0 0 0 0 0.0287233 0 0.677345 
node 1 3 1 3
node 2 2 1 1
node 3 2 1 1
node 4 3 0 2
node 6 1 0 0
node 10 1 0 0
gene 2 1 4 -7.96734 0 1 -7.96734 1
gene 1 2 4 -8 0 2 -8 1
gene 2 3 4 5.83899 0 3 5.83899 1
gene 2 3 6 5.38616 0 6 5.38616 1
gene 2 6 4 6.0755 0 7 6.0755 1
gene 2 6 10 -2.41571 0 14 -2.41571 1
gene 2 10 4 -6.50794 0 15 -6.50794 1
genomeend 36

/* Organism #37 Fitness: 9 Error: 1 */
genomestart 37
trait 1 0.1 0 0 0 0 0 0 0 
trait 2 0 0 0 0 0 0 0.938925 0 
trait 3 0.3 0 0 0 0 0.0287233 0 0.677345 
node 1 1 1 3
node 2 2 1 1
node 3 2 1 1
node 4 3 0 2
node 6 1 0 0
node 10 1 0 0
gene 2 1 4 -8 0 1 -8 1
gene 1 2 4 -8 0 2 -8 1
gene 2 3 4 8 0 3 8 1
gene 2 3 6 4.09371 0 6 4.09371 1
gene 2 6 4 4.19483 0 7 4.19483 1
gene 1 6 10 -6.21452 0 14 -6.21452 1
gene 2 10 4 -2.61087 0 15 -2.61087 1
genomeend 37

/* Organism #38 Fitness: 4.47602 Error: 1.88434 */
genomestart 38
trait 1 0.1 0 0 0 0 0 0 0 
trait 2 0.2 0 0 0 0 0 0 0 
trait 3 0.3 0 0 0 0 0.0287233 0 0.677345 
node 1 3 1 3
node 2 2 1 1
node 3 2 1 1
node 4 3 0 2
node 6 1 0 0
node 10 1 0 0
gene 2 1 4 -6.48161 0 1 -6.48161 1
gene 1 2 4 -8 0 2 -8 1
gene 2 3 4 7.5993 0 3 7.5993 1
gene 2 3 6 -0.857562 0 6 -0.857562 1
gene 2 6 4 4.14044 0 7 4.14044 1
gene 1 6 10 -3.75387 0 14 -3.75387 1
gene 2 10 4 -3.66799 0 15 -3.66799 1
genomeend 38

/* Species #5 : (Size 12) (AF 7.83213) (Age 18)  */


/* Organism #39 Fitness: 9 Error: 1 */
genomestart 39
trait 1 0.0625 0.0220133 0 0.189436 0.00871545 0 0 0 
trait 2 0.180367 0 0 0 0 0 0.00511882 0 
trait 3 0.3 0 0 0 0 0 0 0 
node 1 3 1 3
node 2 3 1 1
node 3 2 1 1
node 4 3 0 2
node 11 1 0 0
node 17 1 0 0
gene 2 1 4 -3.55037 0 1 -3.55037 1
gene 2 2 4 -6.98698 0 2 -6.98698 1
gene 2 3 4 6.63101 0 3 6.63101 1
gene 2 2 11 -8 0 17 -8 1
gene 1 11 4 1.71867 0 18 1.71867 1
gene 2 3 17 -1.82808 0 38 -1.82808 1
gene 2 17 4 -3.61216 0 39 -3.61216 1
gene 1 2 17 -0.52315 0 106 -0.52315 1
genomeend 39

/* Organism #40 Fitness: 5.00689 Error: 1.76239 */
genomestart 40
trait 1 0.06875 0.0183444 0 0.157864 0.00726288 0 0 0 
trait 2 0.180367 0 0 0 0 0 0.00511882 0 
trait 3 0.3 0 0 0 0 0 0 0 
node 1 3 1 3
node 2 3 1 1
node 3 2 1 1
node 4 3 0 2
node 11 1 0 0
node 17 1 0 0
gene 2 1 4 -1.01472 0 1 -1.01472 1
gene 2 2 4 -2.96097 0 2 -2.96097 1
gene 2 3 4 4.39426 0 3 4.39426 1
gene 2 2 11 -1.40847 0 17 -1.40847 1
gene 1 11 4 -0.451911 0 18 -0.451911 1
gene 2 3 17 0.452888 0 38 0.452888 1
gene 2 17 4 -3.75485 0 39 -3.75485 1
gene 1 2 17 0.544798 0 106 0.544798 1
genomeend 40

/* Organism #41 Fitness: 3.93189 Error: 2.0171 */
genomestart 41
trait 1 0.065625 0.0201789 0 0.17365 0.00798916 0 0 0 
trait 2 0.180367 0 0 0 0 0 0.00511882 0 
trait 3 0.3 0 0 0 0 0 0 0 
node 1 3 1 3
node 2 3 1 1
node 3 2 1 1
node 4 3 0 2
node 11 1 0 0
node 17 1 0 0
gene 2 1 4 1.17459 0 1 1.17459 1
gene 2 2 4 -0.353272 0 2 -0.353272 1
gene 2 3 4 3.3247 0 3 3.3247 1
gene 2 2 11 -5.3159 0 17 -5.3159 1
gene 1 11 4 0.386232 0 18 0.386232 1
gene 2 3 17 -2.03679 0 38 -2.03679 1
gene 2 17 4 0.93863 0 39 0.93863 1
gene 1 2 17 -2.58121 0 106 -2.58121 1
genomeend 41

/* Organism #42 Fitness: 8.98759 Error: 1.00207 */
genomestart 42
trait 1 0.0625 0.0220133 0 0.189436 0.00871545 0 0 0 
trait 2 0.180367 0 0 0 0 0 0.00511882 0 
trait 3 0.3 0 0 0 0 0 0 0 
node 1 3 1 3
node 2 3 1 1
node 3 2 1 1
node 4 3 0 2
node 11 1 0 0
node 17 1 0 0
gene 2 1 4 -2.45619 0 1 -2.45619 1
gene 2 2 4 -7.30666 0 2 -7.30666 1
gene 2 3 4 2.93986 0 3 2.93986 1
gene 2 2 11 -0.604046 0 17 -0.604046 1
gene 1 11 4 1.54268 0 18 1.54268 1
gene 2 3 17 -2.2885 0 38 -2.2885 1
gene 3 17 4 -2.00674 0 39 -2.00674 1
gene 1 2 17 0.213065 0 106 0.213065 1
genomeend 42

/* Organism #43 Fitness: 8.99991 Error: 1.00001 */
genomestart 43
trait 1 0.0625 0.0220133 0 0.189436 0.00871545 0 0 0 
trait 2 0.180367 0 0 0 0 0 0.00511882 0 
trait 3 0.3 0 0 0 0 0 0 0 
node 1 3 1 3
node 2 3 1 1
node 3 2 1 1
node 4 3 0 2
node 11 1 0 0
node 17 1 0 0
gene 2 1 4 -4.07222 0 1 -4.07222 1
gene 2 2 4 -6.18836 0 2 -6.18836 1
gene 2 3 4 6.63101 0 3 6.63101 1
gene 2 2 11 -7.89584 0 17 -7.89584 1
gene 1 11 4 0.56875 0 18 0.56875 1
gene 2 3 17 -0.335407 0 38 -0.335407 1
gene 2 17 4 -3.61216 0 39 -3.61216 1
gene 1 2 17 -0.52315 0 106 -0.52315 1
genomeend 43

/* Organism #44 Fitness: 4.07165 Error: 1.98217 */
genomestart 44
trait 1 0.0625 0.0220133 0 0.189436 0.00871545 0 0 0 
trait 2 0.180367 0 0 0 0 0 0.00511882 0 
trait 3 0.3 0 0 0 0 0 0 0 
node 1 3 1 3
node 2 3 1 1
node 3 2 1 1
node 4 3 0 2
node 11 1 0 0
node 17 1 0 0
gene 2 1 4 -2.97812 0 1 -2.97812 1
gene 2 2 4 -3.73472 0 2 -3.73472 1
gene 2 3 4 7.52757 0 3 7.52757 1
gene 2 2 11 -6.1378 0 17 -6.1378 1
gene 1 11 4 3.00127 0 18 3.00127 1
gene 2 3 17 -3.02137 0 38 -3.02137 1
gene 2 17 4 -1.43629 0 39 -1.43629 1
gene 1 2 17 1.52347 0 106 1.52347 1
genomeend 44

/* Organism #45 Fitness: 8.99995 Error: 1.00001 */
genomestart 45
trait 1 0.0625 0.0220133 0 0.189436 0.00871545 0 0 0 
trait 2 0.180367 0 0 0 0 0 0.00511882 0 
trait 3 0.3 0 0 0 0 0 0 0 
node 1 3 1 3
node 2 3 1 1
node 3 2 1 1
node 4 3 0 2
node 11 1 0 0
node 17 1 0 0
gene 2 1 4 -3.55037 0 1 -3.55037 1
gene 2 2 4 -5.44959 0 2 -5.44959 1
gene 2 3 4 6.63101 0 3 6.63101 1
gene 2 2 11 -5.3159 0 17 -5.3159 1
gene 1 11 4 1.71867 0 18 1.71867 1
gene 2 3 17 -1.26417 0 38 -1.26417 1
gene 2 17 4 -3.61216 0 39 -3.61216 1
gene 1 2 17 -0.941572 0 106 -0.941572 1
genomeend 45

/* Organism #46 Fitness: 8.99982 Error: 1.00003 */
genomestart 46
trait 1 0.0625 0.0220133 0 0.189436 0.00871545 0 0 0 
trait 2 0.180367 0 0 0 0 0 0.00511882 0 
trait 3 0.3 0 0 0 0 0 0 0 
node 1 3 1 3
node 2 3 1 1
node 3 2 1 1
node 4 3 0 2
node 11 1 0 0
node 17 1 0 0
gene 2 1 4 -4.47429 0 1 -4.47429 1
gene 2 2 4 -4.09877 0 2 -4.09877 1
gene 2 3 4 6.458 0 3 6.458 1
gene 2 2 11 -6.20708 0 17 -6.20708 1
gene 1 11 4 3.55862 0 18 3.55862 1
gene 2 3 17 -0.639534 0 38 -0.639534 1
gene 2 17 4 -3.39018 0 39 -3.39018 1
gene 1 2 17 -1.57604 0 106 -1.57604 1
genomeend 46

/* Organism #47 Fitness: 8.99999 Error: 1 */
genomestart 47
trait 1 0.0625 0.0220133 0 0.189436 0.00871545 0 0 0 
trait 2 0.180367 0 0 0 0 0 0.00511882 0 
trait 3 0.3 0 0 0 0 0 0 0 
node 1 3 1 3
node 2 3 1 1
node 3 2 1 1
node 4 3 0 2
node 11 1 0 0
node 17 1 0 0
gene 2 1 4 -2.57593 0 1 -2.57593 1
gene 2 2 4 -5.44959 0 2 -5.44959 1
gene 2 3 4 5.27128 0 3 5.27128 1
gene 2 2 11 -5.3159 0 17 -5.3159 1
gene 1 11 4 0.956459 0 18 0.956459 1
gene 2 3 17 -1.26417 0 38 -1.26417 1
gene 2 17 4 -1.54926 0 39 -1.54926 1
gene 1 2 17 -0.941572 0 106 -0.941572 1
genomeend 47

/* Organism #48 Fitness: 9 Error: 1 */
genomestart 48
trait 1 0.065625 0.0201789 0 0.17365 0.00798916 0 0 0 
trait 2 0.180367 0 0 0 0 0 0.00511882 0 
trait 3 0.3 0 0 0 0 0 0 0 
node 1 3 1 3
node 2 3 1 1
node 3 2 1 1
node 4 3 0 2
node 11 1 0 0
node 17 1 0 0
gene 2 1 4 -3.06315 0 1 -3.06315 1
gene 2 2 4 -6.15785 0 2 -6.15785 1
gene 2 3 4 5.95114 0 3 5.95114 1
gene 2 2 11 -6.97741 0 17 -6.97741 1
gene 1 11 4 1.28963 0 18 1.28963 1
gene 2 3 17 -1.04504 0 38 -1.04504 1
gene 2 17 4 -2.72271 0 39 -2.72271 1
gene 1 2 17 -0.561354 0 106 -0.561354 1
genomeend 48

/* Organism #49 Fitness: 8.99998 Error: 1 */
genomestart 49
trait 1 0.065625 0.0201789 0 0.17365 0.00798916 0 0 0 
trait 2 0.180367 0 0 0 0 0 0.00511882 0 
trait 3 0.3 0 0 0 0 0 0 0 
node 1 3 1 3
node 2 3 1 1
node 3 2 1 1
node 4 3 0 2
node 11 1 0 0
node 17 1 0 0
gene 2 1 4 -2.57593 0 1 -2.57593 1
gene 2 2 4 -5.32872 0 2 -5.32872 1
gene 2 3 4 5.27128 0 3 5.27128 1
gene 2 2 11 -5.3159 0 17 -5.3159 1
gene 1 11 4 0.860594 0 18 0.860594 1
gene 2 3 17 -1.26417 0 38 -1.26417 1
gene 2 17 4 -1.54926 0 39 -1.54926 1
gene 1 2 17 -0.941572 0 106 -0.941572 1
genomeend 49

/* Organism #50 Fitness: 8.9879 Error: 1.00202 */
genomestart 50
trait 1 0.06875 0.0183444 0 0.157864 0.00726288 0 0 0 
trait 2 0.180367 0 0 0 0 0 0.00511882 0 
trait 3 0.3 0 0 0 0 0 0 0 
node 1 3 1 3
node 2 3 1 1
node 3 2 1 1
node 4 3 0 2
node 11 1 0 0
node 17 1 0 0
gene 2 1 4 -2.57593 0 1 -2.57593 1
gene 2 2 4 -3.0392 0 2 -3.0392 1
gene 2 3 4 5.3739 0 3 5.3739 1
gene 2 2 11 -8 0 17 -8 1
gene 1 11 4 1.2874 0 18 1.2874 1
gene 2 3 17 1.62716 0 38 1.62716 1
gene 2 17 4 -1.01985 0 39 -1.01985 1
gene 1 2 17 1.14819 0 106 1.14819 1
genomeend 50

/* Species #6 : (Size 11) (AF 6.59597) (Age 17)  */


/* Organism #51 Fitness: 8.99918 Error: 1.00014 */
genomestart 51
trait 1 0.1 0 0 0 0 0 0 0 
trait 2 0.2 0 0 0 0 0 0 0 
trait 3 0.3 0 0 0 0 0.0368488 0 0 
node 1 3 1 3
node 2 3 1 1
node 3 3 1 1
node 4 3 0 2
node 11 1 0 0
node 18 1 0 0
gene 2 1 4 -1.84894 0 1 -1.84894 1
gene 3 2 4 1.4699 0 2 1.4699 0
gene 2 3 4 1.0812 0 3 1.0812 1
gene 2 2 11 -1.31289 0 17 -1.31289 0
gene 2 11 4 8 0 18 8 1
gene 3 2 18 -7.5578 0 40 -7.5578 1
gene 2 18 11 -6.63627 0 41 -6.63627 1
gene 2 3 18 -2.37998 0 73 -2.37998 1
genomeend 51

/* Organism #52 Fitness: 4.23801 Error: 1.94136 */
genomestart 52
trait 1 0.1 0 0 0 0 0 0 0 
trait 2 0.2 0 0 0 0 0 0 0 
trait 3 0.3 0 0 0 0 0.0368488 0 0 
node 1 3 1 3
node 2 3 1 1
node 3 3 1 1
node 4 3 0 2
node 11 1 0 0
node 18 1 0 0
gene 2 1 4 0.563701 0 1 0.563701 1
gene 3 2 4 1.35666 0 2 1.35666 1
gene 1 3 4 1.63186 0 3 1.63186 1
gene 2 2 11 -0.755494 0 17 -0.755494 0
gene 2 11 4 8 0 18 8 1
gene 3 2 18 -8 0 40 -8 1
gene 2 18 11 -5.73394 0 41 -5.73394 1
gene 2 3 18 -4.66624 0 73 -4.66624 1
genomeend 52

/* Organism #53 Fitness: 8.99918 Error: 1.00014 */
genomestart 53
trait 1 0.1 0 0 0 0 0 0 0 
trait 2 0.2 0 0 0 0 0 0 0 
trait 3 0.3 0 0 0.0371632 0 0.0368488 0.0274385 0 
node 1 3 1 3
node 2 3 1 1
node 3 3 1 1
node 4 3 0 2
node 11 1 0 0
node 18 1 0 0
gene 2 1 4 -1.84894 0 1 -1.84894 1
gene 3 2 4 1.4699 0 2 1.4699 0
gene 2 3 4 1.0812 0 3 1.0812 1
gene 2 2 11 -1.31289 0 17 -1.31289 0
gene 2 11 4 8 0 18 8 1
gene 3 2 18 -7.5578 0 40 -7.5578 1
gene 2 18 11 -6.63627 0 41 -6.63627 1
gene 2 3 18 -2.37998 0 73 -2.37998 1
genomeend 53

/* Organism #54 Fitness: 8.99918 Error: 1.00014 */
genomestart 54
trait 1 0.1 0 0 0 0 0 0 0 
trait 2 0.2 0 0 0 0 0 0 0 
trait 3 0.3 0 0 0 0 0.0368488 0 0 
node 1 3 1 3
node 2 3 1 1
node 3 3 1 1
node 4 3 0 2
node 11 1 0 0
node 18 1 0 0
gene 2 1 4 -1.84894 0 1 -1.84894 1
gene 3 2 4 1.4699 0 2 1.4699 0
gene 2 3 4 1.0812 0 3 1.0812 1
gene 2 2 11 -1.31289 0 17 -1.31289 0
gene 2 11 4 8 0 18 8 1
gene 3 2 18 -7.5578 0 40 -7.5578 1
gene 2 18 11 -6.63627 0 41 -6.63627 1
gene 2 3 18 -2.37998 0 73 -2.37998 1
genomeend 54

/* Organism #55 Fitness: 8.95869 Error: 1.00689 */
genomestart 55
trait 1 0.1 0 0 0 0 0 0 0 
trait 2 0.2 0 0 0 0 0 0 0 
trait 3 0.3 0 0 0 0 0.0368488 0 0 
node 1 3 1 3
node 2 3 1 1
node 3 3 1 1
node 4 3 0 2
node 11 1 0 0
node 18 1 0 0
gene 2 1 4 -1.00935 0 1 -1.00935 1
gene 3 2 4 -0.771691 0 2 -0.771691 0
gene 2 3 4 1.25864 0 3 1.25864 1
gene 2 2 11 -0.749768 0 17 -0.749768 0
gene 2 11 4 8 0 18 8 1
gene 3 2 18 -8 0 40 -8 1
gene 2 18 11 -6.01115 0 41 -6.01115 1
gene 2 3 18 -4.87752 0 73 -4.87752 1
genomeend 55

/* Organism #56 Fitness: 3.99999 Error: 2 */
genomestart 56
trait 1 0.1 0 0 0 0 0 0 0 
trait 2 0.2 0 0 0 0 0 0 0 
trait 3 0.3 0 0 0 0 0.0368488 0 0 
node 1 3 1 3
node 2 3 1 1
node 3 3 1 1
node 4 3 0 2
node 11 1 0 0
node 18 1 0 0
gene 2 1 4 -1.63133 0 1 -1.63133 1
gene 3 2 4 2.12102 0 2 2.12102 0
gene 2 3 4 1.78155 0 3 1.78155 1
gene 2 2 11 0.409533 0 17 0.409533 1
gene 2 11 4 5.62534 0 18 5.62534 1
gene 3 2 18 0.169154 0 40 0.169154 1
gene 2 18 11 -6.36149 0 41 -6.36149 1
gene 2 3 18 -1.02279 0 73 -1.02279 1
genomeend 56

/* Organism #57 Fitness: 4 Error: 2 */
genomestart 57
trait 1 0.1 0 0 0 0 0 0 0 
trait 2 0 0 0.0866422 0.248068 0.985399 0 0 0 
trait 3 0.3 0 0 0 0 0.0368488 0 0 
node 1 3 1 3
node 2 3 1 1
node 3 3 1 1
node 4 3 0 2
node 11 1 0 0
node 18 1 0 0
gene 2 1 4 -3.49082 0 1 -3.49082 1
gene 3 2 4 0.640887 0 2 0.640887 0
gene 2 3 4 0.0110027 0 3 0.0110027 1
gene 2 2 11 -1.88341 0 17 -1.88341 0
gene 2 11 4 8 0 18 8 1
gene 3 2 18 -0.423411 0 40 -0.423411 1
gene 2 18 11 -5.56481 0 41 -5.56481 1
gene 2 3 18 -3.68968 0 73 -3.68968 1
genomeend 57

/* Organism #58 Fitness: 7.4821 Error: 1.26466 */
genomestart 58
trait 1 0.1 0 0 0 0 0 0 0 
trait 2 0.2 0 0 0 0 0 0 0 
trait 3 0.3 0 0 0 0 0.0368488 0 0 
node 1 3 1 3
node 2 3 1 1
node 3 3 1 1
node 4 3 0 2
node 11 1 0 0
node 18 1 0 0
gene 1 1 4 -0.207524 0 1 -0.207524 1
gene 3 2 4 2.77816 0 2 2.77816 0
gene 2 3 4 0.59239 0 3 0.59239 1
gene 2 2 11 -0.42105 0 17 -0.42105 0
gene 2 11 4 6.57523 0 18 6.57523 1
gene 3 2 18 -5.4038 0 40 -5.4038 1
gene 2 18 11 -8 0 41 -8 1
gene 2 3 18 -3.63784 0 73 -3.63784 1
genomeend 58

/* Organism #59 Fitness: 3.90521 Error: 2.02384 */
genomestart 59
trait 1 0.1 0 0 0 0 0 0 0 
trait 2 0.2 0 0 0 0 0 0 0 
trait 3 0.3 0 0 0 0 0.0368488 0 0 
node 1 3 1 3
node 2 3 1 1
node 3 3 1 1
node 4 3 0 2
node 11 1 0 0
node 18 1 0 0
gene 2 1 4 -0.63647 0 1 -0.63647 1
gene 3 2 4 -0.867081 0 2 -0.867081 1
gene 2 3 4 -0.17711 0 3 -0.17711 1
gene 2 2 11 0.647395 0 17 0.647395 0
gene 2 11 4 8 0 18 8 1
gene 3 2 18 -5.95527 0 40 -5.95527 1
gene 2 18 11 -6.20197 0 41 -6.20197 1
gene 2 3 18 0.102611 0 73 0.102611 1
genomeend 59

/* Organism #60 Fitness: 8.97341 Error: 1.00443 */
genomestart 60
trait 1 0.393491 0 0 0.25351 0 0 0.238463 0 
trait 2 0.2 0 0 0 0 0 0 0 
trait 3 0.3 0 0 0 0 0.0368488 0 0 
node 1 3 1 3
node 2 3 1 1
node 3 3 1 1
node 4 3 0 2
node 11 1 0 0
node 18 1 0 0
gene 2 1 4 -1.09996 0 1 -1.09996 1
gene 3 2 4 2.48575 0 2 2.48575 0
gene 2 3 4 2.7685 0 3 2.7685 1
gene 2 2 11 -1.22004 0 17 -1.22004 0
gene 2 11 4 6.98783 0 18 6.98783 1
gene 3 2 18 -6.98052 0 40 -6.98052 1
gene 2 18 11 -6.57914 0 41 -6.57914 1
gene 2 3 18 -0.560231 0 73 -0.560231 1
genomeend 60

/* Organism #61 Fitness: 4.00074 Error: 1.99982 */
genomestart 61
trait 1 0.1 0 0 0 0 0 0 0 
trait 2 0.2 0 0 0 0 0 0 0 
trait 3 0.3 0 0 0 0 0.0368488 0 0 
node 1 3 1 3
node 2 3 1 1
node 3 3 1 1
node 4 3 0 2
node 11 1 0 0
node 18 1 0 0
gene 2 1 4 -1.84894 0 1 -1.84894 1
gene 3 2 4 3.02042 0 2 3.02042 0
gene 2 3 4 2.70045 0 3 2.70045 1
gene 2 2 11 -0.472896 0 17 -0.472896 0
gene 2 11 4 -1.7183 0 18 -1.7183 1
gene 3 2 18 -2.48789 0 40 -2.48789 1
gene 2 18 11 -5.78594 0 41 -5.78594 1
gene 2 3 18 -2.20221 0 73 -2.20221 1
genomeend 61

/* Species #7 : (Size 11) (AF 5.80677) (Age 14)  */


/* Organism #62 Fitness: 8.98103 Error: 1.00316 */
genomestart 62
trait 1 0.1 0 0 0 0 0 0 0 
trait 2 0.2 0 0 0 0 0 0 0 
trait 3 0.3 0 0 0 0 0 0 0 
node 1 3 1 3
node 2 3 1 1
node 3 3 1 1
node 4 3 0 2
node 11 1 0 0
node 18 1 0 0
node 27 1 0 0
gene 2 1 4 -4.03692 0 1 -4.03692 1
gene 2 2 4 0.347824 0 2 0.347824 0
gene 2 3 4 2.6652 0 3 2.6652 1
gene 2 2 11 -1.16208 0 17 -1.16208 0
gene 2 11 4 5.53018 0 18 5.53018 1
gene 2 2 18 6.02447 0 40 6.02447 1
gene 2 18 11 1.66509 0 41 1.66509 1
gene 1 3 18 -1.73542 0 55 -1.73542 0
gene 1 3 27 1.27228 0 74 1.27228 1
gene 1 27 18 -2.77329 0 75 -2.77329 1
gene 1 2 27 2.64183 0 122 2.64183 1
gene 3 18 4 0.395879 0 174 0.395879 1
genomeend 62

/* Organism #63 Fitness: 4.01075 Error: 1.99731 */
genomestart 63
trait 1 0.1 0 0 0 0 0 0 0 
trait 2 0.2 0 0 0 0 0 0 0 
trait 3 0.3 0 0 0 0 0 0 0 
node 1 3 1 3
node 2 3 1 1
node 3 3 1 1
node 4 3 0 2
node 11 1 0 0
node 18 1 0 0
node 27 1 0 0
gene 2 1 4 -2.21828 0 1 -2.21828 1
gene 2 2 4 -0.946628 0 2 -0.946628 0
gene 2 3 4 4.74062 0 3 4.74062 1
gene 2 2 11 -0.279884 0 17 -0.279884 0
gene 2 11 4 6.81779 0 18 6.81779 1
gene 2 2 18 7.04687 0 40 7.04687 1
gene 2 18 11 3.93667 0 41 3.93667 1
gene 1 3 18 0.0687057 0 55 0.0687057 0
gene 1 3 27 -0.679714 0 74 -0.679714 1
gene 1 27 18 -3.26811 0 75 -3.26811 1
gene 1 2 27 1.67571 0 122 1.67571 1
gene 3 18 4 1.26249 0 174 1.26249 1
genomeend 63

/* Organism #64 Fitness: 4.00001 Error: 2 */
genomestart 64
trait 1 0.1 0 0 0 0 0 0 0 
trait 2 0.2 0 0 0 0 0 0 0 
trait 3 0.3 0 0 0 0 0 0 0 
node 1 3 1 3
node 2 3 1 1
node 3 3 1 1
node 4 3 0 2
node 11 1 0 0
node 18 1 0 0
node 27 1 0 0
gene 2 1 4 -6.33038 0 1 -6.33038 1
gene 2 2 4 -0.33393 0 2 -0.33393 0
gene 2 3 4 3.86051 0 3 3.86051 1
gene 2 2 11 0.392254 0 17 0.392254 0
gene 2 11 4 5.75024 0 18 5.75024 1
gene 2 2 18 3.85704 0 40 3.85704 1
gene 2 18 11 1.33725 0 41 1.33725 1
gene 1 3 18 -0.407807 0 55 -0.407807 0
gene 1 3 27 1.27228 0 74 1.27228 1
gene 1 27 18 1.74157 0 75 1.74157 1
gene 1 2 27 2.90012 0 122 2.90012 1
gene 3 18 4 2.8808 0 174 2.8808 1
genomeend 64

/* Organism #65 Fitness: 4.61754 Error: 1.85115 */
genomestart 65
trait 1 0.1 0 0 0 0 0 0 0 
trait 2 0.2 0 0 0 0 0 0 0 
trait 3 0.3 0 0 0 0 0 0 0 
node 1 3 1 3
node 2 3 1 1
node 3 3 1 1
node 4 3 0 2
node 11 1 0 0
node 18 1 0 0
node 27 1 0 0
gene 2 1 4 -2.43077 0 1 -2.43077 1
gene 2 2 4 -3.12526 0 2 -3.12526 0
gene 2 3 4 4.99604 0 3 4.99604 1
gene 2 2 11 0.644153 0 17 0.644153 1
gene 2 11 4 2.14243 0 18 2.14243 1
gene 2 2 18 0.941642 0 40 0.941642 1
gene 2 18 11 0.578906 0 41 0.578906 1
gene 1 3 18 -1.47566 0 55 -1.47566 0
gene 1 3 27 3.10006 0 74 3.10006 1
gene 1 27 18 -0.351005 0 75 -0.351005 1
gene 1 2 27 4.84462 0 122 4.84462 1
gene 3 18 4 -0.0475512 0 174 -0.0475512 1
genomeend 65

/* Organism #66 Fitness: 8.98045 Error: 1.00326 */
genomestart 66
trait 1 0.1 0 0 0 0 0 0 0 
trait 2 0.2 0 0 0 0 0 0 0 
trait 3 0.3 0 0 0 0 0 0 0 
node 1 3 1 3
node 2 3 1 1
node 3 3 1 1
node 4 3 0 2
node 11 1 0 0
node 18 1 0 0
node 27 1 0 0
gene 2 1 4 -4.04483 0 1 -4.04483 1
gene 2 2 4 0.347824 0 2 0.347824 0
gene 2 3 4 2.6652 0 3 2.6652 1
gene 2 2 11 -1.16208 0 17 -1.16208 0
gene 2 11 4 5.3174 0 18 5.3174 1
gene 2 2 18 6.02447 0 40 6.02447 1
gene 2 18 11 1.66509 0 41 1.66509 1
gene 1 3 18 -1.73542 0 55 -1.73542 0
gene 1 3 27 1.27228 0 74 1.27228 1
gene 1 27 18 -2.77329 0 75 -2.77329 1
gene 1 2 27 2.90012 0 122 2.90012 1
gene 3 18 4 0.395879 0 174 0.395879 1
genomeend 66

/* Organism #67 Fitness: 4.10172 Error: 1.97473 */
genomestart 67
trait 1 0.1 0 0 0 0 0 0 0 
trait 2 0.2 0 0 0 0 0 0 0 
trait 3 0.3 0 0 0 0 0 0 0 
node 1 3 1 3
node 2 3 1 1
node 3 3 1 1
node 4 3 0 2
node 11 1 0 0
node 18 1 0 0
node 27 1 0 0
gene 2 1 4 -3.88198 0 1 -3.88198 1
gene 2 2 4 -1.61427 0 2 -1.61427 0
gene 2 3 4 3.55477 0 3 3.55477 1
gene 2 2 11 0.35014 0 17 0.35014 0
gene 2 11 4 3.13906 0 18 3.13906 1
gene 2 2 18 5.04997 0 40 5.04997 1
gene 2 18 11 0.859193 0 41 0.859193 1
gene 1 3 18 -2.76366 0 55 -2.76366 0
gene 1 3 27 -1.2043 0 74 -1.2043 1
gene 1 27 18 -4.37777 0 75 -4.37777 1
gene 1 2 27 4.12542 0 122 4.12542 1
gene 3 18 4 0.0553547 0 174 0.0553547 1
genomeend 67

/* Organism #68 Fitness: 3.9962 Error: 2.00095 */
genomestart 68
trait 1 0.1 0 0 0 0 0 0 0 
trait 2 0.2 0 0 0 0 0 0 0 
trait 3 0.3 0 0 0 0 0 0 0 
node 1 3 1 3
node 2 3 1 1
node 3 3 1 1
node 4 3 0 2
node 11 1 0 0
node 18 1 0 0
node 27 1 0 0
gene 2 1 4 -6.49791 0 1 -6.49791 1
gene 2 2 4 1.50616 0 2 1.50616 0
gene 2 3 4 0.321359 0 3 0.321359 1
gene 2 2 11 -0.906581 0 17 -0.906581 0
gene 2 11 4 5.3174 0 18 5.3174 1
gene 2 2 18 8 0 40 8 1
gene 2 18 11 3.55249 0 41 3.55249 1
gene 1 3 18 -3.42293 0 55 -3.42293 0
gene 1 3 27 0.843276 0 74 0.843276 1
gene 1 27 18 -3.54008 0 75 -3.54008 1
gene 1 2 27 0.737151 0 122 0.737151 1
gene 3 18 4 -0.507118 0 174 -0.507118 1
genomeend 68

/* Organism #69 Fitness: 8.18188 Error: 1.1396 */
genomestart 69
trait 1 0.1 0 0 0 0 0 0 0 
trait 2 0.2 0 0 0 0 0 0 0 
trait 3 0.3 0 0 0 0 0 0 0 
node 1 3 1 3
node 2 3 1 1
node 3 3 1 1
node 4 3 0 2
node 11 1 0 0
node 18 1 0 0
node 27 1 0 0
gene 2 1 4 -5.26615 0 1 -5.26615 1
gene 2 2 4 1.00723 0 2 1.00723 0
gene 2 3 4 5.04114 0 3 5.04114 1
gene 2 2 11 -1.14291 0 17 -1.14291 0
gene 2 11 4 5.78084 0 18 5.78084 1
gene 2 2 18 1.82732 0 40 1.82732 1
gene 2 18 11 -2.41014 0 41 -2.41014 1
gene 1 3 18 -1.3908 0 55 -1.3908 0
gene 1 3 27 0.237686 0 74 0.237686 1
gene 1 27 18 -1.13641 0 75 -1.13641 1
gene 1 2 27 1.4425 0 122 1.4425 1
gene 3 18 4 -0.149172 0 174 -0.149172 1
genomeend 69

/* Organism #70 Fitness: 4.0002 Error: 1.99995 */
genomestart 70
trait 1 0.1 0 0 0 0 0 0 0 
trait 2 0.2 0 0 0 0 0 0 0 
trait 3 0.3 0 0 0 0 0 0 0 
node 1 3 1 3
node 2 3 1 1
node 3 3 1 1
node 4 3 0 2
node 11 1 0 0
node 18 1 0 0
node 27 1 0 0
gene 2 1 4 -1.85153 0 1 -1.85153 1
gene 2 2 4 1.5711 0 2 1.5711 0
gene 2 3 4 0.408271 0 3 0.408271 1
gene 2 2 11 -3.46656 0 17 -3.46656 0
gene 2 11 4 5.28693 0 18 5.28693 1
gene 2 2 18 7.09612 0 40 7.09612 1
gene 2 18 11 0.557306 0 41 0.557306 1
gene 1 3 18 -3.4863 0 55 -3.4863 0
gene 1 3 27 0.321682 0 74 0.321682 1
gene 1 27 18 -0.666916 0 75 -0.666916 1
gene 1 2 27 2.64183 0 122 2.64183 1
gene 3 18 4 0.395879 0 174 0.395879 1
genomeend 70

/* Organism #71 Fitness: 4.02272 Error: 1.99433 */
genomestart 71
trait 1 0.1 0 0 0 0 0 0 0 
trait 2 0.2 0 0 0 0 0 0 0 
trait 3 0.3 0 0 0 0 0 0 0 
node 1 3 1 3
node 2 3 1 1
node 3 3 1 1
node 4 3 0 2
node 11 1 0 0
node 18 1 0 0
node 27 1 0 0
gene 2 1 4 -2.38401 0 1 -2.38401 1
gene 2 2 4 0.244424 0 2 0.244424 0
gene 2 3 4 2.65739 0 3 2.65739 1
gene 2 2 11 -1.4306 0 17 -1.4306 0
gene 2 11 4 6.80417 0 18 6.80417 1
gene 2 2 18 8 0 40 8 1
gene 2 18 11 1.41273 0 41 1.41273 1
gene 1 3 18 -2.45439 0 55 -2.45439 0
gene 1 3 27 0.78344 0 74 0.78344 1
gene 1 27 18 -2.44436 0 75 -2.44436 1
gene 1 2 27 1.62331 0 122 1.62331 1
gene 3 18 4 0.976941 0 174 0.976941 1
genomeend 71

/* Organism #72 Fitness: 8.98195 Error: 1.00301 */
genomestart 72
trait 1 0.1 0 0 0 0 0 0 0 
trait 2 0.2 0 0 0 0 0 0 0 
trait 3 0.3 0 0 0 0 0 0 0 
node 1 3 1 3
node 2 3 1 1
node 3 3 1 1
node 4 3 0 2
node 11 1 0 0
node 18 1 0 0
node 27 1 0 0
gene 2 1 4 -4.03692 0 1 -4.03692 1
gene 2 2 4 0.347824 0 2 0.347824 1
gene 2 3 4 2.6652 0 3 2.6652 1
gene 2 2 11 -1.16208 0 17 -1.16208 0
gene 2 11 4 5.3174 0 18 5.3174 1
gene 2 2 18 6.02447 0 40 6.02447 1
gene 2 18 11 1.66509 0 41 1.66509 1
gene 1 3 18 -1.73542 0 55 -1.73542 0
gene 1 3 27 1.27228 0 74 1.27228 1
gene 1 27 18 -2.77329 0 75 -2.77329 1
gene 1 2 27 2.90012 0 122 2.90012 1
gene 3 18 4 0.395879 0 174 0.395879 1
genomeend 72

/* Species #9 : (Size 9) (AF 5.56966) (Age 12)  */


/* Organism #73 Fitness: 10.4265 Error: 0.770994 */
genomestart 73
trait 1 0.05 0.0253653 0.00702729 0 0.312276 0.00185308 0.345675 0 
trait 2 0.441419 0.450882 0 0 0 0 0.294738 0.429763 
trait 3 0.3 0 0 0.369747 0.38196 0 0 0 
node 1 1 1 3
node 2 1 1 1
node 3 2 1 1
node 4 3 0 2
node 6 1 0 0
node 30 1 0 0
gene 2 1 4 2.24937 0 1 2.24937 1
gene 1 2 4 -2.23556 0 2 -2.23556 1
gene 2 3 4 -0.234222 0 3 -0.234222 0
gene 3 3 6 2.47341 0 6 2.47341 1
gene 2 6 4 3.07047 0 7 3.07047 1
gene 3 1 6 -1.95948 0 60 -1.95948 1
gene 2 2 6 4.87915 0 69 4.87915 1
gene 2 3 30 2.73737 0 82 2.73737 1
gene 2 30 4 -4.05026 0 83 -4.05026 1
genomeend 73

/* Organism #74 Fitness: 5.55263 Error: 1.6436 */
genomestart 74
trait 1 0.05 0.0253653 0.00702729 0 0.312276 0.00185308 0.345675 0 
trait 2 0.441419 0.450882 0 0 0 0 0.294738 0.429763 
trait 3 0.3 0 0 0.369747 0.38196 0 0 0 
node 1 1 1 3
node 2 1 1 1
node 3 2 1 1
node 4 3 0 2
node 6 1 0 0
node 30 1 0 0
gene 2 1 4 1.15297 0 1 1.15297 1
gene 1 2 4 -3.63032 0 2 -3.63032 1
gene 2 3 4 -0.117292 0 3 -0.117292 0
gene 3 3 6 1.99153 0 6 1.99153 1
gene 2 6 4 3.07047 0 7 3.07047 1
gene 3 1 6 -0.435577 0 60 -0.435577 1
gene 2 2 6 3.24909 0 69 3.24909 1
gene 2 3 30 2.14296 0 82 2.14296 1
gene 2 30 4 -0.6428 0 83 -0.6428 1
genomeend 74

/* Organism #75 Fitness: 4.01383 Error: 1.99654 */
genomestart 75
trait 1 0.05 0.0253653 0.00702729 0 0.312276 0.00185308 0.345675 0 
trait 2 0.441419 0.450882 0 0 0 0 0.294738 0.429763 
trait 3 0.3 0 0 0.369747 0.38196 0 0 0 
node 1 1 1 3
node 2 1 1 1
node 3 2 1 1
node 4 3 0 2
node 6 1 0 0
node 30 1 0 0
gene 2 1 4 -1.14763 0 1 -1.14763 1
gene 1 2 4 -2.77867 0 2 -2.77867 1
gene 2 3 4 1.67356 0 3 1.67356 0
gene 3 3 6 -1.51188 0 6 -1.51188 1
gene 2 6 4 1.44697 0 7 1.44697 1
gene 3 1 6 -1.01488 0 60 -1.01488 1
gene 2 2 6 5.51416 0 69 5.51416 1
gene 2 3 30 -1.58051 0 82 -1.58051 1
gene 2 30 4 -5.67721 0 83 -5.67721 1
genomeend 75

/* Organism #76 Fitness: 2.64373 Error: 2.37405 */
genomestart 76
trait 1 0.05 0.0253653 0.00702729 0 0.312276 0.00185308 0.345675 0 
trait 2 0.441419 0.450882 0 0 0 0 0.294738 0.429763 
trait 3 0.3 0 0 0.369747 0.38196 0 0 0 
node 1 1 1 3
node 2 1 1 1
node 3 2 1 1
node 4 3 0 2
node 6 1 0 0
node 30 1 0 0
gene 2 1 4 0.570762 0 1 0.570762 1
gene 1 2 4 -0.975938 0 2 -0.975938 1
gene 2 3 4 -0.747106 0 3 -0.747106 0
gene 3 3 6 0.938519 0 6 0.938519 1
gene 2 6 4 1.56266 0 7 1.56266 1
gene 3 1 6 -3.65826 0 60 -3.65826 1
gene 2 2 6 -1.00478 0 69 -1.00478 1
gene 2 3 30 2.08 0 82 2.08 1
gene 2 30 4 0.743083 0 83 0.743083 1
genomeend 76

/* Organism #77 Fitness: 11.1821 Error: 0.656042 */
/* ##------$ WINNER 77 SPECIES #9 $------## */
genomestart 77
trait 1 0.05 0.0253653 0.00702729 0 0.312276 0.00185308 0.345675 0 
trait 2 0.441419 0.450882 0 0 0 0 0.294738 0.429763 
trait 3 0.3 0 0 0.369747 0.38196 0 0 0 
node 1 1 1 3
node 2 1 1 1
node 3 2 1 1
node 4 3 0 2
node 6 1 0 0
node 30 1 0 0
gene 2 1 4 2.24937 0 1 2.24937 1
gene 1 2 4 -2.23556 0 2 -2.23556 1
gene 2 3 4 -0.234222 0 3 -0.234222 0
gene 3 3 6 2.47341 0 6 2.47341 1
gene 2 6 4 3.07047 0 7 3.07047 1
gene 3 1 6 -1.95948 0 60 -1.95948 1
gene 2 2 6 4.87915 0 69 4.87915 1
gene 2 3 30 2.73737 0 82 2.73737 1
gene 2 30 4 -4.98835 0 83 -4.98835 1
genomeend 77

/* Organism #78 Fitness: 4 Error: 2 */
genomestart 78
trait 1 0.05 0.0253653 0.00702729 0 0.312276 0.00185308 0.345675 0 
trait 2 0.441419 0.450882 0 0 0 0 0.294738 0.429763 
trait 3 0.3 0 0 0.369747 0.38196 0 0 0 
node 1 1 1 3
node 2 1 1 1
node 3 2 1 1
node 4 3 0 2
node 6 1 0 0
node 30 1 0 0
gene 2 1 4 3.62691 0 1 3.62691 1
gene 1 2 4 -3.73891 0 2 -3.73891 1
gene 2 3 4 0.169389 0 3 0.169389 0
gene 3 3 6 2.47341 0 6 2.47341 1
gene 2 6 4 3.08741 0 7 3.08741 1
gene 3 1 6 -2.04951 0 60 -2.04951 1
gene 2 2 6 4.59159 0 69 4.59159 1
gene 2 3 30 2.26322 0 82 2.26322 1
gene 2 30 4 1.99568 0 83 1.99568 1
genomeend 78

/* Organism #79 Fitness: 3.99974 Error: 2.00006 */
genomestart 79
trait 1 0.05 0.0253653 0.00702729 0 0.312276 0.00185308 0.345675 0 
trait 2 0.441419 0.450882 0 0 0 0 0.294738 0.429763 
trait 3 0.3 0 0 0.369747 0.38196 0 0 0 
node 1 3 1 3
node 2 1 1 1
node 3 2 1 1
node 4 3 0 2
node 6 1 0 0
node 30 1 0 0
gene 2 1 4 0.263714 0 1 0.263714 1
gene 1 2 4 -2.23966 0 2 -2.23966 1
gene 2 3 4 -1.59458 0 3 -1.59458 0
gene 3 3 6 2.19706 0 6 2.19706 1
gene 2 6 4 3.17901 0 7 3.17901 1
gene 3 1 6 -3.73781 0 60 -3.73781 1
gene 2 2 6 2.39158 0 69 2.39158 1
gene 2 3 30 1.17764 0 82 1.17764 1
gene 2 30 4 -4.44525 0 83 -4.44525 1
genomeend 79

/* Organism #80 Fitness: 4.30918 Error: 1.92414 */
genomestart 80
trait 1 0.05 0.0253653 0.00702729 0 0.312276 0.00185308 0.345675 0 
trait 2 0.441419 0.450882 0 0 0 0 0.294738 0.429763 
trait 3 0.3 0 0 0.369747 0.38196 0 0 0 
node 1 1 1 3
node 2 1 1 1
node 3 2 1 1
node 4 3 0 2
node 6 1 0 0
node 30 1 0 0
gene 2 1 4 0.512371 0 1 0.512371 1
gene 1 2 4 -0.569292 0 2 -0.569292 1
gene 2 3 4 0.0345309 0 3 0.0345309 0
gene 3 3 6 4.25532 0 6 4.25532 1
gene 2 6 4 5.13211 0 7 5.13211 1
gene 3 1 6 -2.76023 0 60 -2.76023 1
gene 2 2 6 6.83594 0 69 6.83594 1
gene 2 3 30 3.15266 0 82 3.15266 1
gene 2 30 4 -0.00936949 0 83 -0.00936949 1
genomeend 80

/* Organism #81 Fitness: 3.99932 Error: 2.00017 */
genomestart 81
trait 1 0.05 0.0253653 0.00702729 0 0.312276 0.00185308 0.345675 0 
trait 2 0.441419 0.450882 0 0 0 0 0.294738 0.429763 
trait 3 0.3 0 0 0.369747 0.38196 0 0 0 
node 1 1 1 3
node 2 1 1 1
node 3 2 1 1
node 4 3 0 2
node 6 1 0 0
node 30 1 0 0
gene 2 1 4 0.850281 0 1 0.850281 1
gene 1 2 4 0.428253 0 2 0.428253 1
gene 2 3 4 -0.589738 0 3 -0.589738 0
gene 3 3 6 2.92861 0 6 2.92861 1
gene 2 6 4 2.24889 0 7 2.24889 1
gene 3 1 6 -4.41736 0 60 -4.41736 1
gene 2 2 6 5.29371 0 69 5.29371 1
gene 2 3 30 -0.0237685 0 82 -0.0237685 1
gene 2 30 4 1.07813 0 83 1.07813 1
genomeend 81

/* Species #10 : (Size 9) (AF 5.70963) (Age 11)  */


/* Organism #82 Fitness: 8.99039 Error: 1.0016 */
genomestart 82
trait 1 0.1 0.0253653 0.00702729 0 0 0.00370617 0 0 
trait 2 0.441419 0.450882 0 0 0 0 0.294738 0.429763 
trait 3 0.3 0 0 0.369747 0.38196 0 0 0 
node 1 2 1 3
node 2 1 1 1
node 3 1 1 1
node 4 3 0 2
node 6 1 0 0
node 30 1 0 0
node 34 1 0 0
gene 2 1 4 -0.17474 0 1 -0.17474 1
gene 1 2 4 -2.80842 0 2 -2.80842 1
gene 2 3 4 -0.712198 0 3 -0.712198 1
gene 2 3 6 1.84768 0 6 1.84768 1
gene 2 6 4 0.69368 0 7 0.69368 1
gene 3 1 6 0.363507 0 60 0.363507 1
gene 2 2 6 -7.10618 0 69 -7.10618 1
gene 2 3 30 -3.14801 0 82 -3.14801 0
gene 2 30 4 4.38939 0 83 4.38939 1
gene 2 3 34 -5.11385 0 100 -5.11385 1
gene 2 34 30 3.7591 0 101 3.7591 1
gene 2 6 30 1.01586 0 177 1.01586 1
genomeend 82

/* Organism #83 Fitness: 5.96213 Error: 1.55825 */
genomestart 83
trait 1 0.1 0.0253653 0.00702729 0 0 0.00370617 0 0 
trait 2 0.441419 0.450882 0 0 0 0 0.294738 0.429763 
trait 3 0.3 0 0 0.369747 0.38196 0 0 0 
node 1 2 1 3
node 2 1 1 1
node 3 1 1 1
node 4 3 0 2
node 6 1 0 0
node 30 1 0 0
node 34 1 0 0
gene 2 1 4 -0.0538111 0 1 -0.0538111 1
gene 1 2 4 -4.97429 0 2 -4.97429 1
gene 2 3 4 0.20011 0 3 0.20011 1
gene 2 3 6 2.59684 0 6 2.59684 1
gene 2 6 4 2.13414 0 7 2.13414 1
gene 3 1 6 0.363507 0 60 0.363507 1
gene 2 2 6 -7.02534 0 69 -7.02534 1
gene 2 3 30 -2.58884 0 82 -2.58884 0
gene 1 30 4 5.18801 0 83 5.18801 1
gene 2 3 34 -6.54101 0 100 -6.54101 1
gene 2 34 30 1.29096 0 101 1.29096 1
gene 2 6 30 1.1401 0 177 1.1401 1
genomeend 83

/* Organism #84 Fitness: 4 Error: 2 */
genomestart 84
trait 1 0.1 0.0253653 0.00702729 0 0 0.00370617 0 0 
trait 2 0.441419 0.450882 0 0 0 0 0.294738 0.429763 
trait 3 0.209909 0.440853 0 0.369747 0.38196 0 0 0 
node 1 2 1 3
node 2 1 1 1
node 3 1 1 1
node 4 3 0 2
node 6 1 0 0
node 30 1 0 0
node 34 1 0 0
gene 2 1 4 -0.718498 0 1 -0.718498 1
gene 1 2 4 -1.87965 0 2 -1.87965 1
gene 2 3 4 -2.12278 0 3 -2.12278 1
gene 2 3 6 0.391955 0 6 0.391955 1
gene 2 6 4 -1.68314 0 7 -1.68314 1
gene 3 1 6 1.19392 0 60 1.19392 1
gene 2 2 6 -6.05105 0 69 -6.05105 1
gene 2 3 30 -2.0637 0 82 -2.0637 0
gene 2 30 4 3.32692 0 83 3.32692 1
gene 2 3 34 -6.12178 0 100 -6.12178 1
gene 2 34 30 -1.14901 0 101 -1.14901 1
gene 2 6 30 -1.74895 0 177 -1.74895 1
genomeend 84

/* Organism #85 Fitness: 8.42162 Error: 1.098 */
genomestart 85
trait 1 0.1 0.0253653 0.00702729 0 0 0.00370617 0 0 
trait 2 0.441419 0.450882 0 0 0 0 0.294738 0.429763 
trait 3 0.3 0 0 0.369747 0.38196 0 0 0 
node 1 2 1 3
node 2 1 1 1
node 3 1 1 1
node 4 3 0 2
node 6 1 0 0
node 30 1 0 0
node 34 1 0 0
gene 2 1 4 -0.333491 0 1 -0.333491 1
gene 1 2 4 -0.388572 0 2 -0.388572 1
gene 2 3 4 -0.693752 0 3 -0.693752 1
gene 2 3 6 1.84768 0 6 1.84768 1
gene 2 6 4 0.506468 0 7 0.506468 1
gene 3 1 6 0.297025 0 60 0.297025 1
gene 2 2 6 -7.10618 0 69 -7.10618 1
gene 2 3 30 -3.14801 0 82 -3.14801 0
gene 2 30 4 1.91176 0 83 1.91176 1
gene 2 3 34 -3.90181 0 100 -3.90181 1
gene 2 34 30 3.7591 0 101 3.7591 1
gene 2 6 30 1.01586 0 177 1.01586 1
genomeend 85

/* Organism #86 Fitness: 3.99999 Error: 2 */
genomestart 86
trait 1 0.1 0.0253653 0.00702729 0 0 0.00370617 0 0 
trait 2 0.441419 0.450882 0 0 0 0 0.294738 0.429763 
trait 3 0.3 0 0 0.369747 0.38196 0 0 0 
node 1 3 1 3
node 2 1 1 1
node 3 1 1 1
node 4 3 0 2
node 6 1 0 0
node 30 1 0 0
node 34 1 0 0
gene 2 1 4 -0.799119 0 1 -0.799119 1
gene 1 2 4 -4.70835 0 2 -4.70835 1
gene 2 3 4 1.201 0 3 1.201 1
gene 2 3 6 1.13237 0 6 1.13237 1
gene 3 6 4 2.65169 0 7 2.65169 1
gene 3 1 6 0.441674 0 60 0.441674 1
gene 2 2 6 -8 0 69 -8 1
gene 2 3 30 -4.52465 0 82 -4.52465 0
gene 2 30 4 3.24296 0 83 3.24296 1
gene 2 3 34 -5.11385 0 100 -5.11385 1
gene 2 34 30 -1.84868 0 101 -1.84868 1
gene 2 6 30 1.01586 0 177 1.01586 1
genomeend 86

/* Organism #87 Fitness: 8.02333 Error: 1.16745 */
genomestart 87
trait 1 0.1 0.0253653 0.00702729 0 0 0.00370617 0 0 
trait 2 0.441419 0.450882 0 0 0 0 0.294738 0.429763 
trait 3 0.3 0 0 0.369747 0.38196 0 0 0 
node 1 2 1 3
node 2 1 1 1
node 3 1 1 1
node 4 3 0 2
node 6 1 0 0
node 30 1 0 0
node 34 1 0 0
gene 2 1 4 0.1786 0 1 0.1786 1
gene 1 2 4 -0.560736 0 2 -0.560736 1
gene 2 3 4 -2.59653 0 3 -2.59653 1
gene 2 3 6 2.50217 0 6 2.50217 1
gene 2 6 4 1.53032 0 7 1.53032 1
gene 3 1 6 1.46079 0 60 1.46079 1
gene 2 2 6 -3.70891 0 69 -3.70891 1
gene 2 3 30 -1.74919 0 82 -1.74919 0
gene 2 30 4 1.95309 0 83 1.95309 1
gene 2 3 34 -2.92833 0 100 -2.92833 1
gene 2 34 30 3.7591 0 101 3.7591 1
gene 2 6 30 0.220321 0 177 0.220321 1
genomeend 87

/* Organism #88 Fitness: 3.95629 Error: 2.01096 */
genomestart 88
trait 1 0.1 0.0253653 0.00702729 0 0 0.00370617 0 0 
trait 2 0.441419 0.450882 0 0 0 0 0.294738 0.429763 
trait 3 0.3 0 0 0.369747 0.38196 0 0 0 
node 1 2 1 3
node 2 1 1 1
node 3 1 1 1
node 4 3 0 2
node 6 1 0 0
node 30 1 0 0
node 34 1 0 0
gene 2 1 4 -1.16438 0 1 -1.16438 1
gene 1 2 4 -2.90597 0 2 -2.90597 1
gene 2 3 4 -0.944593 0 3 -0.944593 1
gene 2 3 6 0.78542 0 6 0.78542 1
gene 2 6 4 1.25235 0 7 1.25235 1
gene 3 1 6 -1.49424 0 60 -1.49424 1
gene 2 2 6 0.454948 0 69 0.454948 1
gene 2 3 30 -1.20874 0 82 -1.20874 0
gene 2 30 4 2.92608 0 83 2.92608 1
gene 2 3 34 1.39492 0 100 1.39492 1
gene 2 34 30 5.15457 0 101 5.15457 1
gene 2 6 30 0.390657 0 177 0.390657 1
genomeend 88

/* Organism #89 Fitness: 4.03278 Error: 1.99182 */
genomestart 89
trait 1 0.1 0.0253653 0.00702729 0 0 0.00370617 0 0 
trait 2 0.441419 0.450882 0 0 0 0 0.294738 0.429763 
trait 3 0.3 0 0 0.369747 0.38196 0 0 0 
node 1 2 1 3
node 2 1 1 1
node 3 1 1 1
node 4 3 0 2
node 6 1 0 0
node 30 1 0 0
node 34 1 0 0
gene 2 1 4 -0.599471 0 1 -0.599471 1
gene 1 2 4 -0.92244 0 2 -0.92244 1
gene 2 3 4 0.111505 0 3 0.111505 1
gene 2 3 6 0.548366 0 6 0.548366 1
gene 2 6 4 2.2613 0 7 2.2613 1
gene 3 1 6 2.53129 0 60 2.53129 1
gene 2 2 6 -7.10618 0 69 -7.10618 1
gene 2 3 30 -4.88085 0 82 -4.88085 0
gene 2 30 4 -0.86815 0 83 -0.86815 1
gene 2 3 34 -2.83645 0 100 -2.83645 1
gene 2 34 30 3.7591 0 101 3.7591 1
gene 2 6 30 1.34966 0 177 1.34966 1
genomeend 89

/* Organism #90 Fitness: 4.00015 Error: 1.99996 */
genomestart 90
trait 1 0.1 0.0253653 0.00702729 0 0 0.00370617 0 0 
trait 2 0.441419 0.450882 0 0 0 0 0.294738 0.429763 
trait 3 0.3 0 0 0.369747 0.38196 0 0 0 
node 1 2 1 3
node 2 1 1 1
node 3 1 1 1
node 4 3 0 2
node 6 1 0 0
node 30 1 0 0
node 34 1 0 0
gene 2 1 4 -0.962634 0 1 -0.962634 1
gene 1 2 4 1.11195 0 2 1.11195 1
gene 2 3 4 0.641221 0 3 0.641221 1
gene 2 3 6 2.58479 0 6 2.58479 1
gene 2 6 4 1.55836 0 7 1.55836 1
gene 3 1 6 -1.33685 0 60 -1.33685 1
gene 2 2 6 -7.72047 0 69 -7.72047 1
gene 2 3 30 -3.80541 0 82 -3.80541 0
gene 2 30 4 3.09489 0 83 3.09489 1
gene 2 3 34 -1.80118 0 100 -1.80118 1
gene 2 34 30 2.8235 0 101 2.8235 1
gene 2 6 30 2.46722 0 177 2.46722 1
genomeend 90

/* Species #12 : (Size 8) (AF 6.21075) (Age 8)  */


/* Organism #91 Fitness: 8.60757 Error: 1.06613 */
genomestart 91
trait 1 0.1 0.0289889 0.00803119 0 0 0.00423562 0 0 
trait 2 0.475908 0.291978 0 0 0 0 0.336844 0 
trait 3 0.3 0 0 0 0 0 0 0 
node 1 1 1 3
node 2 2 1 1
node 3 2 1 1
node 4 3 0 2
node 6 1 0 0
node 35 1 0 0
gene 2 1 4 -8 0 1 -8 1
gene 1 2 4 -0.109513 0 2 -0.109513 0
gene 2 3 4 -2.7404 0 3 -2.7404 1
gene 2 3 6 -2.93001 0 6 -2.93001 1
gene 2 6 4 8 0 7 8 1
gene 1 2 35 4.68836 0 102 4.68836 1
gene 1 35 4 7.06374 0 103 7.06374 1
gene 3 1 35 -0.00799837 0 134 -0.00799837 1
gene 3 2 6 0.641415 0 191 0.641415 1
genomeend 91

/* Organism #92 Fitness: 8.99999 Error: 1 */
genomestart 92
trait 1 0.1 0.0289889 0.00803119 0 0 0.00423562 0 0 
trait 2 0.475908 0.291978 0 0 0 0 0.336844 0 
trait 3 0.3 0 0 0 0 0 0 0 
node 1 1 1 3
node 2 2 1 1
node 3 2 1 1
node 4 3 0 2
node 6 1 0 0
node 35 1 0 0
gene 2 1 4 -6.70953 0 1 -6.70953 1
gene 1 2 4 2.14151 0 2 2.14151 0
gene 2 3 4 -1.48345 0 3 -1.48345 1
gene 2 3 6 -4.36653 0 6 -4.36653 1
gene 2 6 4 8 0 7 8 1
gene 1 2 35 3.74075 0 102 3.74075 1
gene 1 35 4 4.91292 0 103 4.91292 1
gene 3 1 35 -1.73359 0 134 -1.73359 1
gene 3 2 6 1.60109 0 191 1.60109 1
genomeend 92

/* Organism #93 Fitness: 7.40683 Error: 1.27845 */
genomestart 93
trait 1 0.1 0.0289889 0.00803119 0 0 0.00423562 0 0 
trait 2 0.475908 0.291978 0 0 0 0 0.336844 0 
trait 3 0.3 0 0 0 0 0 0 0 
node 1 1 1 3
node 2 2 1 1
node 3 2 1 1
node 4 3 0 2
node 6 1 0 0
node 35 1 0 0
gene 2 1 4 -8 0 1 -8 1
gene 1 2 4 -1.85809 0 2 -1.85809 0
gene 2 3 4 -0.639887 0 3 -0.639887 1
gene 1 3 6 -2.93001 0 6 -2.93001 1
gene 2 6 4 8 0 7 8 1
gene 1 2 35 7.18218 0 102 7.18218 1
gene 1 35 4 5.29928 0 103 5.29928 1
gene 3 1 35 -2.16515 0 134 -2.16515 1
gene 3 2 6 2.84207 0 191 2.84207 1
genomeend 93

/* Organism #94 Fitness: 4 Error: 2 */
genomestart 94
trait 1 0.1 0.0289889 0.00803119 0 0 0.00423562 0 0 
trait 2 0.475908 0.291978 0 0 0 0 0.336844 0 
trait 3 0.3 0 0 0 0 0 0 0 
node 1 1 1 3
node 2 2 1 1
node 3 2 1 1
node 4 3 0 2
node 6 1 0 0
node 35 1 0 0
gene 2 1 4 -8 0 1 -8 1
gene 1 2 4 1.45617 0 2 1.45617 0
gene 2 3 4 -0.823283 0 3 -0.823283 1
gene 2 3 6 -2.93001 0 6 -2.93001 1
gene 2 6 4 6.30446 0 7 6.30446 1
gene 1 2 35 2.21737 0 102 2.21737 1
gene 1 35 4 7.37969 0 103 7.37969 1
gene 3 1 35 -2.46393 0 134 -2.46393 1
gene 3 2 6 -0.132748 0 191 -0.132748 1
genomeend 94

/* Organism #95 Fitness: 4 Error: 2 */
genomestart 95
trait 1 0.1 0.0289889 0.00803119 0 0 0.00423562 0 0 
trait 2 0.475908 0.291978 0 0 0 0 0.336844 0 
trait 3 0.3 0 0 0 0 0 0 0 
node 1 1 1 3
node 2 2 1 1
node 3 2 1 1
node 4 3 0 2
node 6 1 0 0
node 35 1 0 0
gene 2 1 4 -8 0 1 -8 1
gene 1 2 4 -0.109513 0 2 -0.109513 0
gene 2 3 4 -2.7404 0 3 -2.7404 1
gene 2 3 6 -2.93001 0 6 -2.93001 1
gene 2 6 4 8 0 7 8 1
gene 1 2 35 4.68836 0 102 4.68836 1
gene 1 35 4 7.06374 0 103 7.06374 1
gene 3 1 35 -0.00799837 0 134 -0.00799837 1
gene 3 2 6 0.641415 0 191 0.641415 1
gene 1 1 6 0.890345 0 206 0.890345 1
genomeend 95

/* Organism #96 Fitness: 4.00013 Error: 1.99997 */
genomestart 96
trait 1 0.1 0.0289889 0.00803119 0 0 0.00423562 0 0 
trait 2 0.475908 0.291978 0 0 0 0 0.336844 0 
trait 3 0.3 0 0 0 0 0 0 0 
node 1 1 1 3
node 2 2 1 1
node 3 2 1 1
node 4 3 0 2
node 6 1 0 0
node 35 1 0 0
node 69 1 0 0
gene 2 1 4 -8 0 1 -8 1
gene 1 2 4 -0.109513 0 2 -0.109513 1
gene 2 3 4 -2.7404 0 3 -2.7404 1
gene 2 3 6 -2.93001 0 6 -2.93001 1
gene 2 6 4 8 0 7 8 1
gene 1 2 35 4.68836 0 102 4.68836 1
gene 1 35 4 7.06374 0 103 7.06374 1
gene 3 1 35 -0.00799837 0 134 -0.00799837 1
gene 3 2 6 0.641415 0 191 0.641415 0
gene 3 2 69 1 0 207 0 1
gene 3 69 6 0.641415 0 208 0 1
genomeend 96

/* Organism #97 Fitness: 4.06392 Error: 1.98408 */
genomestart 97
trait 1 0.1 0.0289889 0.00803119 0 0 0.00423562 0 0 
trait 2 0.475908 0.291978 0 0 0 0 0.336844 0 
trait 3 0.3 0 0 0 0 0 0 0 
node 1 1 1 3
node 2 2 1 1
node 3 2 1 1
node 4 3 0 2
node 6 1 0 0
node 35 1 0 0
gene 2 1 4 -8 0 1 -8 1
gene 1 2 4 -0.752597 0 2 -0.752597 0
gene 2 3 4 -4.17291 0 3 -4.17291 1
gene 2 3 6 -2.93001 0 6 -2.93001 1
gene 2 6 4 8 0 7 8 1
gene 1 2 35 2.91604 0 102 2.91604 1
gene 1 35 4 -0.804226 0 103 -0.804226 1
gene 3 1 35 1.61759 0 134 1.61759 1
gene 3 2 6 1.1122 0 191 1.1122 1
genomeend 97

/* Organism #98 Fitness: 8.60757 Error: 1.06613 */
genomestart 98
trait 1 0.1 0.0289889 0.00803119 0 0 0.00423562 0 0 
trait 2 0.475908 0.291978 0 0 0 0 0.336844 0 
trait 3 0.3 0 0 0 0 0 0 0 
node 1 1 1 3
node 2 2 1 1
node 3 2 1 1
node 4 3 0 2
node 6 1 0 0
node 35 1 0 0
gene 2 1 4 -8 0 1 -8 1
gene 1 2 4 -0.109513 0 2 -0.109513 0
gene 2 3 4 -2.7404 0 3 -2.7404 1
gene 2 3 6 -2.93001 0 6 -2.93001 1
gene 2 6 4 8 0 7 8 1
gene 1 2 35 4.68836 0 102 4.68836 1
gene 1 35 4 7.06374 0 103 7.06374 1
gene 3 1 35 -0.00799837 0 134 -0.00799837 1
gene 3 2 6 0.641415 0 191 0.641415 1
genomeend 98

/* Species #13 : (Size 7) (AF 5.00726) (Age 8)  */


/* Organism #99 Fitness: 7.73382 Error: 1.21903 */
genomestart 99
trait 1 0.05 0 0 0 0.483351 0 0 0.125078 
trait 2 0.186911 0 0 0 0 0 0.00341255 0 
trait 3 0.3 0 0 0 0 0 0 0 
node 1 3 1 3
node 2 3 1 1
node 3 2 1 1
node 4 3 0 2
node 11 1 0 0
node 17 1 0 0
node 40 1 0 0
gene 2 1 4 -2.59586 0 1 -2.59586 1
gene 2 2 4 -1.63293 0 2 -1.63293 0
gene 2 3 4 -0.913838 0 3 -0.913838 0
gene 2 2 11 -6.77078 0 17 -6.77078 1
gene 3 11 4 4.05445 0 18 4.05445 0
gene 2 3 17 -3.87828 0 38 -3.87828 1
gene 2 17 4 1.71907 0 39 1.71907 1
gene 2 11 40 1.68236 0 118 1.68236 1
gene 2 40 4 4.24374 0 119 4.24374 1
genomeend 99

/* Organism #100 Fitness: 3.99713 Error: 2.00072 */
genomestart 100
trait 1 0.1 0 0 0 0 0 0 0 
trait 2 0.186911 0 0 0 0 0 0.00341255 0 
trait 3 0.3 0 0 0 0 0 0 0 
node 1 3 1 3
node 2 3 1 1
node 3 2 1 1
node 4 3 0 2
node 11 3 0 0
node 17 1 0 0
node 40 1 0 0
gene 2 1 4 0.544861 0 1 0.544861 1
gene 2 2 4 -2.73105 0 2 -2.73105 1
gene 2 3 4 -2.55771 0 3 -2.55771 0
gene 2 2 11 -7.3822 0 17 -7.3822 1
gene 2 11 4 -0.628515 0 18 -0.628515 0
gene 2 3 17 1.32861 0 38 1.32861 1
gene 2 17 4 1.57432 0 39 1.57432 1
gene 2 11 40 -1.57376 0 118 -1.57376 1
gene 2 40 4 4.68334 0 119 4.68334 1
gene 3 2 17 0.189014 0 192 0.189014 1
genomeend 100

/* Organism #101 Fitness: 3.9983 Error: 2.00043 */
genomestart 101
trait 1 0.075 0 0 0 0.241676 0 0 0.062539 
trait 2 0.186911 0 0 0 0 0 0.00341255 0 
trait 3 0.3 0 0 0 0 0 0 0 
node 1 3 1 3
node 2 3 1 1
node 3 2 1 1
node 4 3 0 2
node 11 1 0 0
node 17 1 0 0
node 40 1 0 0
gene 2 1 4 -1.72205 0 1 -1.72205 1
gene 2 2 4 -4.30438 0 2 -4.30438 0
gene 2 3 4 -0.913838 0 3 -0.913838 0
gene 2 2 11 -5.21708 0 17 -5.21708 1
gene 2 11 4 0.598082 0 18 0.598082 0
gene 2 3 17 0.756818 0 38 0.756818 1
gene 2 17 4 1.71907 0 39 1.71907 1
gene 2 11 40 1.68236 0 118 1.68236 1
gene 2 40 4 4.87045 0 119 4.87045 1
genomeend 101

/* Organism #102 Fitness: 3.5847 Error: 2.10667 */
genomestart 102
trait 1 0.075 0 0 0 0.241676 0 0 0.062539 
trait 2 0.186911 0 0 0 0 0 0.00341255 0 
trait 3 0.3 0 0 0 0 0 0 0 
node 1 3 1 3
node 2 3 1 1
node 3 2 1 1
node 4 3 0 2
node 11 1 0 0
node 17 1 0 0
node 40 1 0 0
gene 2 1 4 -1.0271 0 1 -1.0271 1
gene 2 2 4 -5.9457 0 2 -5.9457 0
gene 2 3 4 -2.07847 0 3 -2.07847 0
gene 2 2 11 -6.19135 0 17 -6.19135 1
gene 3 11 4 4.63058 0 18 4.63058 0
gene 2 3 17 -2.79205 0 38 -2.79205 1
gene 2 17 4 2.30061 0 39 2.30061 1
gene 2 11 40 -0.223508 0 118 -0.223508 1
gene 2 40 4 3.93076 0 119 3.93076 1
genomeend 102

/* Organism #103 Fitness: 7.73666 Error: 1.21852 */
genomestart 103
trait 1 0.075 0 0 0 0.241676 0 0 0.062539 
trait 2 0.186911 0 0 0 0 0 0.00341255 0 
trait 3 0.3 0 0 0 0 0 0 0 
node 1 3 1 3
node 2 3 1 1
node 3 2 1 1
node 4 3 0 2
node 11 1 0 0
node 17 1 0 0
node 40 1 0 0
gene 2 1 4 -2.89893 0 1 -2.89893 1
gene 2 2 4 -5.92882 0 2 -5.92882 0
gene 2 3 4 -0.196345 0 3 -0.196345 0
gene 2 2 11 -4.38134 0 17 -4.38134 1
gene 2 11 4 2.65265 0 18 2.65265 0
gene 2 3 17 -2.23643 0 38 -2.23643 1
gene 2 17 4 1.71907 0 39 1.71907 1
gene 2 11 40 -0.723938 0 118 -0.723938 1
gene 2 40 4 4.87045 0 119 4.87045 1
genomeend 103

/* Organism #104 Fitness: 4.00003 Error: 1.99999 */
genomestart 104
trait 1 0.1 0 0 0 0 0 0 0 
trait 2 0.186911 0 0 0 0 0 0.00341255 0 
trait 3 0.3 0 0 0 0 0 0 0 
node 1 3 1 3
node 2 3 1 1
node 3 2 1 1
node 4 3 0 2
node 11 1 0 0
node 17 1 0 0
node 40 1 0 0
gene 2 1 4 -1.15224 0 1 -1.15224 1
gene 2 2 4 -5.66577 0 2 -5.66577 0
gene 2 3 4 -0.655105 0 3 -0.655105 0
gene 2 2 11 -5.21708 0 17 -5.21708 1
gene 2 11 4 1.17403 0 18 1.17403 0
gene 2 3 17 3.15955 0 38 3.15955 1
gene 2 17 4 1.58673 0 39 1.58673 1
gene 2 11 40 0.351315 0 118 0.351315 1
gene 2 40 4 3.89064 0 119 3.89064 1
gene 3 2 17 0.921747 0 192 0.921747 1
genomeend 104

/* Organism #105 Fitness: 4.00016 Error: 1.99996 */
genomestart 105
trait 1 0.05 0 0 0 0.483351 0 0 0.125078 
trait 2 0.186911 0 0 0 0 0 0.00341255 0 
trait 3 0.3 0 0 0 0 0 0 0 
node 1 3 1 3
node 2 3 1 1
node 3 2 1 1
node 4 3 0 2
node 11 1 0 0
node 17 1 0 0
node 40 1 0 0
gene 2 1 4 -2.72306 0 1 -2.72306 1
gene 2 2 4 1.73738 0 2 1.73738 0
gene 2 3 4 -1.36707 0 3 -1.36707 0
gene 2 2 11 -6.27038 0 17 -6.27038 1
gene 3 11 4 4.05445 0 18 4.05445 0
gene 2 3 17 -4.70568 0 38 -4.70568 1
gene 2 17 4 1.10239 0 39 1.10239 1
gene 2 11 40 -0.62304 0 118 -0.62304 1
gene 2 40 4 0.50615 0 119 0.50615 1
genomeend 105

/* Species #14 : (Size 9) (AF 6.19778) (Age 8)  */


/* Organism #106 Fitness: 8.74049 Error: 1.04357 */
genomestart 106
trait 1 0.1 0 0 0 0 0 0 0 
trait 2 0.05 0 0 0 0 0 0 0 
trait 3 0.3 0 0 0 0 0.0368488 0 0 
node 1 3 1 3
node 2 3 1 1
node 3 3 1 1
node 4 3 0 2
node 11 1 0 0
node 18 1 0 0
node 41 1 0 0
gene 2 1 4 -2.7281 0 1 -2.7281 1
gene 2 2 4 -8 0 2 -8 0
gene 2 3 4 4.10276 0 3 4.10276 1
gene 2 2 11 4.01278 0 17 4.01278 1
gene 2 11 4 -3.43132 0 18 -3.43132 1
gene 2 2 18 -3.85158 0 40 -3.85158 1
gene 2 18 11 -1.39419 0 41 -1.39419 0
gene 2 3 18 -1.57656 0 73 -1.57656 1
gene 2 18 41 3.44985 0 120 3.44985 1
gene 2 41 11 -0.517515 0 121 -0.517515 1
genomeend 106

/* Organism #107 Fitness: 8.74049 Error: 1.04357 */
genomestart 107
trait 1 0.1 0 0 0 0 0 0 0 
trait 2 0.05 0 0 0 0 0 0 0 
trait 3 0.3 0 0 0 0 0.0368488 0 0 
node 1 3 1 3
node 2 3 1 1
node 3 3 1 1
node 4 3 0 2
node 11 1 0 0
node 18 1 0 0
node 41 1 0 0
gene 2 1 4 -2.7281 0 1 -2.7281 1
gene 2 2 4 -8 0 2 -8 0
gene 2 3 4 4.10276 0 3 4.10276 1
gene 2 2 11 4.01278 0 17 4.01278 1
gene 2 11 4 -3.43132 0 18 -3.43132 1
gene 2 2 18 -3.85158 0 40 -3.85158 1
gene 2 18 11 -1.39419 0 41 -1.39419 0
gene 2 3 18 -1.57656 0 73 -1.57656 1
gene 2 18 41 3.44985 0 120 3.44985 1
gene 2 41 11 -0.517515 0 121 -0.517515 1
genomeend 107

/* Organism #108 Fitness: 4.74913 Error: 1.82075 */
genomestart 108
trait 1 0.1 0 0 0 0 0 0 0 
trait 2 0.05 0 0 0 0 0 0 0 
trait 3 0.3 0 0 0 0 0.0368488 0 0 
node 1 3 1 3
node 2 3 1 1
node 3 3 1 1
node 4 3 0 2
node 11 1 0 0
node 18 1 0 0
node 41 1 0 0
gene 2 1 4 -1.05378 0 1 -1.05378 1
gene 2 2 4 -6.45995 0 2 -6.45995 0
gene 2 3 4 0.903657 0 3 0.903657 1
gene 2 2 11 1.81264 0 17 1.81264 1
gene 2 11 4 -0.533067 0 18 -0.533067 1
gene 2 2 18 -1.59994 0 40 -1.59994 1
gene 2 18 11 -1.03364 0 41 -1.03364 0
gene 2 3 18 -1.53395 0 73 -1.53395 1
gene 2 18 41 2.80002 0 120 2.80002 1
gene 2 41 11 -0.542986 0 121 -0.542986 1
genomeend 108

/* Organism #109 Fitness: 4.00013 Error: 1.99997 */
genomestart 109
trait 1 0.1 0 0 0 0 0 0 0 
trait 2 0.05 0 0 0 0 0 0 0 
trait 3 0.3 0 0 0 0 0.0368488 0 0 
node 1 3 1 3
node 2 3 1 1
node 3 3 1 1
node 4 3 0 2
node 11 1 0 0
node 18 1 0 0
node 41 1 0 0
gene 2 1 4 -4.91474 0 1 -4.91474 1
gene 2 2 4 -5.6123 0 2 -5.6123 0
gene 2 3 4 3.5075 0 3 3.5075 1
gene 2 2 11 3.13936 0 17 3.13936 1
gene 2 11 4 -3.11344 0 18 -3.11344 1
gene 2 2 18 -1.75508 0 40 -1.75508 1
gene 2 18 11 -3.34353 0 41 -3.34353 0
gene 2 3 18 -0.194571 0 73 -0.194571 1
gene 2 18 41 1.34664 0 120 1.34664 1
gene 2 41 11 -0.29574 0 121 -0.29574 1
genomeend 109

/* Organism #110 Fitness: 3.99977 Error: 2.00006 */
genomestart 110
trait 1 0.1 0 0 0 0 0 0 0 
trait 2 0.05 0 0 0 0 0 0 0 
trait 3 0.3 0 0 0 0 0.0368488 0 0 
node 1 3 1 3
node 2 3 1 1
node 3 3 1 1
node 4 3 0 2
node 11 1 0 0
node 18 1 0 0
node 41 1 0 0
gene 2 1 4 -1.83372 0 1 -1.83372 1
gene 2 2 4 -1.37272 0 2 -1.37272 0
gene 2 3 4 -0.15507 0 3 -0.15507 1
gene 2 2 11 2.45858 0 17 2.45858 1
gene 1 11 4 -0.445571 0 18 -0.445571 1
gene 2 2 18 -4.98374 0 40 -4.98374 1
gene 2 18 11 -3.38087 0 41 -3.38087 0
gene 2 3 18 0.624587 0 73 0.624587 1
gene 2 18 41 -0.868078 0 120 -0.868078 1
gene 2 41 11 -3.31181 0 121 -3.31181 1
genomeend 110

/* Organism #111 Fitness: 8.64112 Error: 1.06042 */
genomestart 111
trait 1 0.1 0 0 0 0 0 0 0 
trait 2 0.05 0 0 0 0 0 0 0 
trait 3 0.3 0 0 0 0 0.0368488 0 0 
node 1 3 1 3
node 2 3 1 1
node 3 3 1 1
node 4 3 0 2
node 11 1 0 0
node 18 1 0 0
node 41 1 0 0
node 65 1 0 0
gene 2 1 4 -2.7281 0 1 -2.7281 1
gene 2 2 4 -8 0 2 -8 0
gene 2 3 4 4.10276 0 3 4.10276 0
gene 2 2 11 4.01278 0 17 4.01278 1
gene 2 11 4 -3.43132 0 18 -3.43132 1
gene 2 2 18 -3.85158 0 40 -3.85158 1
gene 2 18 11 -1.39419 0 41 -1.39419 0
gene 2 3 18 -1.57656 0 73 -1.57656 1
gene 2 18 41 3.44985 0 120 3.44985 1
gene 2 41 11 -0.517515 0 121 -0.517515 1
gene 2 3 65 1 0 198 0 1
gene 2 65 4 4.10276 0 199 0 1
genomeend 111

/* Organism #112 Fitness: 4 Error: 2 */
genomestart 112
trait 1 0.1 0 0 0 0 0 0 0 
trait 2 0.05 0 0 0 0 0 0 0 
trait 3 0.3 0 0 0 0 0.0368488 0 0 
node 1 3 1 3
node 2 3 1 1
node 3 3 1 1
node 4 3 0 2
node 11 1 0 0
node 18 1 0 0
node 41 1 0 0
gene 2 1 4 -3.82931 0 1 -3.82931 1
gene 2 2 4 -6.51003 0 2 -6.51003 0
gene 2 3 4 -0.381143 0 3 -0.381143 1
gene 2 2 11 5.10329 0 17 5.10329 1
gene 2 11 4 -5.52726 0 18 -5.52726 1
gene 2 2 18 -4.09616 0 40 -4.09616 1
gene 2 18 11 -5.23575 0 41 -5.23575 0
gene 2 3 18 -1.48535 0 73 -1.48535 1
gene 2 18 41 4.65068 0 120 4.65068 1
gene 2 41 11 -2.59703 0 121 -2.59703 1
genomeend 112

/* Organism #113 Fitness: 8.93661 Error: 1.01058 */
genomestart 113
trait 1 0.1 0 0 0 0 0 0 0 
trait 2 0.05 0 0 0 0 0 0 0 
trait 3 0.3 0 0 0 0 0.0368488 0 0 
node 1 3 1 3
node 2 3 1 1
node 3 3 1 1
node 4 3 0 2
node 11 1 0 0
node 18 1 0 0
node 41 1 0 0
gene 2 1 4 -1.02321 0 1 -1.02321 1
gene 2 2 4 -7.71828 0 2 -7.71828 0
gene 2 3 4 2.1366 0 3 2.1366 1
gene 2 2 11 2.97648 0 17 2.97648 1
gene 2 11 4 -3.88678 0 18 -3.88678 1
gene 2 2 18 -5.82511 0 40 -5.82511 1
gene 2 18 11 -1.3404 0 41 -1.3404 0
gene 2 3 18 0.390841 0 73 0.390841 1
gene 2 18 41 5.56847 0 120 5.56847 1
gene 2 41 11 -2.32686 0 121 -2.32686 1
genomeend 113

/* Organism #114 Fitness: 3.97227 Error: 2.00695 */
genomestart 114
trait 1 0.1 0 0 0 0 0 0 0 
trait 2 0.05 0 0 0 0 0 0 0 
trait 3 0.3 0 0 0 0 0.0368488 0 0 
node 1 3 1 3
node 2 3 1 1
node 3 3 1 1
node 4 3 0 2
node 11 1 0 0
node 18 1 0 0
node 41 1 0 0
gene 2 1 4 -0.459135 0 1 -0.459135 1
gene 2 2 4 -8 0 2 -8 0
gene 2 3 4 5.81643 0 3 5.81643 1
gene 2 2 11 3.97596 0 17 3.97596 1
gene 2 11 4 -3.97692 0 18 -3.97692 1
gene 2 2 18 -3.8342 0 40 -3.8342 1
gene 2 18 11 -1.46786 0 41 -1.46786 0
gene 1 3 18 -0.640838 0 73 -0.640838 1
gene 2 18 41 2.89866 0 120 2.89866 1
gene 2 41 11 -0.385805 0 121 -0.385805 1
genomeend 114

/* Species #15 : (Size 7) (AF 6.28232) (Age 7)  */


/* Organism #115 Fitness: 8.64008 Error: 1.0606 */
genomestart 115
trait 1 0.1 0 0 0.182538 0 0 0 0.34958 
trait 2 0.05 0 0 0 0 0 0 0 
trait 3 0.3 0 0 0 0 0.0368488 0 0 
node 1 3 1 3
node 2 3 1 1
node 3 3 1 1
node 4 3 0 2
node 11 1 0 0
node 18 1 0 0
node 44 1 0 0
gene 2 1 4 -0.601636 0 1 -0.601636 1
gene 2 2 4 -6.99038 0 2 -6.99038 1
gene 2 3 4 3.16945 0 3 3.16945 1
gene 2 2 11 -3.00176 0 17 -3.00176 0
gene 2 11 4 6.62542 0 18 6.62542 1
gene 2 2 18 -4.15818 0 40 -4.15818 1
gene 2 18 11 -6.03293 0 41 -6.03293 0
gene 2 3 18 1.92211 0 73 1.92211 1
gene 2 18 44 -0.450371 0 130 -0.450371 1
gene 2 44 11 -4.08064 0 131 -4.08064 1
genomeend 115

/* Organism #116 Fitness: 5.70262 Error: 1.61198 */
genomestart 116
trait 1 0.1 0 0 0.182538 0 0 0 0.34958 
trait 2 0.05 0 0 0 0 0 0 0 
trait 3 0.3 0 0 0 0 0.0368488 0 0 
node 1 3 1 3
node 2 3 1 1
node 3 3 1 1
node 4 3 0 2
node 11 1 0 0
node 18 1 0 0
node 44 1 0 0
gene 2 1 4 0.250242 0 1 0.250242 1
gene 2 2 4 -6.36858 0 2 -6.36858 1
gene 2 3 4 3.86493 0 3 3.86493 1
gene 2 2 11 -0.89255 0 17 -0.89255 0
gene 2 11 4 -0.318442 0 18 -0.318442 1
gene 2 2 18 -1.86146 0 40 -1.86146 1
gene 2 18 11 -6.03293 0 41 -6.03293 0
gene 2 3 18 -0.61256 0 73 -0.61256 1
gene 2 18 44 -2.40997 0 130 -2.40997 1
gene 2 44 11 -1.44826 0 131 -1.44826 1
genomeend 116

/* Organism #117 Fitness: 1.20347 Error: 2.90297 */
genomestart 117
trait 1 0.1 0 0 0.182538 0 0 0 0.34958 
trait 2 0.05 0 0 0 0 0 0 0 
trait 3 0.3 0 0 0 0 0.0368488 0 0 
node 1 3 1 3
node 2 3 1 1
node 3 3 1 1
node 4 3 0 2
node 11 1 0 0
node 18 1 0 0
node 44 1 0 0
gene 2 1 4 2.52655 0 1 2.52655 1
gene 2 2 4 -4.19808 0 2 -4.19808 1
gene 2 3 4 2.02273 0 3 2.02273 1
gene 2 2 11 1.44132 0 17 1.44132 0
gene 2 11 4 6.69607 0 18 6.69607 1
gene 2 2 18 -2.76668 0 40 -2.76668 1
gene 2 18 11 1.39879 0 41 1.39879 0
gene 2 3 18 1.11604 0 73 1.11604 1
gene 2 18 44 -1.10912 0 130 -1.10912 1
gene 2 44 11 -1.69126 0 131 -1.69126 1
genomeend 117

/* Organism #118 Fitness: 8.64008 Error: 1.0606 */
genomestart 118
trait 1 0.1 0 0 0.182538 0 0 0 0.34958 
trait 2 0.05 0 0 0 0 0 0 0 
trait 3 0.3 0 0 0 0 0.0368488 0 0 
node 1 3 1 3
node 2 3 1 1
node 3 3 1 1
node 4 3 0 2
node 11 1 0 0
node 18 1 0 0
node 44 1 0 0
gene 2 1 4 -0.601636 0 1 -0.601636 1
gene 2 2 4 -6.99038 0 2 -6.99038 1
gene 2 3 4 3.16945 0 3 3.16945 1
gene 2 2 11 -3.00176 0 17 -3.00176 0
gene 2 11 4 6.62542 0 18 6.62542 1
gene 2 2 18 -4.15818 0 40 -4.15818 1
gene 2 18 11 -6.03293 0 41 -6.03293 0
gene 2 3 18 1.92211 0 73 1.92211 1
gene 2 18 44 -0.450371 0 130 -0.450371 1
gene 2 44 11 -4.08064 0 131 -4.08064 1
genomeend 118

/* Organism #119 Fitness: 2.51049 Error: 2.41555 */
genomestart 119
trait 1 0 0 0 0.182538 0 0 0 0.233051 
trait 2 0.05 0 0 0 0 0 0 0 
trait 3 0.3 0 0 0 0 0.0368488 0 0 
node 1 3 1 3
node 2 3 1 1
node 3 3 1 1
node 4 3 0 2
node 11 1 0 0
node 18 1 0 0
node 44 1 0 0
gene 2 1 4 0.765685 0 1 0.765685 1
gene 2 2 4 -7.17675 0 2 -7.17675 1
gene 2 3 4 2.70276 0 3 2.70276 1
gene 2 2 11 1.14102 0 17 1.14102 0
gene 2 11 4 7.33956 0 18 7.33956 1
gene 2 2 18 0.8724 0 40 0.8724 1
gene 2 18 11 -4.50077 0 41 -4.50077 0
gene 2 3 18 0.538932 0 73 0.538932 1
gene 1 18 44 -1.46376 0 130 -1.46376 1
gene 2 44 11 -4.56559 0 131 -4.56559 1
genomeend 119

/* Organism #120 Fitness: 8.64008 Error: 1.0606 */
genomestart 120
trait 1 0.1 0 0 0.182538 0 0 0 0.34958 
trait 2 0.05 0 0 0 0 0 0 0 
trait 3 0.3 0 0 0 0 0.0368488 0 0 
node 1 3 1 3
node 2 3 1 1
node 3 3 1 1
node 4 3 0 2
node 11 1 0 0
node 18 1 0 0
node 44 1 0 0
gene 2 1 4 -0.601636 0 1 -0.601636 1
gene 2 2 4 -6.99038 0 2 -6.99038 1
gene 2 3 4 3.16945 0 3 3.16945 1
gene 2 2 11 -3.00176 0 17 -3.00176 0
gene 2 11 4 6.62542 0 18 6.62542 1
gene 2 2 18 -4.15818 0 40 -4.15818 1
gene 2 18 11 -6.03293 0 41 -6.03293 0
gene 2 3 18 1.92211 0 73 1.92211 1
gene 2 18 44 -0.450371 0 130 -0.450371 1
gene 2 44 11 -4.08064 0 131 -4.08064 1
genomeend 120

/* Organism #121 Fitness: 8.63941 Error: 1.06071 */
genomestart 121
trait 1 0.1 0 0 0.182538 0 0 0 0.34958 
trait 2 0.05 0 0 0 0 0 0 0 
trait 3 0.3 0 0 0 0 0.0368488 0 0 
node 1 3 1 3
node 2 3 1 1
node 3 3 1 1
node 4 3 0 2
node 11 1 0 0
node 18 1 0 0
node 44 1 0 0
gene 2 1 4 -0.601636 0 1 -0.601636 1
gene 1 2 4 -4.9189 0 2 -4.9189 1
gene 2 3 4 1.6348 0 3 1.6348 1
gene 2 2 11 -3.00176 0 17 -3.00176 0
gene 2 11 4 6.62542 0 18 6.62542 1
gene 2 2 18 -2.16318 0 40 -2.16318 1
gene 2 18 11 -6.03293 0 41 -6.03293 0
gene 2 3 18 1.92211 0 73 1.92211 1
gene 2 18 44 -0.450371 0 130 -0.450371 1
gene 2 44 11 -4.08064 0 131 -4.08064 1
genomeend 121

/* Species #16 : (Size 8) (AF 5.03548) (Age 5)  */


/* Organism #122 Fitness: 8.9997 Error: 1.00005 */
genomestart 122
trait 1 0.0984375 0 0 0 0 0 0 0 
trait 2 0.2 0 0 0 0 0 0 0 
trait 3 0.3 0 0 0 0.146469 0 0.543152 0.418014 
node 1 2 1 3
node 2 3 1 1
node 3 3 1 1
node 4 3 0 2
node 11 1 0 0
gene 2 1 4 -5.48674 0 1 -5.48674 1
gene 2 2 4 0.539236 0 2 0.539236 0
gene 2 3 4 -4.53979 0 3 -4.53979 1
gene 2 2 11 4.50463 0 17 4.50463 1
gene 2 11 4 8 0 18 8 1
gene 1 1 11 -0.840765 0 127 -0.840765 1
gene 2 3 11 -0.546152 0 150 -0.546152 1
genomeend 122

/* Organism #123 Fitness: 1.00001 Error: 2.99999 */
genomestart 123
trait 1 0.0984375 0 0 0 0 0 0 0 
trait 2 0.2 0 0 0 0 0 0 0 
trait 3 0.3 0 0 0 0.146469 0 0.543152 0.418014 
node 1 2 1 3
node 2 3 1 1
node 3 3 1 1
node 4 3 0 2
node 11 1 0 0
gene 2 1 4 -0.584812 0 1 -0.584812 1
gene 2 2 4 -0.092222 0 2 -0.092222 0
gene 2 3 4 -1.89315 0 3 -1.89315 1
gene 2 2 11 3.49423 0 17 3.49423 1
gene 2 11 4 5.45356 0 18 5.45356 1
gene 1 1 11 0.311928 0 127 0.311928 1
gene 2 3 11 -1.9475 0 150 -1.9475 1
genomeend 123

/* Organism #124 Fitness: 3.94749 Error: 2.01317 */
genomestart 124
trait 1 0.0984375 0 0 0 0 0 0 0 
trait 2 0.2 0 0 0 0 0 0 0 
trait 3 0.3 0 0 0 0.146469 0 0.543152 0.418014 
node 1 2 1 3
node 2 3 1 1
node 3 3 1 1
node 4 3 0 2
node 11 3 0 0
gene 2 1 4 0.58454 0 1 0.58454 1
gene 2 2 4 -0.307284 0 2 -0.307284 0
gene 2 3 4 -3.35202 0 3 -3.35202 1
gene 2 2 11 -2.11914 0 17 -2.11914 1
gene 2 11 4 1.97648 0 18 1.97648 1
gene 1 1 11 1.76308 0 127 1.76308 1
gene 2 3 11 2.29989 0 150 2.29989 1
genomeend 124

/* Organism #125 Fitness: 4 Error: 2 */
genomestart 125
trait 1 0.0984375 0 0 0 0 0 0 0 
trait 2 0.2 0 0 0 0 0 0 0 
trait 3 0.3 0 0 0 0.146469 0 0.543152 0.418014 
node 1 2 1 3
node 2 3 1 1
node 3 3 1 1
node 4 3 0 2
node 11 2 0 0
gene 2 1 4 -2.78825 0 1 -2.78825 1
gene 2 2 4 2.30013 0 2 2.30013 0
gene 2 3 4 -0.396876 0 3 -0.396876 1
gene 2 2 11 -0.166983 0 17 -0.166983 1
gene 2 11 4 8 0 18 8 1
gene 1 1 11 -1.73725 0 127 -1.73725 1
gene 2 3 11 0.452629 0 150 0.452629 1
genomeend 125

/* Organism #126 Fitness: 7.01416 Error: 1.35157 */
genomestart 126
trait 1 0.0984375 0 0 0 0 0 0 0 
trait 2 0.2 0 0 0 0 0 0 0 
trait 3 0.3 0 0 0 0.146469 0 0.543152 0.418014 
node 1 2 1 3
node 2 3 1 1
node 3 3 1 1
node 4 3 0 2
node 11 1 0 0
gene 2 1 4 -3.08174 0 1 -3.08174 1
gene 2 2 4 0.443193 0 2 0.443193 1
gene 2 3 4 -5.00773 0 3 -5.00773 1
gene 2 2 11 2.02502 0 17 2.02502 1
gene 2 11 4 7.49446 0 18 7.49446 1
gene 1 1 11 -0.153928 0 127 -0.153928 1
gene 2 3 11 -0.193813 0 150 -0.193813 1
genomeend 126

/* Organism #127 Fitness: 3.90522 Error: 2.02384 */
genomestart 127
trait 1 0.0984375 0 0 0 0 0 0 0 
trait 2 0.2 0 0 0 0 0 0 0 
trait 3 0.3 0.944181 0 0.658803 0.146469 0 0.543152 0.418014 
node 1 2 1 3
node 2 3 1 1
node 3 3 1 1
node 4 3 0 2
node 11 1 0 0
gene 2 1 4 -3.22591 0 1 -3.22591 1
gene 2 2 4 0.860056 0 2 0.860056 1
gene 2 3 4 -4.83394 0 3 -4.83394 1
gene 2 2 11 3.71522 0 17 3.71522 1
gene 2 11 4 6.44726 0 18 6.44726 1
gene 1 1 11 1.40861 0 127 1.40861 1
gene 2 3 11 -0.670624 0 150 -0.670624 1
genomeend 127

/* Organism #128 Fitness: 7.41728 Error: 1.27653 */
genomestart 128
trait 1 0.0984375 0 0 0 0 0 0 0 
trait 2 0.2 0 0 0 0 0 0 0 
trait 3 0.3 0 0 0 0.146469 0 0.543152 0.418014 
node 1 2 1 3
node 2 3 1 1
node 3 3 1 1
node 4 3 0 2
node 11 1 0 0
gene 2 1 4 -7.8047 0 1 -7.8047 1
gene 2 2 4 1.3086 0 2 1.3086 0
gene 2 3 4 -4.31735 0 3 -4.31735 1
gene 2 2 11 5.36049 0 17 5.36049 1
gene 2 11 4 8 0 18 8 1
gene 1 1 11 -1.53526 0 127 -1.53526 1
gene 2 3 11 -1.66866 0 150 -1.66866 1
genomeend 128

/* Organism #129 Fitness: 3.99999 Error: 2 */
genomestart 129
trait 1 0.0984375 0 0 0 0 0 0 0 
trait 2 0.2 0 0 0 0 0 0 0 
trait 3 0.3 0 0 0 0.146469 0 0.543152 0.418014 
node 1 2 1 3
node 2 3 1 1
node 3 3 1 1
node 4 3 0 2
node 11 1 0 0
gene 2 1 4 -1.49287 0 1 -1.49287 1
gene 2 2 4 -1.94139 0 2 -1.94139 0
gene 2 3 4 -7.07139 0 3 -7.07139 1
gene 2 2 11 3.87928 0 17 3.87928 1
gene 2 11 4 6.57114 0 18 6.57114 1
gene 1 1 11 1.23706 0 127 1.23706 1
gene 2 3 11 0.170254 0 150 0.170254 1
genomeend 129

/* Species #17 : (Size 7) (AF 5.5258) (Age 5)  */


/* Organism #130 Fitness: 6.2387 Error: 1.50226 */
genomestart 130
trait 1 0.1 0.0253653 0.00702729 0 0 0.00370617 0 0 
trait 2 0.441419 0.450882 0 0 0 0 0.294738 0.429763 
trait 3 0.3 0 0 0.369747 0.38196 0 0 0 
node 1 1 1 3
node 2 1 1 1
node 3 1 1 1
node 4 3 0 2
node 6 1 0 0
node 30 1 0 0
node 34 1 0 0
node 51 1 0 0
gene 2 1 4 5.63352 0 1 5.63352 1
gene 1 2 4 -4.3837 0 2 -4.3837 1
gene 2 3 4 2.16932 0 3 2.16932 0
gene 2 3 6 1.98843 0 6 1.98843 1
gene 2 6 4 -3.57344 0 7 -3.57344 1
gene 2 1 6 1.79219 0 60 1.79219 1
gene 2 2 6 -3.17427 0 69 -3.17427 1
gene 2 3 30 3.36837 0 82 3.36837 0
gene 2 30 4 -1.09175 0 83 -1.09175 1
gene 2 3 34 0.445218 0 100 0.445218 1
gene 2 34 30 -3.68873 0 101 -3.68873 1
gene 2 3 51 1 0 153 0 1
gene 2 51 4 2.16932 0 154 0 1
genomeend 130

/* Organism #131 Fitness: 6.68289 Error: 1.41487 */
genomestart 131
trait 1 0.1 0.0253653 0.00702729 0 0 0.00370617 0 0 
trait 2 0.441419 0.450882 0 0 0 0 0.294738 0.429763 
trait 3 0.3 0 0 0.369747 0.38196 0 0 0 
node 1 1 1 3
node 2 1 1 1
node 3 1 1 1
node 4 3 0 2
node 6 1 0 0
node 30 1 0 0
node 34 1 0 0
node 51 1 0 0
gene 2 1 4 5.09306 0 1 5.09306 1
gene 1 2 4 -4.54611 0 2 -4.54611 1
gene 2 3 4 2.54068 0 3 2.54068 0
gene 2 3 6 1.54707 0 6 1.54707 1
gene 2 6 4 -3.31778 0 7 -3.31778 1
gene 2 1 6 2.68051 0 60 2.68051 1
gene 2 2 6 -3.89813 0 69 -3.89813 1
gene 2 3 30 2.92978 0 82 2.92978 0
gene 2 30 4 -2.07178 0 83 -2.07178 1
gene 2 3 34 0.85546 0 100 0.85546 1
gene 2 34 30 -4.8739 0 101 -4.8739 1
gene 2 3 51 1 0 153 0.5 1
gene 2 51 4 2.16932 0 154 1.08466 1
genomeend 131

/* Organism #132 Fitness: 4.00033 Error: 1.99992 */
genomestart 132
trait 1 0.1 0.0253653 0.00702729 0 0 0.00370617 0 0 
trait 2 0.441419 0.450882 0 0 0 0 0.294738 0.429763 
trait 3 0.3 0 0 0.369747 0.38196 0 0 0 
node 1 1 1 3
node 2 1 1 1
node 3 1 1 1
node 4 3 0 2
node 6 1 0 0
node 30 1 0 0
node 34 1 0 0
node 51 1 0 0
gene 2 1 4 5.97524 0 1 5.97524 1
gene 1 2 4 -4.58356 0 2 -4.58356 1
gene 2 3 4 2.54692 0 3 2.54692 0
gene 2 3 6 0.805314 0 6 0.805314 1
gene 2 6 4 -4.78962 0 7 -4.78962 1
gene 2 1 6 3.37684 0 60 3.37684 1
gene 2 2 6 -6.74212 0 69 -6.74212 1
gene 2 3 30 4.54714 0 82 4.54714 0
gene 2 30 4 -3.25338 0 83 -3.25338 1
gene 2 3 34 2.85397 0 100 2.85397 1
gene 2 34 30 -6.52977 0 101 -6.52977 1
gene 2 3 51 1 0 153 1 1
gene 2 51 4 1.24239 0 154 1.24239 1
genomeend 132

/* Organism #133 Fitness: 6.68289 Error: 1.41487 */
genomestart 133
trait 1 0.1 0.0253653 0.00702729 0 0 0.00370617 0 0 
trait 2 0.441419 0.450882 0 0 0 0 0.294738 0.429763 
trait 3 0.3 0 0 0.369747 0.38196 0 0 0 
node 1 1 1 3
node 2 1 1 1
node 3 1 1 1
node 4 3 0 2
node 6 1 0 0
node 30 1 0 0
node 34 1 0 0
node 51 1 0 0
gene 2 1 4 5.09306 0 1 5.09306 1
gene 1 2 4 -4.54611 0 2 -4.54611 1
gene 2 3 4 2.54068 0 3 2.54068 0
gene 2 3 6 1.54707 0 6 1.54707 1
gene 2 6 4 -3.31778 0 7 -3.31778 1
gene 2 1 6 2.68051 0 60 2.68051 1
gene 2 2 6 -3.89813 0 69 -3.89813 1
gene 2 3 30 2.92978 0 82 2.92978 0
gene 2 30 4 -2.07178 0 83 -2.07178 1
gene 2 3 34 0.85546 0 100 0.85546 1
gene 2 34 30 -4.8739 0 101 -4.8739 1
gene 2 3 51 1 0 153 0.5 1
gene 2 51 4 2.16932 0 154 1.08466 1
gene 1 6 30 -0.645564 0 209 -0.645564 1
genomeend 133

/* Organism #134 Fitness: 7.07484 Error: 1.34014 */
genomestart 134
trait 1 0.1 0.0253653 0.00702729 0 0 0.00370617 0 0 
trait 2 0.441419 0.450882 0 0 0 0 0.294738 0.429763 
trait 3 0.3 0 0 0.369747 0.38196 0 0 0 
node 1 1 1 3
node 2 1 1 1
node 3 1 1 1
node 4 3 0 2
node 6 1 0 0
node 30 1 0 0
node 34 1 0 0
node 51 1 0 0
gene 2 1 4 5.63352 0 1 5.63352 1
gene 1 2 4 -4.3837 0 2 -4.3837 1
gene 2 3 4 2.16932 0 3 2.16932 0
gene 2 3 6 1.98843 0 6 1.98843 1
gene 2 6 4 -3.57344 0 7 -3.57344 1
gene 2 1 6 3.56884 0 60 3.56884 1
gene 2 2 6 -4.62199 0 69 -4.62199 1
gene 2 3 30 2.49119 0 82 2.49119 0
gene 2 30 4 -3.05181 0 83 -3.05181 1
gene 2 3 34 1.2657 0 100 1.2657 1
gene 2 34 30 -3.68873 0 101 -3.68873 1
gene 2 3 51 1 0 153 0 1
gene 2 51 4 2.16932 0 154 0 1
genomeend 134

/* Organism #135 Fitness: 4.00097 Error: 1.99976 */
genomestart 135
trait 1 0.1 0.0253653 0.00702729 0 0 0.00370617 0 0 
trait 2 0.441419 0.450882 0 0 0 0 0.294738 0.429763 
trait 3 0.3 0 0 0.369747 0.38196 0 0 0 
node 1 1 1 3
node 2 1 1 1
node 3 1 1 1
node 4 3 0 2
node 6 1 0 0
node 30 1 0 0
node 34 1 0 0
node 51 1 0 0
gene 2 1 4 6.23886 0 1 6.23886 1
gene 1 2 4 -6.75882 0 2 -6.75882 1
gene 2 3 4 3.04267 0 3 3.04267 0
gene 2 3 6 0.610604 0 6 0.610604 1
gene 2 6 4 -5.35579 0 7 -5.35579 1
gene 2 1 6 1.47935 0 60 1.47935 1
gene 2 2 6 -0.861479 0 69 -0.861479 1
gene 2 3 30 2.37659 0 82 2.37659 1
gene 2 30 4 -0.0955192 0 83 -0.0955192 1
gene 2 3 34 1.99471 0 100 1.99471 1
gene 2 34 30 -4.01261 0 101 -4.01261 1
gene 2 3 51 1 0 153 1 1
gene 2 51 4 1.59904 0 154 1.59904 1
genomeend 135

/* Organism #136 Fitness: 4 Error: 2 */
genomestart 136
trait 1 0.1 0.0253653 0.00702729 0 0 0.00370617 0 0 
trait 2 0.441419 0.450882 0 0 0 0 0.294738 0.429763 
trait 3 0.3 0 0 0.369747 0.38196 0 0 0 
node 1 1 1 3
node 2 1 1 1
node 3 1 1 1
node 4 3 0 2
node 6 1 0 0
node 30 1 0 0
node 34 1 0 0
node 51 1 0 0
gene 2 1 4 -1.72802 0 1 -1.72802 1
gene 1 2 4 -4.48428 0 2 -4.48428 1
gene 2 3 4 1.81644 0 3 1.81644 0
gene 2 3 6 0.577576 0 6 0.577576 1
gene 2 6 4 -1.19158 0 7 -1.19158 1
gene 2 1 6 4.94337 0 60 4.94337 1
gene 2 2 6 -3.78215 0 69 -3.78215 1
gene 2 3 30 3.41605 0 82 3.41605 0
gene 2 30 4 -0.713509 0 83 -0.713509 1
gene 2 3 34 -0.190509 0 100 -0.190509 1
gene 2 34 30 -4.49317 0 101 -4.49317 1
gene 2 3 51 0.227291 0 153 0.227291 1
gene 2 51 4 0.0795168 0 154 0.0795168 1
genomeend 136

/* Species #18 : (Size 4) (AF 5.22628) (Age 4)  */


/* Organism #137 Fitness: 4.00997 Error: 1.99751 */
genomestart 137
trait 1 0.1 0.0289889 0.00803119 0 0 0.00423562 0 0 
trait 2 0.475908 0.291978 0 0 0 0 0.336844 0 
trait 3 0.3 0 0 0 0 0 0 0 
node 1 1 1 3
node 2 2 1 1
node 3 2 1 1
node 4 3 0 2
node 6 1 0 0
node 64 1 0 0
gene 2 1 4 -5.74926 0 1 -5.74926 1
gene 1 2 4 2.47215 0 2 2.47215 0
gene 2 3 4 -2.98168 0 3 -2.98168 1
gene 2 3 6 -3.93944 0 6 -3.93944 1
gene 2 6 4 4.15706 0 7 4.15706 1
gene 1 2 64 1 0 196 0 1
gene 1 64 4 2.47215 0 197 0 1
genomeend 137

/* Organism #138 Fitness: 4.00997 Error: 1.99751 */
genomestart 138
trait 1 0.1 0.0289889 0.00803119 0 0 0.00423562 0 0 
trait 2 0.475908 0.291978 0 0 0 0 0.336844 0 
trait 3 0.3 0 0 0 0 0 0 0 
node 1 1 1 3
node 2 2 1 1
node 3 2 1 1
node 4 3 0 2
node 6 1 0 0
node 64 1 0 0
gene 2 1 4 -5.74926 0 1 -5.74926 1
gene 1 2 4 2.47215 0 2 2.47215 0
gene 2 3 4 -2.98168 0 3 -2.98168 0
gene 2 3 6 -2.61513 0 6 -2.61513 1
gene 2 6 4 4.15706 0 7 4.15706 1
gene 1 2 64 1 0 196 0 1
gene 1 64 4 2.47215 0 197 0 1
genomeend 138

/* Organism #139 Fitness: 8.8854 Error: 1.01916 */
genomestart 139
trait 1 0.1 0.0289889 0.00803119 0 0 0.00423562 0 0 
trait 2 0.475908 0.291978 0 0 0 0 0.336844 0 
trait 3 0.3 0 0 0 0 0 0 0 
node 1 1 1 3
node 2 2 1 1
node 3 2 1 1
node 4 3 0 2
node 6 1 0 0
node 64 1 0 0
gene 2 1 4 -5.74926 0 1 -5.74926 1
gene 1 2 4 2.47215 0 2 2.47215 1
gene 2 3 4 -2.12703 0 3 -2.12703 0
gene 2 3 6 -3.27728 0 6 -3.27728 1
gene 2 6 4 4.15706 0 7 4.15706 1
gene 1 2 64 1 0 196 0 1
gene 1 64 4 2.47215 0 197 0 1
genomeend 139

/* Organism #140 Fitness: 3.99978 Error: 2.00005 */
genomestart 140
trait 1 0.1 0.0289889 0.00803119 0 0 0.00423562 0 0 
trait 2 0.475908 0.291978 0 0 0 0 0.336844 0 
trait 3 0.3 0 0 0 0 0 0 0 
node 1 1 1 3
node 2 2 1 1
node 3 2 1 1
node 4 3 0 2
node 6 1 0 0
node 64 1 0 0
gene 2 1 4 0.324479 0 1 0.324479 1
gene 1 2 4 1.25956 0 2 1.25956 0
gene 2 3 4 -5.29135 0 3 -5.29135 1
gene 2 3 6 -6.36241 0 6 -6.36241 1
gene 2 6 4 2.35963 0 7 2.35963 1
gene 1 2 64 2.85621 0 196 2.85621 1
gene 1 64 4 2.9766 0 197 2.9766 1
genomeend 140

/* Species #19 : (Size 6) (AF 4.78185) (Age 2)  */


/* Organism #141 Fitness: 4.00074 Error: 1.99982 */
genomestart 141
trait 1 0.1 0.0253653 0.00702729 0 0 0.00370617 0 0 
trait 2 0.441419 0.450882 0 0 0 0 0.294738 0.429763 
trait 3 0.3 0 0 0.369747 0.38196 0 0 0 
node 1 1 1 3
node 2 1 1 1
node 3 1 1 1
node 4 3 0 2
node 6 1 0 0
node 30 1 0 0
node 34 1 0 0
node 51 1 0 0
node 63 1 0 0
gene 2 1 4 5.63352 0 1 5.63352 1
gene 1 2 4 -4.3837 0 2 -4.3837 1
gene 2 3 4 2.16932 0 3 2.16932 1
gene 2 3 6 1.98843 0 6 1.98843 1
gene 2 6 4 -3.57344 0 7 -3.57344 1
gene 2 1 6 1.79219 0 60 1.79219 1
gene 2 2 6 -3.17427 0 69 -3.17427 1
gene 2 3 30 3.36837 0 82 3.36837 0
gene 2 30 4 -1.09175 0 83 -1.09175 0
gene 2 3 34 0.445218 0 100 0.445218 1
gene 2 34 30 -3.68873 0 101 -3.68873 1
gene 2 3 51 1 0 153 0 1
gene 2 51 4 2.16932 0 154 0 1
gene 1 2 34 0.0932669 0 179 0.0932669 1
gene 2 30 63 1 0 194 0 1
gene 2 63 4 -1.09175 0 195 0 1
genomeend 141

/* Organism #142 Fitness: 4.00401 Error: 1.999 */
genomestart 142
trait 1 0.1 0.0253653 0.00702729 0 0 0.00370617 0 0 
trait 2 0.441419 0.450882 0 0 0 0 0.294738 0.429763 
trait 3 0.3 0 0 0.369747 0.38196 0 0 0 
node 1 1 1 3
node 2 1 1 1
node 3 1 1 1
node 4 3 0 2
node 6 1 0 0
node 30 1 0 0
node 34 1 0 0
node 51 1 0 0
node 63 1 0 0
gene 2 1 4 3.7463 0 1 3.7463 1
gene 1 2 4 -4.97092 0 2 -4.97092 1
gene 2 3 4 2.03608 0 3 2.03608 1
gene 2 3 6 3.11608 0 6 3.11608 1
gene 2 6 4 -5.74173 0 7 -5.74173 1
gene 2 1 6 1.1653 0 60 1.1653 1
gene 2 2 6 -3.89847 0 69 -3.89847 1
gene 2 3 30 5.23674 0 82 5.23674 0
gene 2 30 4 -1.59067 0 83 -1.59067 0
gene 2 3 34 1.65746 0 100 1.65746 1
gene 2 34 30 -1.79588 0 101 -1.79588 1
gene 2 3 51 1.56781 0 153 1.56781 1
gene 2 51 4 -0.143075 0 154 -0.143075 1
gene 1 2 34 -0.346015 0 179 -0.346015 1
gene 2 30 63 -0.35516 0 194 -0.35516 1
gene 2 63 4 -2.60329 0 195 -2.60329 1
genomeend 142

/* Organism #143 Fitness: 3.99976 Error: 2.00006 */
genomestart 143
trait 1 0.1 0.0253653 0.00702729 0 0 0.00370617 0 0 
trait 2 0.441419 0.450882 0 0 0 0 0.294738 0.429763 
trait 3 0.3 0 0 0.369747 0.38196 0 0 0 
node 1 1 1 3
node 2 1 1 1
node 3 1 1 1
node 4 3 0 2
node 6 1 0 0
node 30 1 0 0
node 34 1 0 0
node 51 1 0 0
node 63 1 0 0
gene 2 1 4 4.93854 0 1 4.93854 1
gene 1 2 4 -3.16822 0 2 -3.16822 1
gene 2 3 4 2.77291 0 3 2.77291 1
gene 2 3 6 0.346166 0 6 0.346166 1
gene 2 6 4 -0.91376 0 7 -0.91376 1
gene 2 1 6 2.70165 0 60 2.70165 1
gene 2 2 6 0.47091 0 69 0.47091 1
gene 2 3 30 -1.26507 0 82 -1.26507 0
gene 2 30 4 0.469894 0 83 0.469894 0
gene 2 3 34 0.57046 0 100 0.57046 1
gene 2 34 30 -4.61348 0 101 -4.61348 1
gene 2 3 51 0.819089 0 153 0.819089 1
gene 2 51 4 2.05535 0 154 2.05535 1
gene 1 2 34 -1.14892 0 179 -1.14892 1
gene 2 30 63 -0.868308 0 194 -0.868308 1
gene 2 63 4 0.757836 0 195 0.757836 1
genomeend 143

/* Organism #144 Fitness: 3.71488 Error: 2.0726 */
genomestart 144
trait 1 0.1 0.0253653 0.00702729 0 0 0.00370617 0 0 
trait 2 0.441419 0.450882 0 0 0 0 0.294738 0.429763 
trait 3 0.3 0 0 0.369747 0.38196 0 0 0 
node 1 1 1 3
node 2 1 1 1
node 3 1 1 1
node 4 3 0 2
node 6 1 0 0
node 30 1 0 0
node 34 1 0 0
node 51 1 0 0
node 63 1 0 0
gene 2 1 4 6.56093 0 1 6.56093 1
gene 1 2 4 -2.13842 0 2 -2.13842 1
gene 2 3 4 -2.0649 0 3 -2.0649 1
gene 2 3 6 1.89345 0 6 1.89345 1
gene 2 6 4 -5.84075 0 7 -5.84075 1
gene 2 1 6 2.1456 0 60 2.1456 1
gene 2 2 6 -1.3253 0 69 -1.3253 1
gene 2 3 30 -1.31543 0 82 -1.31543 0
gene 2 30 4 -3.13872 0 83 -3.13872 0
gene 2 3 34 -1.39492 0 100 -1.39492 1
gene 2 34 30 2.20378 0 101 2.20378 1
gene 2 3 51 -0.992169 0 153 -0.992169 1
gene 2 51 4 -0.292147 0 154 -0.292147 1
gene 1 2 34 -0.892854 0 179 -0.892854 1
gene 2 30 63 1.75296 0 194 1.75296 1
gene 2 63 4 -1.09175 0 195 -1.09175 1
genomeend 144

/* Organism #145 Fitness: 4.00003 Error: 1.99999 */
genomestart 145
trait 1 0.1 0.0253653 0.00702729 0 0 0.00370617 0 0 
trait 2 0.441419 0.450882 0 0 0 0 0.294738 0.429763 
trait 3 0.3 0 0 0.369747 0.38196 0 0 0 
node 1 1 1 3
node 2 1 1 1
node 3 1 1 1
node 4 3 0 2
node 6 1 0 0
node 30 1 0 0
node 34 1 0 0
node 51 1 0 0
node 63 1 0 0
gene 2 1 4 6.5149 0 1 6.5149 1
gene 1 2 4 -5.90465 0 2 -5.90465 1
gene 2 3 4 0.370383 0 3 0.370383 1
gene 2 3 6 0.346602 0 6 0.346602 1
gene 2 6 4 -5.15313 0 7 -5.15313 1
gene 2 1 6 3.07706 0 60 3.07706 1
gene 2 2 6 1.34346 0 69 1.34346 1
gene 2 3 30 2.61735 0 82 2.61735 0
gene 2 30 4 -2.56576 0 83 -2.56576 0
gene 2 3 34 -1.29874 0 100 -1.29874 1
gene 2 34 30 -1.35406 0 101 -1.35406 1
gene 2 3 51 1.66794 0 153 1.66794 1
gene 2 51 4 1.19534 0 154 1.19534 1
gene 1 2 34 -1.2415 0 179 -1.2415 1
gene 2 30 63 -1.49514 0 194 -1.49514 1
gene 2 63 4 0.909983 0 195 0.909983 1
genomeend 145

/* Organism #146 Fitness: 8.97171 Error: 1.00472 */
genomestart 146
trait 1 0.1 0.0253653 0.00702729 0 0 0.00370617 0 0 
trait 2 0.441419 0.450882 0 0 0 0 0.294738 0.429763 
trait 3 0.3 0 0 0.369747 0.38196 0 0 0 
node 1 1 1 3
node 2 1 1 1
node 3 1 1 1
node 4 3 0 2
node 6 1 0 0
node 30 1 0 0
node 34 1 0 0
node 51 1 0 0
node 63 1 0 0
gene 2 1 4 3.88741 0 1 3.88741 1
gene 1 2 4 -6.81878 0 2 -6.81878 1
gene 2 3 4 4.31434 0 3 4.31434 1
gene 2 3 6 3.14231 0 6 3.14231 1
gene 2 6 4 -5.37801 0 7 -5.37801 1
gene 2 1 6 3.32715 0 60 3.32715 1
gene 2 2 6 -3.12405 0 69 -3.12405 1
gene 2 3 30 5.77731 0 82 5.77731 0
gene 2 30 4 -1.61043 0 83 -1.61043 0
gene 2 3 34 0.342799 0 100 0.342799 1
gene 2 34 30 1.43012 0 101 1.43012 1
gene 2 3 51 1.61188 0 153 1.61188 1
gene 2 51 4 2.16932 0 154 2.16932 1
gene 1 2 34 1.87853 0 179 1.87853 1
gene 2 30 63 2.35044 0 194 2.35044 1
gene 2 63 4 -0.680997 0 195 -0.680997 1
genomeend 146

/* Species #20 : (Size 1) (AF 9) (Age 1)  */


/* Organism #147 Fitness: 9 Error: 1 */
genomestart 147
trait 1 0.1 0.641305 0.0504227 0 0.697839 0.00330081 0.0745189 0.371656 
trait 2 0.415014 0.227537 0 0 0 0 0.262501 0 
trait 3 0.3 0 0 0.440519 0.45507 0 0 0 
node 1 1 1 3
node 2 1 1 1
node 3 2 1 1
node 4 3 0 2
node 6 1 0 0
node 59 1 0 0
node 66 1 0 0
gene 2 1 4 -2.92585 0 1 -2.92585 1
gene 1 2 4 7.08672 0 2 7.08672 1
gene 2 3 4 -7.45463 0 3 -7.45463 1
gene 2 3 6 6.51957 0 6 6.51957 0
gene 2 6 4 -0.922471 0 7 -0.922471 1
gene 3 1 6 0.650242 0 60 0.650242 1
gene 2 2 6 1.9673 0 69 1.9673 1
gene 2 3 59 1 0 182 0 1
gene 2 59 6 6.51957 0 183 0 0
gene 2 59 66 1 0 200 0 1
gene 2 66 6 6.51957 0 201 0 1
genomeend 147

/* Species #21 : (Size 2) (AF 5.52402) (Age 1)  */


/* Organism #148 Fitness: 7.04804 Error: 1.34519 */
genomestart 148
trait 1 0.1 0.0289889 0.00803119 0 0 0.00423562 0 0 
trait 2 0.475908 0.291978 0 0 0 0 0.336844 0 
trait 3 0.3 0 0 0 0 0 0 0 
node 1 1 1 3
node 2 2 1 1
node 3 2 1 1
node 4 1 0 2
node 6 1 0 0
node 58 1 0 0
gene 2 1 4 -1.98988 0 1 -1.98988 1
gene 1 2 4 1.82818 0 2 1.82818 1
gene 2 3 4 -0.487983 0 3 -0.487983 0
gene 2 3 6 -2.35029 0 6 -2.35029 1
gene 2 6 4 4.78006 0 7 4.78006 1
gene 2 3 58 1.21281 0 180 1.21281 1
gene 2 58 4 -1.0651 0 181 -1.0651 1
genomeend 148

/* Organism #149 Fitness: 4 Error: 2 */
genomestart 149
trait 1 0.1 0.0289889 0.00803119 0 0 0.00423562 0 0 
trait 2 0.475908 0.291978 0 0 0 0 0.336844 0 
trait 3 0.3 0 0 0 0 0 0 0 
node 1 1 1 3
node 2 2 1 1
node 3 2 1 1
node 4 3 0 2
node 6 1 0 0
node 58 1 0 0
gene 2 1 4 -7.31145 0 1 -7.31145 1
gene 1 2 4 3.28743 0 2 3.28743 1
gene 2 3 4 -1.27238 0 3 -1.27238 0
gene 2 3 6 -4.09667 0 6 -4.09667 1
gene 2 6 4 2.43646 0 7 2.43646 1
gene 2 3 58 1 0 180 1 1
gene 2 58 4 -0.670281 0 181 -0.670281 1
genomeend 149
