
/* Species #3 : (Size 9) (AF 8.43715) (Age 41)  */


/* Organism #0 Fitness: 9 Error: 1 */
genomestart 0
trait 1 0.129847 0 0 0.0648692 0 0 0 0 
trait 2 0.2 0 0 0 0 0 0 0 
trait 3 0 0 0 0.477967 0 0 0.763378 0.929354 
node 1 3 1 3
node 2 2 1 1
node 3 2 1 1
node 4 2 0 2
node 10 1 0 0
gene 2 1 4 -2.08199 0 1 -2.08199 1
gene 3 2 4 -4.93407 0 2 -4.93407 1
gene 2 3 4 8 0 3 8 1
gene 1 2 10 2.90664 0 14 2.90664 1
gene 3 10 4 -8 0 15 -8 1
gene 1 3 10 -1.8779 0 251 -1.8779 1
genomeend 0

/* Organism #1 Fitness: 9 Error: 1 */
genomestart 1
trait 1 0.129847 0 0 0.0648692 0 0 0 0 
trait 2 0.2 0 0 0 0 0 0 0 
trait 3 0 0 0 0.477967 0 0 0.763378 0.929354 
node 1 3 1 3
node 2 2 1 1
node 3 2 1 1
node 4 2 0 2
node 10 1 0 0
gene 2 1 4 -2.08199 0 1 -2.08199 1
gene 3 2 4 -4.93407 0 2 -4.93407 1
gene 2 3 4 8 0 3 8 1
gene 1 2 10 2.90664 0 14 2.90664 1
gene 3 10 4 -8 0 15 -8 1
gene 1 3 10 -1.8779 0 251 -1.8779 1
genomeend 1

/* Organism #2 Fitness: 3.98541 Error: 2.00365 */
genomestart 2
trait 1 0.129847 0 0 0.0648692 0 0 0 0 
trait 2 0.2 0 0 0 0 0 0 0 
trait 3 0 0 0 0.477967 0 0 0.763378 0.929354 
node 1 3 1 3
node 2 2 1 1
node 3 2 1 1
node 4 2 0 2
node 10 1 0 0
gene 2 1 4 -3.27351 0 1 -3.27351 1
gene 3 2 4 2.06602 0 2 2.06602 1
gene 2 3 4 8 0 3 8 1
gene 1 2 10 3.77995 0 14 3.77995 1
gene 3 10 4 -7.93147 0 15 -7.93147 1
gene 1 3 10 0.531316 0 251 0.531316 1
genomeend 2

/* Organism #3 Fitness: 9 Error: 1 */
genomestart 3
trait 1 0.129847 0 0 0.0648692 0 0 0 0 
trait 2 0.2 0.144686 0 0 0.324047 0 0.669726 0 
trait 3 0 0 0 0.477967 0 0 0.763378 0.929354 
node 1 3 1 3
node 2 2 1 1
node 3 2 1 1
node 4 2 0 2
node 10 1 0 0
gene 2 1 4 -2.45704 0 1 -2.45704 1
gene 3 2 4 -3.9613 0 2 -3.9613 1
gene 2 3 4 7.56189 0 3 7.56189 1
gene 1 2 10 3.72511 0 14 3.72511 1
gene 3 10 4 -6.28392 0 15 -6.28392 1
gene 1 3 10 -1.17838 0 251 -1.17838 1
genomeend 3

/* Organism #4 Fitness: 9 Error: 1 */
genomestart 4
trait 1 0.129847 0 0 0.0648692 0 0 0 0 
trait 2 0.2 0 0 0 0 0 0 0 
trait 3 0 0 0 0.477967 0 0 0.763378 0.929354 
node 1 3 1 3
node 2 2 1 1
node 3 2 1 1
node 4 2 0 2
node 10 1 0 0
gene 2 1 4 -2.08199 0 1 -2.08199 1
gene 3 2 4 -4.93407 0 2 -4.93407 1
gene 2 3 4 8 0 3 8 1
gene 1 2 10 2.90664 0 14 2.90664 1
gene 3 10 4 -8 0 15 -8 1
gene 1 3 10 -1.8779 0 251 -1.8779 1
genomeend 4

/* Organism #5 Fitness: 9 Error: 1 */
genomestart 5
trait 1 0.129847 0 0 0.0648692 0 0 0 0 
trait 2 0.2 0 0 0 0 0 0 0 
trait 3 0 0 0 0.477967 0 0 0.763378 0.929354 
node 1 3 1 3
node 2 2 1 1
node 3 2 1 1
node 4 2 0 2
node 10 1 0 0
gene 2 1 4 -1.1038 0 1 -1.1038 1
gene 3 2 4 -4.46673 0 2 -4.46673 1
gene 2 3 4 8 0 3 8 1
gene 1 2 10 3.58841 0 14 3.58841 1
gene 3 10 4 -5.8892 0 15 -5.8892 1
gene 1 3 10 -2.10183 0 251 -2.10183 1
genomeend 5

/* Organism #6 Fitness: 9 Error: 1 */
genomestart 6
trait 1 0.129847 0 0 0.0648692 0 0 0 0 
trait 2 0.2 0 0 0 0 0 0 0 
trait 3 0 0 0 0.477967 0 0 0.763378 0.929354 
node 1 3 1 3
node 2 2 1 1
node 3 2 1 1
node 4 2 0 2
node 10 1 0 0
gene 2 1 4 -2.08199 0 1 -2.08199 1
gene 3 2 4 -4.93407 0 2 -4.93407 1
gene 2 3 4 8 0 3 8 1
gene 1 2 10 2.90664 0 14 2.90664 1
gene 3 10 4 -8 0 15 -8 1
gene 1 3 10 -1.8779 0 251 -1.8779 1
genomeend 6

/* Organism #7 Fitness: 8.99947 Error: 1.00009 */
genomestart 7
trait 1 0.129847 0 0 0.0648692 0 0 0 0 
trait 2 0.2 0 0 0 0 0 0 0 
trait 3 0.519327 0.774389 0 0 0 0 1 0.929354 
node 1 3 1 3
node 2 2 1 1
node 3 2 1 1
node 4 2 0 2
node 10 1 0 0
gene 2 1 4 -2.97077 0 1 -2.97077 1
gene 3 2 4 -6.34352 0 2 -6.34352 1
gene 2 3 4 8 0 3 8 1
gene 1 2 10 4.68843 0 14 4.68843 1
gene 3 10 4 -0.580103 0 15 -0.580103 1
gene 1 3 10 -1.86182 0 251 -1.86182 1
genomeend 7

/* Organism #8 Fitness: 8.94945 Error: 1.00844 */
genomestart 8
trait 1 0.129847 0 0 0.0648692 0 0 0 0 
trait 2 0.2 0 0 0 0 0 0 0 
trait 3 0 0 0 0.477967 0 0 0.763378 0.929354 
node 1 3 1 3
node 2 2 1 1
node 3 2 1 1
node 4 2 0 2
node 10 1 0 0
gene 2 1 4 -1.84217 0 1 -1.84217 1
gene 3 2 4 -4.13312 0 2 -4.13312 1
gene 2 3 4 6.60132 0 3 6.60132 1
gene 1 2 10 2.76662 0 14 2.76662 1
gene 3 10 4 -7.92909 0 15 -7.92909 1
gene 1 3 10 -3.04683 0 251 -3.04683 1
genomeend 8

/* Species #4 : (Size 7) (AF 8.00121) (Age 41)  */


/* Organism #9 Fitness: 9 Error: 1 */
genomestart 9
trait 1 0.1 0 0 0 0 0 0 0 
trait 2 0.1625 0 0.164709 0 0 0 0.249163 0.119301 
trait 3 0.283704 0 0 0 0 0 0 0 
node 1 1 1 3
node 2 3 1 1
node 3 1 1 1
node 4 3 0 2
node 9 1 0 0
gene 3 1 4 -7.76216 0 1 -7.76216 1
gene 1 2 4 7.51133 0 2 7.51133 1
gene 1 3 4 7.76755 0 3 7.76755 1
gene 1 3 9 3.17761 0 12 3.17761 1
gene 1 9 4 8 0 13 8 1
gene 2 2 9 2.87009 0 23 2.87009 1
gene 1 1 9 -1.42934 0 177 -1.42934 1
genomeend 9

/* Organism #10 Fitness: 9 Error: 1 */
genomestart 10
trait 1 0.1 0 0 0 0 0 0 0 
trait 2 0.1625 0 0.164709 0 0 0 0.249163 0.119301 
trait 3 0.283704 0 0 0 0 0 0 0 
node 1 1 1 3
node 2 3 1 1
node 3 1 1 1
node 4 3 0 2
node 9 1 0 0
gene 3 1 4 -7.76216 0 1 -7.76216 1
gene 1 2 4 7.51133 0 2 7.51133 1
gene 1 3 4 7.76755 0 3 7.76755 1
gene 1 3 9 3.17761 0 12 3.17761 1
gene 1 9 4 8 0 13 8 1
gene 2 2 9 2.87009 0 23 2.87009 1
gene 1 1 9 -1.42934 0 177 -1.42934 1
genomeend 10

/* Organism #11 Fitness: 4 Error: 2 */
genomestart 11
trait 1 0.1 0 0 0 0 0 0 0 
trait 2 0.1625 0 0.164709 0 0 0 0.249163 0.119301 
trait 3 0.283704 0 0 0 0 0 0 0 
node 1 1 1 3
node 2 3 1 1
node 3 1 1 1
node 4 3 0 2
node 9 1 0 0
gene 3 1 4 -8 0 1 -8 1
gene 1 2 4 -1.45175 0 2 -1.45175 1
gene 1 3 4 7.88695 0 3 7.88695 1
gene 1 3 9 5.57037 0 12 5.57037 1
gene 1 9 4 5.76784 0 13 5.76784 1
gene 2 2 9 1.47277 0 23 1.47277 1
gene 1 1 9 -0.107596 0 177 -0.107596 1
genomeend 11

/* Organism #12 Fitness: 9 Error: 1 */
genomestart 12
trait 1 0.1 0 0 0 0 0 0 0 
trait 2 0.1625 0 0.164709 0 0 0 0.249163 0.119301 
trait 3 0.283704 0.68815 0 0 0 0.289482 0.272584 0 
node 1 1 1 3
node 2 3 1 1
node 3 1 1 1
node 4 3 0 2
node 9 1 0 0
gene 3 1 4 -6.09475 0 1 -6.09475 1
gene 1 2 4 5.70726 0 2 5.70726 1
gene 1 3 4 8 0 3 8 1
gene 1 3 9 1.59533 0 12 1.59533 1
gene 1 9 4 5.68066 0 13 5.68066 1
gene 2 2 9 1.05645 0 23 1.05645 1
gene 1 1 9 -0.85656 0 177 -0.85656 1
genomeend 12

/* Organism #13 Fitness: 7.96533 Error: 1.17771 */
genomestart 13
trait 1 0.1 0 0 0 0 0 0 0 
trait 2 0.1625 0 0.164709 0 0 0 0.249163 0.119301 
trait 3 0.283704 0 0 0 0.788404 0 0 0 
node 1 1 1 3
node 2 3 1 1
node 3 1 1 1
node 4 2 0 2
node 9 1 0 0
gene 3 1 4 -6.06065 0 1 -6.06065 1
gene 1 2 4 -1.9924 0 2 -1.9924 1
gene 1 3 4 7.88378 0 3 7.88378 1
gene 1 3 9 2.25107 0 12 2.25107 1
gene 1 9 4 -1.18789 0 13 -1.18789 1
gene 2 2 9 -1.22214 0 23 -1.22214 1
gene 1 1 9 -1.35082 0 177 -1.35082 1
genomeend 13

/* Organism #14 Fitness: 8.04315 Error: 1.16396 */
genomestart 14
trait 1 0.1 0 0 0 0 0 0 0 
trait 2 0.1625 0 0.164709 0 0 0 0.249163 0.119301 
trait 3 0.283704 0 0 0 0 0 0 0 
node 1 1 1 3
node 2 3 1 1
node 3 1 1 1
node 4 2 0 2
node 9 1 0 0
gene 3 1 4 -8 0 1 -8 1
gene 1 2 4 8 0 2 8 1
gene 1 3 4 8 0 3 8 1
gene 1 3 9 1.73796 0 12 1.73796 1
gene 1 9 4 8 0 13 8 1
gene 2 2 9 3.32069 0 23 3.32069 1
gene 1 1 9 0.638341 0 177 0.638341 1
genomeend 14

/* Organism #15 Fitness: 8.99999 Error: 1 */
genomestart 15
trait 1 0.1 0 0 0 0 0 0 0 
trait 2 0.1625 0 0.164709 0 0 0 0.249163 0.119301 
trait 3 0.283704 0 0 0 0 0 0 0 
node 1 1 1 3
node 2 3 1 1
node 3 1 1 1
node 4 3 0 2
node 9 1 0 0
node 141 1 0 0
gene 3 1 4 -7.79189 0 1 -7.79189 1
gene 1 2 4 7.57241 0 2 7.57241 1
gene 1 3 4 7.79661 0 3 7.79661 1
gene 1 3 9 3.05195 0 12 3.05195 1
gene 1 9 4 7.89109 0 13 7.89109 1
gene 2 2 9 3.0594 0 23 3.0594 0
gene 1 1 9 -1.39973 0 177 -1.39973 1
gene 2 2 141 1 0 400 0 1
gene 2 141 9 3.0594 0 401 0 1
genomeend 15

/* Species #5 : (Size 11) (AF 7.83406) (Age 40)  */


/* Organism #16 Fitness: 9 Error: 1 */
genomestart 16
trait 1 0.1 0 0 0 0 0 0 0 
trait 2 0.2 0 0 0 0 0 0 0 
trait 3 0.3 0 0 0 0 0 0 0 
node 1 1 1 3
node 2 2 1 1
node 3 2 1 1
node 4 3 0 2
node 12 3 0 0
gene 1 1 4 -3.9755 0 1 -3.9755 1
gene 2 2 4 8 0 2 8 1
gene 3 3 4 7.42002 0 3 7.42002 1
gene 1 3 12 5.38476 0 20 5.38476 1
gene 3 12 4 5.81671 0 21 5.81671 1
gene 3 1 12 -4.44351 0 82 -4.44351 1
genomeend 16

/* Organism #17 Fitness: 1.17803 Error: 2.91463 */
genomestart 17
trait 1 0.1 0 0 0 0 0 0 0 
trait 2 0.2 0 0 0 0 0 0 0 
trait 3 0.3 0 0 0 0 0 0 0 
node 1 1 1 3
node 2 2 1 1
node 3 2 1 1
node 4 3 0 2
node 12 3 0 0
gene 1 1 4 -4.6767 0 1 -4.6767 1
gene 2 2 4 -2.24226 0 2 -2.24226 1
gene 3 3 4 7.42002 0 3 7.42002 1
gene 1 3 12 5.2275 0 20 5.2275 1
gene 3 12 4 5.19053 0 21 5.19053 1
gene 3 1 12 1.03348 0 82 1.03348 1
genomeend 17

/* Organism #18 Fitness: 9 Error: 1 */
genomestart 18
trait 1 0.1 0 0 0 0 0 0 0 
trait 2 0.2 0 0 0 0 0 0 0 
trait 3 0.3 0 0 0 0 0 0 0 
node 1 1 1 3
node 2 2 1 1
node 3 2 1 1
node 4 3 0 2
node 12 3 0 0
gene 1 1 4 -3.70291 0 1 -3.70291 1
gene 2 2 4 8 0 2 8 1
gene 3 3 4 7.3499 0 3 7.3499 1
gene 1 3 12 5.38476 0 20 5.38476 1
gene 3 12 4 5.81671 0 21 5.81671 1
gene 3 1 12 -4.44351 0 82 -4.44351 1
genomeend 18

/* Organism #19 Fitness: 8.99692 Error: 1.00051 */
genomestart 19
trait 1 0.1 0 0 0 0 0 0 0 
trait 2 0.2 0 0 0 0 0 0 0 
trait 3 0.3 0 0 0 0 0 0 0 
node 1 1 1 3
node 2 2 1 1
node 3 2 1 1
node 4 3 0 2
node 12 3 0 0
gene 1 1 4 -1.53802 0 1 -1.53802 1
gene 2 2 4 8 0 2 8 1
gene 3 3 4 7.42002 0 3 7.42002 1
gene 1 3 12 5.38476 0 20 5.38476 1
gene 3 12 4 1.49232 0 21 1.49232 1
gene 3 1 12 -4.44351 0 82 -4.44351 1
genomeend 19

/* Organism #20 Fitness: 9 Error: 1 */
genomestart 20
trait 1 0.1 0 0 0 0 0 0 0 
trait 2 0.2 0 0 0 0 0 0 0 
trait 3 0.3 0 0 0 0 0 0 0 
node 1 1 1 3
node 2 2 1 1
node 3 2 1 1
node 4 3 0 2
node 12 3 0 0
node 142 1 0 0
gene 1 1 4 -3.9755 0 1 -3.9755 1
gene 2 2 4 8 0 2 8 1
gene 3 3 4 7.42002 0 3 7.42002 1
gene 1 3 12 5.38476 0 20 5.38476 0
gene 3 12 4 5.81671 0 21 5.81671 1
gene 3 1 12 -4.44351 0 82 -4.44351 1
gene 1 3 142 1 0 402 0 1
gene 1 142 12 5.38476 0 403 0 1
genomeend 20

/* Organism #21 Fitness: 8.9999 Error: 1.00002 */
genomestart 21
trait 1 0.1 0 0 0 0 0 0 0 
trait 2 0.2 0 0 0 0 0 0 0 
trait 3 0.3 0 0 0 0 0 0 0 
node 1 1 1 3
node 2 2 1 1
node 3 2 1 1
node 4 3 0 2
node 12 3 0 0
gene 1 1 4 -2.8548 0 1 -2.8548 1
gene 2 2 4 8 0 2 8 1
gene 3 3 4 5.09764 0 3 5.09764 1
gene 1 3 12 -0.674013 0 20 -0.674013 1
gene 3 12 4 4.84749 0 21 4.84749 1
gene 3 1 12 -3.95536 0 82 -3.95536 1
genomeend 21

/* Organism #22 Fitness: 4 Error: 2 */
genomestart 22
trait 1 0.1 0 0 0 0 0 0 0 
trait 2 0.2 0 0 0 0 0 0 0 
trait 3 0.3 0 0 0 0 0 0 0 
node 1 1 1 3
node 2 2 1 1
node 3 2 1 1
node 4 3 0 2
node 12 3 0 0
gene 1 1 4 -5.1427 0 1 -5.1427 1
gene 2 2 4 2.23832 0 2 2.23832 1
gene 3 3 4 -0.343406 0 3 -0.343406 1
gene 1 3 12 -1.78435 0 20 -1.78435 1
gene 3 12 4 4.74329 0 21 4.74329 1
gene 3 1 12 -4.44351 0 82 -4.44351 1
genomeend 22

/* Organism #23 Fitness: 9 Error: 1 */
genomestart 23
trait 1 0.1 0 0 0 0 0 0 0 
trait 2 0.2 0 0 0 0 0 0 0 
trait 3 0.3 0 0 0 0 0 0 0 
node 1 1 1 3
node 2 2 1 1
node 3 2 1 1
node 4 3 0 2
node 12 3 0 0
gene 1 1 4 -3.9755 0 1 -3.9755 1
gene 2 2 4 8 0 2 8 1
gene 3 3 4 7.42002 0 3 7.42002 1
gene 1 3 12 5.38476 0 20 5.38476 1
gene 3 12 4 5.81671 0 21 5.81671 1
gene 3 1 12 -4.44351 0 82 -4.44351 1
genomeend 23

/* Organism #24 Fitness: 8.9998 Error: 1.00003 */
genomestart 24
trait 1 0.1 0 0 0 0 0 0 0 
trait 2 0.2 0 0 0 0 0 0 0 
trait 3 0.3 0 0 0 0 0 0 0 
node 1 1 1 3
node 2 2 1 1
node 3 2 1 1
node 4 3 0 2
node 12 3 0 0
gene 1 1 4 -2.0984 0 1 -2.0984 1
gene 2 2 4 5.66331 0 2 5.66331 1
gene 3 3 4 1.71587 0 3 1.71587 1
gene 1 3 12 5.38476 0 20 5.38476 1
gene 3 12 4 4.35785 0 21 4.35785 1
gene 3 1 12 -2.67287 0 82 -2.67287 1
genomeend 24

/* Organism #25 Fitness: 9 Error: 1 */
genomestart 25
trait 1 0.1 0 0 0 0 0 0 0 
trait 2 0.2 0 0 0 0 0 0 0 
trait 3 0.3 0 0 0 0 0 0 0 
node 1 1 1 3
node 2 2 1 1
node 3 2 1 1
node 4 3 0 2
node 12 3 0 0
node 142 1 0 0
gene 1 1 4 -3.9755 0 1 -3.9755 1
gene 2 2 4 8 0 2 8 1
gene 3 3 4 7.42002 0 3 7.42002 1
gene 1 3 12 5.38476 0 20 5.38476 0
gene 3 12 4 5.81671 0 21 5.81671 1
gene 3 1 12 -4.44351 0 82 -4.44351 1
gene 1 3 142 1 0 402 0 1
gene 1 142 12 5.38476 0 403 0 1
genomeend 25

/* Organism #26 Fitness: 9 Error: 1 */
genomestart 26
trait 1 0.1 0 0 0 0 0 0 0 
trait 2 0.2 0 0 0 0 0 0 0 
trait 3 0.3 0 0 0 0 0 0 0 
node 1 1 1 3
node 2 2 1 1
node 3 2 1 1
node 4 3 0 2
node 12 3 0 0
gene 1 1 4 -5.01906 0 1 -5.01906 1
gene 2 2 4 8 0 2 8 1
gene 3 3 4 7.32906 0 3 7.32906 1
gene 1 3 12 6.98005 0 20 6.98005 1
gene 3 12 4 6.3134 0 21 6.3134 1
gene 3 1 12 -3.57305 0 82 -3.57305 1
genomeend 26

/* Species #6 : (Size 8) (AF 6.6629) (Age 38)  */


/* Organism #27 Fitness: 9 Error: 1 */
genomestart 27
trait 1 0.1 0 0.125318 0 0 0.20103 0 0 
trait 2 0.264709 0.128576 0 0.093825 0.0704194 0 0.3221 0.216007 
trait 3 0.3 0 0 0 0 0 0 0 
node 1 2 1 3
node 2 2 1 1
node 3 2 1 1
node 4 3 0 2
node 18 1 0 0
gene 1 1 4 -5.00581 0 1 -5.00581 1
gene 3 2 4 8 0 2 8 1
gene 3 3 4 7.55223 0 3 7.55223 1
gene 1 2 18 3.03301 0 36 3.03301 1
gene 1 18 4 4.74757 0 37 4.74757 1
gene 3 3 18 3.21921 0 131 3.21921 1
gene 1 1 18 -0.904006 0 171 -0.904006 1
genomeend 27

/* Organism #28 Fitness: 4.01953 Error: 1.99512 */
genomestart 28
trait 1 0.1 0 0.125318 0 0 0.20103 0 0 
trait 2 0.264709 0.128576 0 0.093825 0.0704194 0 0.3221 0.216007 
trait 3 0.3 0 0 0 0 0 0 0 
node 1 2 1 3
node 2 2 1 1
node 3 2 1 1
node 4 3 0 2
node 18 1 0 0
gene 1 1 4 -4.93683 0 1 -4.93683 1
gene 3 2 4 7.64352 0 2 7.64352 1
gene 3 3 4 8 0 3 8 1
gene 1 2 18 -1.07262 0 36 -1.07262 1
gene 1 18 4 6.68624 0 37 6.68624 1
gene 3 3 18 0.848759 0 131 0.848759 1
gene 1 1 18 0.44595 0 171 0.44595 1
genomeend 28

/* Organism #29 Fitness: 1.00054 Error: 2.99973 */
genomestart 29
trait 1 0.1 0 0.125318 0 0 0.20103 0 0 
trait 2 0.264709 0.128576 0 0.093825 0.0704194 0 0.3221 0.216007 
trait 3 0.3 0 0 0 0 0 0 0 
node 1 2 1 3
node 2 2 1 1
node 3 2 1 1
node 4 3 0 2
node 18 1 0 0
gene 1 1 4 -8 0 1 -8 1
gene 3 2 4 6.27269 0 2 6.27269 1
gene 3 3 4 5.28426 0 3 5.28426 1
gene 1 2 18 -0.0945156 0 36 -0.0945156 1
gene 1 18 4 2.79782 0 37 2.79782 1
gene 3 3 18 2.41192 0 131 2.41192 1
gene 1 1 18 -2.60769 0 171 -2.60769 1
genomeend 29

/* Organism #30 Fitness: 8.28315 Error: 1.12195 */
genomestart 30
trait 1 0.1 0 0.125318 0 0 0.20103 0 0 
trait 2 0.264709 0.128576 0 0.093825 0.0704194 0 0.3221 0.216007 
trait 3 0.3 0 0 0 0 0 0 0 
node 1 2 1 3
node 2 2 1 1
node 3 2 1 1
node 4 3 0 2
node 18 1 0 0
node 143 1 0 0
gene 1 1 4 -5.00581 0 1 -5.00581 1
gene 3 2 4 8 0 2 8 1
gene 3 3 4 7.55223 0 3 7.55223 1
gene 1 2 18 3.03301 0 36 3.03301 1
gene 1 18 4 4.74757 0 37 4.74757 1
gene 3 3 18 3.21921 0 131 3.21921 0
gene 1 1 18 -0.904006 0 171 -0.904006 1
gene 3 3 143 1 0 404 0 1
gene 3 143 18 3.21921 0 405 0 1
genomeend 30

/* Organism #31 Fitness: 9 Error: 1 */
genomestart 31
trait 1 0.1 0 0.125318 0 0 0.20103 0 0 
trait 2 0.264709 0.128576 0 0.093825 0.0704194 0 0.3221 0.216007 
trait 3 0.3 0 0 0 0 0 0 0 
node 1 2 1 3
node 2 2 1 1
node 3 2 1 1
node 4 3 0 2
node 18 1 0 0
gene 1 1 4 -3.23804 0 1 -3.23804 1
gene 3 2 4 8 0 2 8 1
gene 3 3 4 8 0 3 8 1
gene 1 2 18 1.13577 0 36 1.13577 1
gene 1 18 4 7.57089 0 37 7.57089 1
gene 3 3 18 -0.0225086 0 131 -0.0225086 1
gene 1 1 18 -0.904006 0 171 -0.904006 1
genomeend 31

/* Organism #32 Fitness: 4.00006 Error: 1.99999 */
genomestart 32
trait 1 0.1 0 0.125318 0 0 0.20103 0 0 
trait 2 0.264709 0.128576 0 0.093825 0.0704194 0 0.3221 0.216007 
trait 3 0.3 0 0 0 0 0 0 0 
node 1 2 1 3
node 2 2 1 1
node 3 2 1 1
node 4 3 0 2
node 18 1 0 0
gene 1 1 4 -7.24659 0 1 -7.24659 1
gene 3 2 4 -0.017475 0 2 -0.017475 1
gene 3 3 4 7.12698 0 3 7.12698 1
gene 1 2 18 2.19288 0 36 2.19288 1
gene 1 18 4 5.00756 0 37 5.00756 1
gene 3 3 18 1.32123 0 131 1.32123 1
gene 1 1 18 -1.0329 0 171 -1.0329 1
genomeend 32

/* Organism #33 Fitness: 8.99993 Error: 1.00001 */
genomestart 33
trait 1 0.1 0 0.125318 0 0 0.20103 0 0 
trait 2 0.264709 0.128576 0 0.093825 0.0704194 0 0.3221 0.216007 
trait 3 0.3 0 0 0 0 0 0 0 
node 1 2 1 3
node 2 2 1 1
node 3 2 1 1
node 4 3 0 2
node 18 1 0 0
gene 1 1 4 -8 0 1 -8 1
gene 3 2 4 7.33291 0 2 7.33291 1
gene 3 3 4 6.70385 0 3 6.70385 1
gene 1 2 18 3.01433 0 36 3.01433 1
gene 1 18 4 3.61371 0 37 3.61371 1
gene 3 3 18 2.64311 0 131 2.64311 1
gene 1 1 18 1.35093 0 171 1.35093 1
genomeend 33

/* Organism #34 Fitness: 9 Error: 1 */
genomestart 34
trait 1 0.1 0 0.125318 0 0 0.20103 0 0 
trait 2 0.264709 0.128576 0 0.093825 0.0704194 0 0.3221 0.216007 
trait 3 0.3 0 0 0 0 0 0 0 
node 1 2 1 3
node 2 2 1 1
node 3 2 1 1
node 4 3 0 2
node 18 1 0 0
gene 1 1 4 -7.35993 0 1 -7.35993 1
gene 3 2 4 8 0 2 8 1
gene 3 3 4 7.55223 0 3 7.55223 1
gene 1 2 18 3.03301 0 36 3.03301 1
gene 1 18 4 4.74757 0 37 4.74757 1
gene 3 3 18 2.41192 0 131 2.41192 1
gene 1 1 18 -0.799223 0 171 -0.799223 1
genomeend 34

/* Species #7 : (Size 8) (AF 5.70294) (Age 37)  */


/* Organism #35 Fitness: 9.00016 Error: 0.999973 */
genomestart 35
trait 1 0.009375 0.379203 0.0688377 0 0.209597 0 0 0 
trait 2 0.35944 0 0 0 0.886249 0 0.980044 0.452734 
trait 3 0.3 0 0 0 0 0 0 0 
node 1 1 1 3
node 2 3 1 1
node 3 1 1 1
node 4 3 0 2
node 9 1 0 0
gene 3 1 4 -2.08439 0 1 -2.08439 1
gene 2 2 4 0.220073 0 2 0.220073 1
gene 1 3 4 -0.18717 0 3 -0.18717 1
gene 1 3 9 5.0275 0 12 5.0275 1
gene 1 9 4 7.18994 0 13 7.18994 1
gene 2 1 9 -2.30843 0 33 -2.30843 1
gene 1 2 9 -5.01016 0 44 -5.01016 1
genomeend 35

/* Organism #36 Fitness: 4 Error: 2 */
genomestart 36
trait 1 0.009375 0.379203 0.0688377 0 0.209597 0 0 0 
trait 2 0.35944 0 0 0 0.886249 0 0.980044 0.452734 
trait 3 0.3 0 0 0 0 0 0 0 
node 1 1 1 3
node 2 3 1 1
node 3 1 1 1
node 4 3 0 2
node 9 1 0 0
gene 3 1 4 -3.99971 0 1 -3.99971 1
gene 2 2 4 -2.09532 0 2 -2.09532 1
gene 1 3 4 -0.18717 0 3 -0.18717 1
gene 1 3 9 -2.12815 0 12 -2.12815 1
gene 1 9 4 0.716451 0 13 0.716451 1
gene 2 1 9 1.82344 0 33 1.82344 1
gene 1 2 9 -7.03792 0 44 -7.03792 1
genomeend 36

/* Organism #37 Fitness: 4 Error: 2 */
genomestart 37
trait 1 0.009375 0.379203 0.0688377 0 0.209597 0 0 0 
trait 2 0.35944 0 0 0 0.875747 0 0.949418 0.452734 
trait 3 0.3 0 0 0 0 0 0 0 
node 1 1 1 3
node 2 3 1 1
node 3 1 1 1
node 4 3 0 2
node 9 1 0 0
gene 3 1 4 -5.02175 0 1 -5.02175 1
gene 2 2 4 1.39526 0 2 1.39526 0
gene 1 3 4 0.202846 0 3 0.202846 1
gene 1 3 9 6.38936 0 12 6.38936 1
gene 1 9 4 8 0 13 8 1
gene 2 1 9 -0.490323 0 33 -0.490323 1
gene 1 2 9 -4.39029 0 44 -4.39029 1
genomeend 37

/* Organism #38 Fitness: 7.58321 Error: 1.24624 */
genomestart 38
trait 1 0.009375 0.379203 0.0688377 0 0.209597 0 0 0 
trait 2 0.35944 0 0 0 0.886249 0 0.980044 0.452734 
trait 3 0.3 0 0 0 0 0 0 0 
node 1 1 1 3
node 2 3 1 1
node 3 1 1 1
node 4 3 0 2
node 9 1 0 0
gene 3 1 4 2.03503 0 1 2.03503 1
gene 2 2 4 -0.737863 0 2 -0.737863 1
gene 1 3 4 -1.52616 0 3 -1.52616 1
gene 1 3 9 4.06387 0 12 4.06387 1
gene 1 9 4 8 0 13 8 1
gene 2 1 9 -4.00676 0 33 -4.00676 1
gene 1 2 9 -5.01016 0 44 -5.01016 1
genomeend 38

/* Organism #39 Fitness: 4 Error: 2 */
genomestart 39
trait 1 0.009375 0.379203 0.0688377 0 0.209597 0 0 0 
trait 2 0.35944 0 0 0 0.865244 0 0.918792 0.452734 
trait 3 0.3 0 0 0 0 0 0 0 
node 1 1 1 3
node 2 3 1 1
node 3 1 1 1
node 4 3 0 2
node 9 1 0 0
gene 3 1 4 -1.32 0 1 -1.32 1
gene 2 2 4 0.387448 0 2 0.387448 0
gene 1 3 4 -2.66942 0 3 -2.66942 1
gene 1 3 9 2.78763 0 12 2.78763 1
gene 1 9 4 7.14025 0 13 7.14025 1
gene 2 1 9 -5.23617 0 33 -5.23617 1
gene 1 2 9 -4.63241 0 44 -4.63241 1
genomeend 39

/* Organism #40 Fitness: 4.00005 Error: 1.99999 */
genomestart 40
trait 1 0.009375 0.379203 0.0688377 0 0.209597 0 0 0 
trait 2 0.35944 0 0 0 0.886249 0 0.980044 0.452734 
trait 3 0.3 0 0 0 0 0 0 0 
node 1 1 1 3
node 2 3 1 1
node 3 1 1 1
node 4 3 0 2
node 9 1 0 0
gene 3 1 4 -3.40336 0 1 -3.40336 1
gene 2 2 4 -0.393705 0 2 -0.393705 1
gene 1 3 4 -0.35411 0 3 -0.35411 1
gene 1 3 9 7.49551 0 12 7.49551 1
gene 1 9 4 6.41158 0 13 6.41158 1
gene 2 1 9 -2.96888 0 33 -2.96888 1
gene 1 2 9 -2.86363 0 44 -2.86363 1
genomeend 40

/* Organism #41 Fitness: 4.04007 Error: 1.99001 */
genomestart 41
trait 1 0.009375 0.379203 0.0688377 0 0.209597 0 0 0 
trait 2 0.35944 0 0 0 0.865244 0 0.918792 0.452734 
trait 3 0.3 0 0 0 0 0 0 0 
node 1 1 1 3
node 2 3 1 1
node 3 1 1 1
node 4 3 0 2
node 9 1 0 0
gene 3 1 4 -1.71813 0 1 -1.71813 1
gene 2 2 4 -4.03347 0 2 -4.03347 0
gene 1 3 4 -0.0645888 0 3 -0.0645888 1
gene 1 3 9 3.7531 0 12 3.7531 1
gene 1 9 4 7.24676 0 13 7.24676 1
gene 2 1 9 -4.16229 0 33 -4.16229 1
gene 1 2 9 -2.62935 0 44 -2.62935 1
genomeend 41

/* Organism #42 Fitness: 9 Error: 1 */
genomestart 42
trait 1 0.009375 0.379203 0.0688377 0 0.209597 0 0 0 
trait 2 0.35944 0 0 0 0.865244 0 0.918792 0.452734 
trait 3 0.3 0 0 0 0 0 0 0 
node 1 1 1 3
node 2 3 1 1
node 3 1 1 1
node 4 3 0 2
node 9 1 0 0
gene 3 1 4 -2.57657 0 1 -2.57657 1
gene 2 2 4 -0.669121 0 2 -0.669121 0
gene 1 3 4 -0.873203 0 3 -0.873203 1
gene 1 3 9 7.02824 0 12 7.02824 1
gene 1 9 4 7.13035 0 13 7.13035 1
gene 2 1 9 -6.00854 0 33 -6.00854 1
gene 1 2 9 -5.43924 0 44 -5.43924 1
genomeend 42

/* Species #8 : (Size 9) (AF 7.968) (Age 33)  */


/* Organism #43 Fitness: 9 Error: 1 */
genomestart 43
trait 1 0.075 0 0 0 0 0 0 0 
trait 2 0.2 0 0.272854 0 0.0522847 0 0.141455 0 
trait 3 0.3 0 0 0 0 0 0 0 
node 1 1 1 3
node 2 2 1 1
node 3 2 1 1
node 4 1 0 2
node 12 1 0 0
node 36 1 0 0
node 90 1 0 0
node 112 1 0 0
gene 1 1 4 -2.54384 0 1 -2.54384 1
gene 2 2 4 7.30758 0 2 7.30758 1
gene 3 3 4 7.65601 0 3 7.65601 1
gene 3 3 12 2.76807 0 20 2.76807 0
gene 3 12 4 3.60857 0 21 3.60857 1
gene 3 3 36 1.75224 0 89 1.75224 0
gene 3 36 12 -3.69866 0 90 -3.69866 0
gene 3 1 36 -0.188439 0 122 -0.188439 1
gene 3 3 90 -2.28308 0 248 -2.28308 1
gene 3 90 36 4.41533 0 249 4.41533 1
gene 3 36 4 -1.64072 0 293 -1.64072 0
gene 3 36 112 1 0 318 1 1
gene 3 112 4 -0.986511 0 319 -0.986511 1
genomeend 43

/* Organism #44 Fitness: 4.79891 Error: 1.80936 */
genomestart 44
trait 1 0.075 0 0 0 0 0 0 0 
trait 2 0.2 0 0.272854 0 0.0522847 0 0.141455 0 
trait 3 0.3 0 0 0 0 0 0 0 
node 1 1 1 3
node 2 2 1 1
node 3 2 1 1
node 4 1 0 2
node 12 1 0 0
node 36 1 0 0
node 90 1 0 0
node 112 1 0 0
gene 1 1 4 -4.86659 0 1 -4.86659 1
gene 2 2 4 8 0 2 8 1
gene 3 3 4 6.4913 0 3 6.4913 1
gene 3 3 12 5.05401 0 20 5.05401 0
gene 3 12 4 4.61724 0 21 4.61724 1
gene 3 3 36 -0.74041 0 89 -0.74041 0
gene 3 36 12 -4.59906 0 90 -4.59906 0
gene 3 1 36 2.13927 0 122 2.13927 1
gene 3 3 90 -0.899346 0 248 -0.899346 1
gene 3 90 36 5.92997 0 249 5.92997 1
gene 3 36 4 -2.02493 0 293 -2.02493 0
gene 3 36 112 1 0 318 1 1
gene 3 112 4 -1.92901 0 319 -1.92901 1
genomeend 44

/* Organism #45 Fitness: 4.00038 Error: 1.99991 */
genomestart 45
trait 1 0.075 0 0 0 0 0 0 0 
trait 2 0.2 0 0.272854 0 0.0522847 0 0.141455 0 
trait 3 0.3 0.568457 0 0 0 0 0.767225 0.0462758 
node 1 1 1 3
node 2 2 1 1
node 3 2 1 1
node 4 1 0 2
node 12 1 0 0
node 36 1 0 0
node 90 1 0 0
node 112 1 0 0
gene 1 1 4 1.22149 0 1 1.22149 1
gene 2 2 4 6.29018 0 2 6.29018 1
gene 3 3 4 6.83908 0 3 6.83908 1
gene 3 3 12 2.60733 0 20 2.60733 0
gene 3 12 4 2.69462 0 21 2.69462 1
gene 3 3 36 -1.57149 0 89 -1.57149 0
gene 3 36 12 -4.70292 0 90 -4.70292 0
gene 3 1 36 -0.188439 0 122 -0.188439 1
gene 3 3 90 1.06048 0 248 1.06048 1
gene 3 90 36 6.06233 0 249 6.06233 1
gene 3 36 4 -0.696118 0 293 -0.696118 0
gene 3 36 112 3.31375 0 318 3.31375 1
gene 3 112 4 0.660899 0 319 0.660899 1
genomeend 45

/* Organism #46 Fitness: 8.99996 Error: 1.00001 */
genomestart 46
trait 1 0.075 0 0 0 0 0 0 0 
trait 2 0.2 0 0.272854 0 0.0522847 0 0.141455 0 
trait 3 0.3 0 0 0 0 0 0 0 
node 1 1 1 3
node 2 2 1 1
node 3 2 1 1
node 4 1 0 2
node 12 1 0 0
node 36 1 0 0
node 90 1 0 0
node 112 1 0 0
gene 1 1 4 -3.8163 0 1 -3.8163 1
gene 2 2 4 7.5104 0 2 7.5104 1
gene 3 3 4 6.7153 0 3 6.7153 1
gene 3 3 12 4.00498 0 20 4.00498 0
gene 3 12 4 4.24732 0 21 4.24732 1
gene 3 3 36 -1.91111 0 89 -1.91111 0
gene 3 36 12 -3.92927 0 90 -3.92927 0
gene 3 1 36 -1.91 0 122 -1.91 1
gene 3 3 90 -2.24767 0 248 -2.24767 1
gene 3 90 36 7.63132 0 249 7.63132 1
gene 3 36 4 -6.05033 0 293 -6.05033 0
gene 3 36 112 -0.0236192 0 318 -0.0236192 1
gene 3 112 4 -0.986511 0 319 -0.986511 1
genomeend 46

/* Organism #47 Fitness: 9 Error: 1 */
genomestart 47
trait 1 0.075 0 0 0 0 0 0 0 
trait 2 0.2 0 0.272854 0 0.0522847 0 0.141455 0 
trait 3 0.3 0 0 0 0 0 0 0 
node 1 1 1 3
node 2 2 1 1
node 3 2 1 1
node 4 1 0 2
node 12 1 0 0
node 36 1 0 0
node 90 1 0 0
node 112 1 0 0
gene 1 1 4 -0.217556 0 1 -0.217556 1
gene 2 2 4 8 0 2 8 1
gene 3 3 4 8 0 3 8 1
gene 3 3 12 6.76539 0 20 6.76539 0
gene 3 12 4 0.1799 0 21 0.1799 1
gene 3 3 36 2.41459 0 89 2.41459 0
gene 3 36 12 2.43041 0 90 2.43041 0
gene 3 1 36 -1.34472 0 122 -1.34472 1
gene 3 3 90 1.40731 0 248 1.40731 1
gene 3 90 36 5.83058 0 249 5.83058 1
gene 3 36 4 -3.95751 0 293 -3.95751 0
gene 3 36 112 1 0 318 1 1
gene 3 112 4 -3.06156 0 319 -3.06156 1
genomeend 47

/* Organism #48 Fitness: 8.91279 Error: 1.01457 */
genomestart 48
trait 1 0.075 0 0 0 0 0 0 0 
trait 2 0.2 0 0.272854 0 0.0522847 0 0.141455 0 
trait 3 0.3 0 0 0 0 0 0 0 
node 1 1 1 3
node 2 2 1 1
node 3 2 1 1
node 4 1 0 2
node 12 1 0 0
node 36 1 0 0
node 90 1 0 0
node 112 1 0 0
gene 1 1 4 -0.856933 0 1 -0.856933 1
gene 2 2 4 7.48318 0 2 7.48318 1
gene 3 3 4 8 0 3 8 1
gene 3 3 12 4.22219 0 20 4.22219 0
gene 3 12 4 3.60857 0 21 3.60857 1
gene 3 3 36 1.18092 0 89 1.18092 0
gene 3 36 12 -1.63158 0 90 -1.63158 1
gene 3 1 36 1.91556 0 122 1.91556 1
gene 3 3 90 -4.1855 0 248 -4.1855 1
gene 3 90 36 2.78343 0 249 2.78343 1
gene 3 36 4 -0.961397 0 293 -0.961397 0
gene 3 36 112 -2.21334 0 318 -2.21334 1
gene 3 112 4 -1.15683 0 319 -1.15683 1
genomeend 48

/* Organism #49 Fitness: 9 Error: 1 */
genomestart 49
trait 1 0.075 0 0 0 0 0 0 0 
trait 2 0.2 0 0.272854 0 0.0522847 0 0.141455 0 
trait 3 0.3 0 0 0 0 0 0 0 
node 1 1 1 3
node 2 2 1 1
node 3 2 1 1
node 4 1 0 2
node 12 1 0 0
node 36 1 0 0
node 90 1 0 0
node 112 1 0 0
gene 1 1 4 -3.99473 0 1 -3.99473 1
gene 2 2 4 8 0 2 8 1
gene 3 3 4 8 0 3 8 1
gene 3 3 12 3.72113 0 20 3.72113 0
gene 3 12 4 3.98669 0 21 3.98669 1
gene 3 3 36 2.17722 0 89 2.17722 0
gene 3 36 12 -2.52397 0 90 -2.52397 0
gene 3 1 36 0.17549 0 122 0.17549 1
gene 3 3 90 -0.943153 0 248 -0.943153 1
gene 3 90 36 6.1999 0 249 6.1999 1
gene 3 36 4 -1.33282 0 293 -1.33282 0
gene 3 36 112 -1.26095 0 318 -1.26095 1
gene 3 112 4 -1.1782 0 319 -1.1782 1
genomeend 49

/* Organism #50 Fitness: 9 Error: 1 */
genomestart 50
trait 1 0.075 0 0 0 0 0 0 0 
trait 2 0.2 0 0.272854 0 0.0522847 0 0.141455 0 
trait 3 0.3 0 0 0 0 0 0 0 
node 1 1 1 3
node 2 2 1 1
node 3 2 1 1
node 4 1 0 2
node 12 1 0 0
node 36 1 0 0
node 90 1 0 0
node 112 1 0 0
gene 1 1 4 -2.54384 0 1 -2.54384 1
gene 2 2 4 7.30758 0 2 7.30758 1
gene 3 3 4 7.65601 0 3 7.65601 1
gene 3 3 12 2.76807 0 20 2.76807 0
gene 3 12 4 3.60857 0 21 3.60857 1
gene 3 3 36 1.75224 0 89 1.75224 0
gene 3 36 12 -3.69866 0 90 -3.69866 1
gene 3 1 36 -0.188439 0 122 -0.188439 1
gene 3 3 90 -2.28308 0 248 -2.28308 1
gene 3 90 36 4.41533 0 249 4.41533 1
gene 3 36 4 -1.64072 0 293 -1.64072 0
gene 3 36 112 1 0 318 1 1
gene 3 112 4 -0.986511 0 319 -0.986511 1
genomeend 50

/* Organism #51 Fitness: 9 Error: 1 */
genomestart 51
trait 1 0.075 0 0 0 0 0 0 0 
trait 2 0.2 0 0.272854 0 0.0522847 0 0.141455 0 
trait 3 0.3 0 0 0 0 0 0 0 
node 1 1 1 3
node 2 2 1 1
node 3 2 1 1
node 4 1 0 2
node 12 1 0 0
node 36 1 0 0
node 90 1 0 0
node 112 1 0 0
gene 1 1 4 -3.60491 0 1 -3.60491 1
gene 2 2 4 8 0 2 8 1
gene 3 3 4 6.95822 0 3 6.95822 1
gene 3 3 12 3.40473 0 20 3.40473 0
gene 3 12 4 4.94039 0 21 4.94039 1
gene 3 3 36 0.631447 0 89 0.631447 0
gene 3 36 12 -4.92089 0 90 -4.92089 0
gene 3 1 36 1.24753 0 122 1.24753 1
gene 3 3 90 -2.65083 0 248 -2.65083 1
gene 3 90 36 5.44723 0 249 5.44723 1
gene 3 36 4 -1.65118 0 293 -1.65118 0
gene 3 36 112 1 0 318 1 1
gene 3 112 4 -0.209879 0 319 -0.209879 1
genomeend 51

/* Species #9 : (Size 8) (AF 4.04032) (Age 32)  */


/* Organism #52 Fitness: 9 Error: 1 */
genomestart 52
trait 1 0.05 0 0 0 0.0371582 0.46758 0 0 
trait 2 0.2 0.198171 0 0.660983 0 0.233403 0 0.672093 
trait 3 0.3 0 0 0 0 0 0 0 
node 1 3 1 3
node 2 2 1 1
node 3 3 1 1
node 4 1 0 2
node 12 3 0 0
node 38 1 0 0
gene 1 1 4 -7.42702 0 1 -7.42702 1
gene 3 2 4 -8 0 2 -8 1
gene 3 3 4 2.4645 0 3 2.4645 1
gene 1 3 12 2.9808 0 20 2.9808 1
gene 3 12 4 3.17413 0 21 3.17413 1
gene 2 1 12 -0.910985 0 82 -0.910985 1
gene 3 3 38 1.00969 0 93 1.00969 1
gene 1 38 4 6.03109 0 94 6.03109 1
gene 1 2 12 -3.98479 0 241 -3.98479 1
genomeend 52

/* Organism #53 Fitness: 4.96509 Error: 1.77175 */
genomestart 53
trait 1 0.05 0 0 0 0.0371582 0.46758 0 0 
trait 2 0.2 0.0990856 0 0.330491 0 0.116702 0 0.336046 
trait 3 0.3 0 0 0 0 0 0 0 
node 1 3 1 3
node 2 2 1 1
node 3 3 1 1
node 4 1 0 2
node 12 3 0 0
node 38 1 0 0
gene 1 1 4 -8 0 1 -8 1
gene 2 2 4 -4.35383 0 2 -4.35383 1
gene 3 3 4 4.56006 0 3 4.56006 1
gene 1 3 12 1.66293 0 20 1.66293 1
gene 3 12 4 3.17826 0 21 3.17826 1
gene 2 1 12 1.58156 0 82 1.58156 1
gene 3 3 38 -1.21658 0 93 -1.21658 1
gene 1 38 4 5.76008 0 94 5.76008 1
gene 1 2 12 -0.743359 0 241 -0.743359 1
genomeend 53

/* Organism #54 Fitness: 8.99998 Error: 1 */
genomestart 54
trait 1 0.05 0 0 0 0.0371582 0.46758 0 0 
trait 2 0.2 0.198171 0 0.660983 0 0.233403 0 0.672093 
trait 3 0.3 0 0 0 0 0 0 0 
node 1 3 1 3
node 2 2 1 1
node 3 3 1 1
node 4 1 0 2
node 12 3 0 0
node 38 1 0 0
gene 1 1 4 -5.17098 0 1 -5.17098 1
gene 3 2 4 -5.81399 0 2 -5.81399 1
gene 3 3 4 2.32483 0 3 2.32483 1
gene 1 3 12 3.37548 0 20 3.37548 1
gene 3 12 4 1.65553 0 21 1.65553 1
gene 2 1 12 -0.202187 0 82 -0.202187 1
gene 3 3 38 2.30213 0 93 2.30213 1
gene 1 38 4 3.83898 0 94 3.83898 1
gene 1 2 12 -5.11446 0 241 -5.11446 1
genomeend 54

/* Organism #55 Fitness: 1.01706 Error: 2.99151 */
genomestart 55
trait 1 0.05 0 0 0 0.0371582 0.46758 0 0 
trait 2 0.2 0 0 0 0 0 0 0 
trait 3 0.3 0 0 0 0 0 0 0 
node 1 3 1 3
node 2 2 1 1
node 3 3 1 1
node 4 1 0 2
node 12 3 0 0
node 38 1 0 0
gene 1 1 4 -3.93154 0 1 -3.93154 1
gene 2 2 4 1.32657 0 2 1.32657 1
gene 3 3 4 2.67642 0 3 2.67642 1
gene 1 3 12 3.6335 0 20 3.6335 1
gene 3 12 4 3.86088 0 21 3.86088 1
gene 2 1 12 0.783099 0 82 0.783099 1
gene 3 3 38 5.18251 0 93 5.18251 1
gene 1 38 4 3.24045 0 94 3.24045 1
gene 1 2 12 -4.9556 0 241 -4.9556 1
genomeend 55

/* Organism #56 Fitness: 1.01553 Error: 2.99227 */
genomestart 56
trait 1 0.05 0 0 0 0.0371582 0.46758 0 0 
trait 2 0.2 0.198171 0 0.660983 0 0.233403 0 0.672093 
trait 3 0.3 0 0 0 0 0 0 0 
node 1 3 1 3
node 2 2 1 1
node 3 3 1 1
node 4 1 0 2
node 12 3 0 0
node 38 1 0 0
gene 1 1 4 -5.23722 0 1 -5.23722 1
gene 3 2 4 1.59968 0 2 1.59968 1
gene 3 3 4 1.06853 0 3 1.06853 1
gene 1 3 12 1.99384 0 20 1.99384 1
gene 3 12 4 5.0654 0 21 5.0654 1
gene 2 1 12 0.953732 0 82 0.953732 1
gene 3 3 38 0.247727 0 93 0.247727 1
gene 1 38 4 5.26872 0 94 5.26872 1
gene 1 2 12 -6.17456 0 241 -6.17456 1
genomeend 56

/* Organism #57 Fitness: 5.17696 Error: 1.72471 */
genomestart 57
trait 1 0.05 0 0 0 0.0371582 0.46758 0 0 
trait 2 0.2 0 0 0 0 0 0 0 
trait 3 0.3 0 0 0 0 0 0 0 
node 1 3 1 3
node 2 2 1 1
node 3 3 1 1
node 4 1 0 2
node 12 3 0 0
node 38 1 0 0
gene 1 1 4 -8 0 1 -8 1
gene 2 2 4 -6.92819 0 2 -6.92819 1
gene 3 3 4 1.82981 0 3 1.82981 1
gene 1 3 12 2.29039 0 20 2.29039 1
gene 3 12 4 2.75702 0 21 2.75702 1
gene 2 1 12 -1.55546 0 82 -1.55546 1
gene 3 3 38 7.75123 0 93 7.75123 1
gene 1 38 4 3.28859 0 94 3.28859 1
gene 2 2 12 -3.53567 0 241 -3.53567 1
genomeend 57

/* Organism #58 Fitness: 1.00013 Error: 2.99994 */
genomestart 58
trait 1 0.05 0 0 0 0.0371582 0.46758 0 0 
trait 2 0.2 0.132114 0 0.440655 0 0.155602 0 0.448062 
trait 3 0.3 0 0 0 0 0 0 0 
node 1 3 1 3
node 2 2 1 1
node 3 3 1 1
node 4 2 0 2
node 12 3 0 0
node 38 1 0 0
gene 1 1 4 -0.907733 0 1 -0.907733 1
gene 2 2 4 -4.87115 0 2 -4.87115 1
gene 3 3 4 1.46785 0 3 1.46785 1
gene 1 3 12 2.56727 0 20 2.56727 1
gene 3 12 4 0.625427 0 21 0.625427 1
gene 2 1 12 1.4563 0 82 1.4563 1
gene 3 3 38 7.02252 0 93 7.02252 1
gene 1 38 4 5.69579 0 94 5.69579 1
gene 1 2 12 -0.956314 0 241 -0.956314 1
genomeend 58

/* Organism #59 Fitness: 1.14784 Error: 2.92863 */
genomestart 59
trait 1 0.05 0 0 0 0.0371582 0.46758 0 0 
trait 2 0.2 0 0 0 0 0 0 0 
trait 3 0.3 0 0 0 0 0 0 0 
node 1 3 1 3
node 2 2 1 1
node 3 3 1 1
node 4 1 0 2
node 12 3 0 0
node 38 1 0 0
gene 1 1 4 -6.27572 0 1 -6.27572 1
gene 2 2 4 -6.61785 0 2 -6.61785 1
gene 3 3 4 2.67642 0 3 2.67642 1
gene 1 3 12 3.60036 0 20 3.60036 1
gene 3 12 4 6.05147 0 21 6.05147 1
gene 2 1 12 1.36527 0 82 1.36527 1
gene 3 3 38 4.6931 0 93 4.6931 1
gene 1 38 4 4.68682 0 94 4.68682 1
gene 1 2 12 1.74506 0 241 1.74506 1
genomeend 59

/* Species #10 : (Size 9) (AF 7.87636) (Age 27)  */


/* Organism #60 Fitness: 9 Error: 1 */
genomestart 60
trait 1 0.1 0 0 0 0 0 0 0 
trait 2 0.284152 0 0 0.537028 0.971121 0 0 0.269204 
trait 3 0.3 0 0 0 0 0 0.826761 0 
node 1 1 1 3
node 2 2 1 1
node 3 2 1 1
node 4 1 0 2
node 12 3 0 0
node 56 1 0 0
gene 1 1 4 -5.80509 0 1 -5.80509 1
gene 2 2 4 8 0 2 8 1
gene 3 3 4 6.8509 0 3 6.8509 1
gene 1 3 12 -1.17917 0 20 -1.17917 1
gene 3 12 4 -4.38348 0 21 -4.38348 1
gene 2 1 12 -1.78287 0 82 -1.78287 1
gene 3 3 56 5.53368 0 148 5.53368 1
gene 3 56 4 3.71253 0 149 3.71253 1
genomeend 60

/* Organism #61 Fitness: 9 Error: 1 */
genomestart 61
trait 1 0.1 0 0 0 0 0 0 0 
trait 2 0.284152 0 0 0.537028 0.971121 0 0 0.269204 
trait 3 0.3 0 0 0 0 0 0.826761 0 
node 1 1 1 3
node 2 2 1 1
node 3 2 1 1
node 4 1 0 2
node 12 3 0 0
node 56 1 0 0
gene 1 1 4 -3.352 0 1 -3.352 1
gene 2 2 4 7.23829 0 2 7.23829 1
gene 3 3 4 8 0 3 8 1
gene 1 3 12 -3.66382 0 20 -3.66382 1
gene 3 12 4 -1.52283 0 21 -1.52283 1
gene 2 1 12 2.4903 0 82 2.4903 1
gene 3 3 56 -1.09631 0 148 -1.09631 1
gene 3 56 4 3.39065 0 149 3.39065 1
genomeend 61

/* Organism #62 Fitness: 8.99562 Error: 1.00073 */
genomestart 62
trait 1 0.1 0 0 0 0 0 0 0 
trait 2 0.284152 0 0 0.537028 0.971121 0 0 0.269204 
trait 3 0.3 0 0 0 0 0 0.826761 0 
node 1 1 1 3
node 2 2 1 1
node 3 2 1 1
node 4 1 0 2
node 12 3 0 0
node 56 1 0 0
gene 1 1 4 -3.92416 0 1 -3.92416 1
gene 2 2 4 8 0 2 8 1
gene 3 3 4 6.40514 0 3 6.40514 1
gene 1 3 12 -1.97007 0 20 -1.97007 1
gene 3 12 4 -5.90354 0 21 -5.90354 1
gene 2 1 12 -0.969504 0 82 -0.969504 1
gene 3 3 56 7.03327 0 148 7.03327 1
gene 3 56 4 5.01385 0 149 5.01385 1
genomeend 62

/* Organism #63 Fitness: 8.99912 Error: 1.00015 */
genomestart 63
trait 1 0.1 0 0 0 0 0 0 0 
trait 2 0.284152 0 0 0.537028 0.971121 0 0 0.269204 
trait 3 0.3 0 0 0 0 0 0.826761 0 
node 1 1 1 3
node 2 2 1 1
node 3 2 1 1
node 4 1 0 2
node 12 3 0 0
node 56 1 0 0
gene 1 1 4 -2.44882 0 1 -2.44882 1
gene 2 2 4 7.82786 0 2 7.82786 1
gene 3 3 4 7.70307 0 3 7.70307 1
gene 1 3 12 -0.585198 0 20 -0.585198 1
gene 3 12 4 -2.19035 0 21 -2.19035 1
gene 2 1 12 -1.90017 0 82 -1.90017 1
gene 3 3 56 -0.10451 0 148 -0.10451 1
gene 3 56 4 1.31511 0 149 1.31511 1
genomeend 63

/* Organism #64 Fitness: 9 Error: 1 */
genomestart 64
trait 1 0.1 0 0.226949 0 0 0 0.977969 0 
trait 2 0.284152 0 0 0.537028 0.971121 0 0 0.269204 
trait 3 0.3 0 0 0 0 0 0.826761 0 
node 1 1 1 3
node 2 2 1 1
node 3 2 1 1
node 4 1 0 2
node 12 3 0 0
node 56 1 0 0
gene 1 1 4 -5.42146 0 1 -5.42146 1
gene 2 2 4 8 0 2 8 1
gene 3 3 4 5.29652 0 3 5.29652 1
gene 1 3 12 1.25828 0 20 1.25828 1
gene 3 12 4 -2.11536 0 21 -2.11536 1
gene 2 1 12 -3.45358 0 82 -3.45358 1
gene 3 3 56 6.77768 0 148 6.77768 1
gene 3 56 4 3.87133 0 149 3.87133 1
genomeend 64

/* Organism #65 Fitness: 9 Error: 1 */
genomestart 65
trait 1 0.1 0 0 0 0 0 0 0 
trait 2 0.284152 0 0 0.537028 0.971121 0 0 0.269204 
trait 3 0.3 0 0 0 0 0 0.826761 0 
node 1 1 1 3
node 2 2 1 1
node 3 2 1 1
node 4 1 0 2
node 12 3 0 0
node 56 1 0 0
gene 1 1 4 -5.80509 0 1 -5.80509 1
gene 2 2 4 8 0 2 8 1
gene 3 3 4 6.8509 0 3 6.8509 1
gene 1 3 12 -1.17917 0 20 -1.17917 1
gene 3 12 4 -4.38348 0 21 -4.38348 1
gene 2 1 12 -1.78287 0 82 -1.78287 1
gene 3 3 56 5.53368 0 148 5.53368 1
gene 3 56 4 3.71253 0 149 3.71253 1
gene 3 1 56 -0.258992 0 406 -0.258992 1
genomeend 65

/* Organism #66 Fitness: 8.99985 Error: 1.00002 */
genomestart 66
trait 1 0.1 0 0 0 0 0 0 0 
trait 2 0.284152 0 0 0.537028 0.971121 0 0 0.269204 
trait 3 0.3 0 0 0 0 0 0.826761 0 
node 1 1 1 3
node 2 2 1 1
node 3 2 1 1
node 4 1 0 2
node 12 3 0 0
node 56 1 0 0
gene 1 1 4 -3.49929 0 1 -3.49929 1
gene 2 2 4 8 0 2 8 1
gene 3 3 4 6.3741 0 3 6.3741 1
gene 1 3 12 -2.30494 0 20 -2.30494 1
gene 3 12 4 -6.76848 0 21 -6.76848 1
gene 2 1 12 -0.768739 0 82 -0.768739 1
gene 3 3 56 3.28685 0 148 3.28685 1
gene 3 56 4 2.99098 0 149 2.99098 1
genomeend 66

/* Organism #67 Fitness: 3.99727 Error: 2.00068 */
genomestart 67
trait 1 0.1 0 0 0 0 0 0 0 
trait 2 0.284152 0 0 0.537028 0.971121 0 0 0.269204 
trait 3 0.3 0 0 0 0 0 0.826761 0 
node 1 1 1 3
node 2 2 1 1
node 3 2 1 1
node 4 1 0 2
node 12 3 0 0
node 56 1 0 0
gene 1 1 4 -7.73215 0 1 -7.73215 1
gene 2 2 4 0.974624 0 2 0.974624 1
gene 3 3 4 7.04679 0 3 7.04679 1
gene 1 3 12 -1.17917 0 20 -1.17917 1
gene 3 12 4 -2.31148 0 21 -2.31148 1
gene 2 1 12 0.655379 0 82 0.655379 1
gene 3 3 56 6.96816 0 148 6.96816 1
gene 3 56 4 2.32648 0 149 2.32648 1
genomeend 67

/* Organism #68 Fitness: 3.89536 Error: 2.02633 */
genomestart 68
trait 1 0.1 0 0 0 0 0 0 0 
trait 2 0.284152 0 0 0.537028 0.971121 0 0 0.269204 
trait 3 0.3 0 0 0 0 0 0.826761 0 
node 1 1 1 3
node 2 2 1 1
node 3 2 1 1
node 4 1 0 2
node 12 3 0 0
node 56 1 0 0
gene 1 1 4 -1.79575 0 1 -1.79575 1
gene 2 2 4 -0.924288 0 2 -0.924288 1
gene 3 3 4 6.24604 0 3 6.24604 1
gene 1 3 12 -0.580594 0 20 -0.580594 1
gene 3 12 4 -6.36939 0 21 -6.36939 1
gene 2 1 12 -1.48257 0 82 -1.48257 1
gene 3 3 56 7.623 0 148 7.623 1
gene 3 56 4 2.13831 0 149 2.13831 1
genomeend 68

/* Species #11 : (Size 9) (AF 10.5061) (Age 27)  */


/* Organism #69 Fitness: 11.8592 Error: 0.556288 */
genomestart 69
trait 1 0.1 0 0 0 0 0 0 0 
trait 2 0.2 0 0.315888 0 0.209139 0 0.282909 0 
trait 3 0.3 0 0 0 0 0 0 0 
node 1 3 1 3
node 2 2 1 1
node 3 2 1 1
node 4 1 0 2
node 12 1 0 0
node 36 1 0 0
gene 1 1 4 -2.35153 0 1 -2.35153 1
gene 2 2 4 -2.79925 0 2 -2.79925 1
gene 3 3 4 -2.80241 0 3 -2.80241 1
gene 3 3 12 1.71748 0 20 1.71748 0
gene 3 12 4 8 0 21 8 1
gene 3 3 36 -3.80643 0 89 -3.80643 1
gene 3 36 12 -8 0 90 -8 1
gene 1 2 36 -6.39164 0 123 -6.39164 1
gene 1 1 12 1.84596 0 166 1.84596 1
genomeend 69

/* Organism #70 Fitness: 10.1294 Error: 0.817335 */
genomestart 70
trait 1 0.1 0 0 0 0 0 0 0 
trait 2 0.2 0 0.315888 0 0.209139 0 0.282909 0 
trait 3 0.3 0 0 0 0 0 0 0 
node 1 3 1 3
node 2 2 1 1
node 3 2 1 1
node 4 1 0 2
node 12 1 0 0
node 36 1 0 0
gene 1 1 4 -2.77586 0 1 -2.77586 1
gene 2 2 4 -1.87642 0 2 -1.87642 1
gene 3 3 4 -5.50654 0 3 -5.50654 1
gene 3 3 12 2.81828 0 20 2.81828 0
gene 3 12 4 8 0 21 8 1
gene 3 3 36 -3.35786 0 89 -3.35786 1
gene 3 36 12 -8 0 90 -8 1
gene 1 2 36 -7.97944 0 123 -7.97944 1
gene 1 1 12 1.19817 0 166 1.19817 1
genomeend 70

/* Organism #71 Fitness: 8.95089 Error: 1.0082 */
genomestart 71
trait 1 0.1 0 0 0 0 0 0 0 
trait 2 0.2 0 0.315888 0 0.209139 0 0.282909 0 
trait 3 0.3 0 0 0 0 0 0 0 
node 1 3 1 3
node 2 2 1 1
node 3 2 1 1
node 4 1 0 2
node 12 1 0 0
node 36 1 0 0
gene 2 1 4 -1.96258 0 1 -1.96258 1
gene 2 2 4 -2.98762 0 2 -2.98762 1
gene 3 3 4 -6.83854 0 3 -6.83854 1
gene 3 3 12 0.388614 0 20 0.388614 0
gene 3 12 4 7.4177 0 21 7.4177 1
gene 3 3 36 -1.73324 0 89 -1.73324 1
gene 3 36 12 -5.96425 0 90 -5.96425 1
gene 1 2 36 -5.85404 0 123 -5.85404 1
gene 1 1 12 0.280081 0 166 0.280081 1
genomeend 71

/* Organism #72 Fitness: 10.2309 Error: 0.801426 */
genomestart 72
trait 1 0.1 0 0 0 0 0 0 0 
trait 2 0.2 0 0.315888 0 0.209139 0 0.282909 0 
trait 3 0.3 0 0 0 0 0 0 0 
node 1 3 1 3
node 2 2 1 1
node 3 2 1 1
node 4 1 0 2
node 12 1 0 0
node 36 1 0 0
gene 1 1 4 -2.77586 0 1 -2.77586 1
gene 2 2 4 -1.87642 0 2 -1.87642 1
gene 3 3 4 -5.50654 0 3 -5.50654 1
gene 3 3 12 2.81828 0 20 2.81828 0
gene 3 12 4 8 0 21 8 1
gene 3 3 36 -3.35786 0 89 -3.35786 1
gene 3 36 12 -8 0 90 -8 1
gene 1 2 36 -7.97944 0 123 -7.97944 1
gene 1 1 12 1.84596 0 166 1.84596 1
genomeend 72

/* Organism #73 Fitness: 10.1294 Error: 0.81732 */
genomestart 73
trait 1 0.1 0 0 0 0 0 0 0 
trait 2 0.2 0 0.315888 0 0.209139 0 0.282909 0 
trait 3 0.3 0 0 0 0 0 0 0 
node 1 3 1 3
node 2 2 1 1
node 3 2 1 1
node 4 1 0 2
node 12 1 0 0
node 36 1 0 0
gene 1 1 4 -2.77586 0 1 -2.77586 1
gene 2 2 4 -2.79925 0 2 -2.79925 1
gene 3 3 4 -5.50654 0 3 -5.50654 1
gene 3 3 12 1.71748 0 20 1.71748 0
gene 3 12 4 8 0 21 8 1
gene 3 3 36 -3.35786 0 89 -3.35786 1
gene 3 36 12 -8 0 90 -8 1
gene 1 2 36 -6.39164 0 123 -6.39164 1
gene 1 1 12 1.19817 0 166 1.19817 1
genomeend 73

/* Organism #74 Fitness: 8.9885 Error: 1.00192 */
genomestart 74
trait 1 0.1 0 0 0 0 0 0 0 
trait 2 0.2 0 0.315888 0 0.209139 0 0.282909 0 
trait 3 0.3 0 0 0 0 0 0 0 
node 1 3 1 3
node 2 2 1 1
node 3 2 1 1
node 4 1 0 2
node 12 1 0 0
node 36 1 0 0
gene 1 1 4 -1.41764 0 1 -1.41764 1
gene 2 2 4 -0.431819 0 2 -0.431819 1
gene 3 3 4 -7.19047 0 3 -7.19047 1
gene 3 3 12 5.22737 0 20 5.22737 0
gene 3 12 4 6.03534 0 21 6.03534 1
gene 3 3 36 -1.00038 0 89 -1.00038 1
gene 3 36 12 -6.94317 0 90 -6.94317 1
gene 1 2 36 -8 0 123 -8 1
gene 1 1 12 2.72329 0 166 2.72329 1
genomeend 74

/* Organism #75 Fitness: 15.9423 Error: 0.00722239 */
/* ##------$ WINNER 75 SPECIES #11 $------## */
genomestart 75
trait 1 0.1 0 0 0 0 0 0 0 
trait 2 0.2 0 0.315888 0 0.209139 0 0.282909 0 
trait 3 0.3 0 0 0 0 0 0 0 
node 1 3 1 3
node 2 2 1 1
node 3 2 1 1
node 4 1 0 2
node 12 1 0 0
node 36 1 0 0
gene 1 1 4 -2.5637 0 1 -2.5637 1
gene 2 2 4 -2.33783 0 2 -2.33783 1
gene 3 3 4 -4.15447 0 3 -4.15447 1
gene 3 3 12 2.26788 0 20 2.26788 0
gene 3 12 4 8 0 21 8 1
gene 3 3 36 -3.58215 0 89 -3.58215 1
gene 3 36 12 -8 0 90 -8 1
gene 1 2 36 -7.18554 0 123 -7.18554 1
gene 1 1 12 1.52206 0 166 1.52206 1
genomeend 75

/* Organism #76 Fitness: 2.40751 Error: 2.44839 */
genomestart 76
trait 1 0.1 0 0 0 0 0 0 0 
trait 2 0.2 0 0.315888 0 0.209139 0 0.282909 0 
trait 3 0.3 0 0 0 0 0 0 0 
node 1 3 1 3
node 2 2 1 1
node 3 2 1 1
node 4 1 0 2
node 12 1 0 0
node 36 1 0 0
gene 1 1 4 -0.496851 0 1 -0.496851 1
gene 2 2 4 1.05607 0 2 1.05607 1
gene 3 3 4 -7.05394 0 3 -7.05394 1
gene 3 3 12 3.50441 0 20 3.50441 0
gene 3 12 4 7.58924 0 21 7.58924 1
gene 3 3 36 -2.65336 0 89 -2.65336 1
gene 3 36 12 1.94004 0 90 1.94004 1
gene 1 2 36 -6.39164 0 123 -6.39164 1
gene 1 1 12 2.28163 0 166 2.28163 1
genomeend 76

/* Organism #77 Fitness: 15.9173 Error: 0.0103519 */
/* ##------$ WINNER 77 SPECIES #11 $------## */
genomestart 77
trait 1 0.1 0 0 0 0 0 0 0 
trait 2 0.2 0 0.315888 0 0.209139 0 0.282909 0 
trait 3 0.3 0 0 0 0 0 0 0 
node 1 3 1 3
node 2 2 1 1
node 3 2 1 1
node 4 1 0 2
node 12 1 0 0
node 36 1 0 0
gene 1 1 4 -1.37112 0 1 -1.37112 1
gene 2 2 4 -3.00588 0 2 -3.00588 1
gene 3 3 4 -3.74927 0 3 -3.74927 1
gene 3 3 12 -0.563273 0 20 -0.563273 0
gene 3 12 4 6.08579 0 21 6.08579 1
gene 3 3 36 -5.07171 0 89 -5.07171 1
gene 3 36 12 -8 0 90 -8 1
gene 1 2 36 -8 0 123 -8 1
gene 1 1 12 1.33176 0 166 1.33176 1
genomeend 77

/* Species #12 : (Size 6) (AF 6.09506) (Age 24)  */


/* Organism #78 Fitness: 9 Error: 1 */
genomestart 78
trait 1 0.05 0 0 0 0 0 0 0 
trait 2 0.2 0 0 0 0 0 0 0 
trait 3 0.3 0.00296814 0 0 0 0 0.00174641 0 
node 1 1 1 3
node 2 2 1 1
node 3 2 1 1
node 4 1 0 2
node 12 1 0 0
node 36 1 0 0
node 64 1 0 0
node 86 1 0 0
gene 1 1 4 -4.00843 0 1 -4.00843 1
gene 2 2 4 6.43783 0 2 6.43783 1
gene 3 3 4 -6.22411 0 3 -6.22411 1
gene 3 3 12 -2.67997 0 20 -2.67997 1
gene 3 12 4 0.410357 0 21 0.410357 1
gene 3 3 36 0.652369 0 89 0.652369 1
gene 3 36 12 4.20267 0 90 4.20267 1
gene 3 1 36 -0.695589 0 122 -0.695589 1
gene 3 12 64 0.829363 0 172 0.829363 1
gene 3 64 4 0.560693 0 173 0.560693 1
gene 2 36 64 0.0910928 0 183 0.0910928 1
gene 3 3 86 -0.519781 0 235 -0.519781 1
gene 3 86 36 -0.648468 0 236 -0.648468 1
gene 2 1 86 -0.550603 0 344 -0.550603 1
gene 3 36 4 -0.669663 0 387 -0.669663 1
genomeend 78

/* Organism #79 Fitness: 4 Error: 2 */
genomestart 79
trait 1 0.05 0 0 0 0 0 0 0 
trait 2 0.2 0 0 0 0 0 0 0 
trait 3 0.3 0.00296814 0 0 0 0 0.00174641 0 
node 1 1 1 3
node 2 2 1 1
node 3 2 1 1
node 4 1 0 2
node 12 1 0 0
node 36 1 0 0
node 64 1 0 0
node 86 1 0 0
gene 1 1 4 -4.92659 0 1 -4.92659 1
gene 2 2 4 -1.88705 0 2 -1.88705 1
gene 3 3 4 -0.453833 0 3 -0.453833 1
gene 3 3 12 -0.356969 0 20 -0.356969 1
gene 3 12 4 1.93461 0 21 1.93461 1
gene 3 3 36 3.08351 0 89 3.08351 1
gene 3 36 12 4.20267 0 90 4.20267 1
gene 3 1 36 -0.695589 0 122 -0.695589 1
gene 3 12 64 0.173102 0 172 0.173102 1
gene 3 64 4 -0.400749 0 173 -0.400749 1
gene 2 36 64 -1.76315 0 183 -1.76315 1
gene 3 3 86 0.455276 0 235 0.455276 1
gene 3 86 36 -1.45224 0 236 -1.45224 1
gene 2 1 86 -0.550603 0 344 -0.550603 1
genomeend 79

/* Organism #80 Fitness: 8.9788 Error: 1.00354 */
genomestart 80
trait 1 0.05 0 0 0 0 0 0 0 
trait 2 0.2 0 0 0 0 0 0 0 
trait 3 0.3 0.00296814 0 0 0 0 0.00174641 0 
node 1 1 1 3
node 2 2 1 1
node 3 2 1 1
node 4 1 0 2
node 12 1 0 0
node 36 1 0 0
node 64 1 0 0
node 86 1 0 0
gene 1 1 4 -3.84185 0 1 -3.84185 1
gene 2 2 4 7.30829 0 2 7.30829 1
gene 3 3 4 -5.26529 0 3 -5.26529 1
gene 3 3 12 -4.57153 0 20 -4.57153 1
gene 3 12 4 -0.997932 0 21 -0.997932 1
gene 3 3 36 -0.646051 0 89 -0.646051 1
gene 3 36 12 4.96079 0 90 4.96079 1
gene 3 1 36 -1.4022 0 122 -1.4022 1
gene 3 12 64 1.90309 0 172 1.90309 1
gene 3 64 4 1.30569 0 173 1.30569 1
gene 2 36 64 1.88153 0 183 1.88153 1
gene 3 3 86 -0.65615 0 235 -0.65615 1
gene 3 86 36 1.45733 0 236 1.45733 1
gene 2 1 86 0.353619 0 344 0.353619 1
gene 3 36 4 -0.694274 0 387 -0.694274 1
genomeend 80

/* Organism #81 Fitness: 7.05067 Error: 1.34469 */
genomestart 81
trait 1 0.05 0.227993 0 0 0.666384 0.786379 0.587899 0.678286 
trait 2 0.2 0 0 0 0 0 0 0 
trait 3 0.3 0.00296814 0 0 0 0 0.00174641 0 
node 1 1 1 3
node 2 2 1 1
node 3 2 1 1
node 4 1 0 2
node 12 1 0 0
node 36 1 0 0
node 64 1 0 0
node 86 1 0 0
gene 1 1 4 -3.81547 0 1 -3.81547 1
gene 2 2 4 4.58777 0 2 4.58777 1
gene 3 3 4 -8 0 3 -8 1
gene 3 3 12 -5.0772 0 20 -5.0772 1
gene 3 12 4 1.85856 0 21 1.85856 1
gene 3 3 36 0.643918 0 89 0.643918 1
gene 3 36 12 2.50807 0 90 2.50807 1
gene 3 1 36 -1.28051 0 122 -1.28051 1
gene 3 12 64 2.25728 0 172 2.25728 1
gene 3 64 4 -1.57718 0 173 -1.57718 1
gene 2 36 64 1.05553 0 183 1.05553 1
gene 3 3 86 -1.40674 0 235 -1.40674 1
gene 3 86 36 -2.79912 0 236 -2.79912 1
gene 2 1 86 2.1591 0 344 2.1591 1
gene 3 36 4 -0.669663 0 387 -0.669663 1
genomeend 81

/* Organism #82 Fitness: 3.54029 Error: 2.11843 */
genomestart 82
trait 1 0.05 0 0 0 0 0 0 0 
trait 2 0.2 0 0 0 0 0 0 0 
trait 3 0.3 0.00296814 0 0 0 0 0.00174641 0 
node 1 1 1 3
node 2 2 1 1
node 3 2 1 1
node 4 1 0 2
node 12 1 0 0
node 36 1 0 0
node 64 1 0 0
node 86 1 0 0
gene 1 1 4 1.53139 0 1 1.53139 1
gene 2 2 4 6.43783 0 2 6.43783 1
gene 3 3 4 -1.19295 0 3 -1.19295 1
gene 3 3 12 -2.67997 0 20 -2.67997 1
gene 3 12 4 -1.87344 0 21 -1.87344 1
gene 3 3 36 2.14858 0 89 2.14858 1
gene 3 36 12 2.58161 0 90 2.58161 1
gene 3 1 36 -1.1215 0 122 -1.1215 1
gene 3 12 64 1.10197 0 172 1.10197 1
gene 3 64 4 -1.02211 0 173 -1.02211 1
gene 2 36 64 1.10448 0 183 1.10448 1
gene 3 3 86 -0.519781 0 235 -0.519781 1
gene 3 86 36 -0.624105 0 236 -0.624105 1
gene 2 1 86 -2.01164 0 344 -2.01164 1
gene 3 36 4 0.404388 0 387 0.404388 1
genomeend 82

/* Organism #83 Fitness: 4.00062 Error: 1.99985 */
genomestart 83
trait 1 0.05 0 0 0 0 0 0 0 
trait 2 0.2 0 0 0 0 0 0 0 
trait 3 0.3 0.00296814 0 0 0 0 0.00174641 0 
node 1 1 1 3
node 2 2 1 1
node 3 2 1 1
node 4 1 0 2
node 12 1 0 0
node 36 1 0 0
node 64 1 0 0
node 86 1 0 0
gene 1 1 4 -2.36712 0 1 -2.36712 1
gene 2 2 4 5.93004 0 2 5.93004 1
gene 3 3 4 -2.36026 0 3 -2.36026 1
gene 3 3 12 -3.56937 0 20 -3.56937 1
gene 3 12 4 -0.377834 0 21 -0.377834 1
gene 3 3 36 1.21724 0 89 1.21724 1
gene 3 36 12 3.87346 0 90 3.87346 1
gene 3 1 36 0.853789 0 122 0.853789 1
gene 3 12 64 -0.0461949 0 172 -0.0461949 1
gene 3 64 4 1.08772 0 173 1.08772 1
gene 2 36 64 0.257914 0 183 0.257914 1
gene 3 3 86 1.34411 0 235 1.34411 1
gene 3 86 36 0.160285 0 236 0.160285 1
gene 1 1 86 -2.74438 0 344 -2.74438 1
genomeend 83

/* Species #13 : (Size 8) (AF 5.56944) (Age 23)  */


/* Organism #84 Fitness: 9.03241 Error: 0.994603 */
genomestart 84
trait 1 0.1 0 0.125318 0 0 0.20103 0 0 
trait 2 0.2 0 0 0 0.187785 0 0.333718 0 
trait 3 0.3 0 0 0 0 0 0 0 
node 1 2 1 3
node 2 2 1 1
node 3 1 1 1
node 4 3 0 2
node 18 2 0 0
node 72 1 0 0
gene 1 1 4 2.36841 0 1 2.36841 1
gene 1 2 4 0.675097 0 2 0.675097 1
gene 3 3 4 0.876357 0 3 0.876357 1
gene 1 2 18 8 0 36 8 1
gene 1 18 4 -4.73941 0 37 -4.73941 1
gene 3 3 18 -2.26184 0 131 -2.26184 1
gene 1 1 18 0.515666 0 171 0.515666 1
gene 3 3 72 -2.99458 0 196 -2.99458 1
gene 3 72 4 5.48095 0 197 5.48095 1
genomeend 84

/* Organism #85 Fitness: 8.42687 Error: 1.09709 */
genomestart 85
trait 1 0.05 0.0225941 0.125318 0 0 0.20103 0 0 
trait 2 0.2 0 0 0 0.187785 0 0.333718 0 
trait 3 0.3 0 0 0 0 0 0 0 
node 1 2 1 3
node 2 2 1 1
node 3 1 1 1
node 4 3 0 2
node 18 2 0 0
node 72 1 0 0
gene 1 1 4 1.65379 0 1 1.65379 1
gene 1 2 4 2.63101 0 2 2.63101 1
gene 3 3 4 0.691653 0 3 0.691653 1
gene 1 2 18 7.63053 0 36 7.63053 1
gene 1 18 4 -5.18978 0 37 -5.18978 1
gene 3 3 18 -2.22964 0 131 -2.22964 1
gene 1 1 18 0.515666 0 171 0.515666 1
gene 3 3 72 0.673451 0 196 0.673451 1
gene 3 72 4 5.40637 0 197 5.40637 1
genomeend 85

/* Organism #86 Fitness: 4.06042 Error: 1.98495 */
genomestart 86
trait 1 0.05 0.0225941 0.125318 0 0 0.20103 0 0 
trait 2 0.2 0 0 0 0.187785 0 0.333718 0 
trait 3 0.3 0 0 0 0 0 0 0 
node 1 2 1 3
node 2 2 1 1
node 3 1 1 1
node 4 3 0 2
node 18 2 0 0
node 72 1 0 0
gene 1 1 4 3.32551 0 1 3.32551 1
gene 1 2 4 -1.75579 0 2 -1.75579 1
gene 3 3 4 2.43664 0 3 2.43664 1
gene 1 2 18 6.98724 0 36 6.98724 1
gene 1 18 4 -3.18083 0 37 -3.18083 1
gene 3 3 18 -3.04283 0 131 -3.04283 1
gene 1 1 18 0.970793 0 171 0.970793 1
gene 3 3 72 -1.29174 0 196 -1.29174 1
gene 3 72 4 6.02993 0 197 6.02993 1
genomeend 86

/* Organism #87 Fitness: 4.00776 Error: 1.99806 */
genomestart 87
trait 1 0.05 0.0225941 0.125318 0 0 0.20103 0 0 
trait 2 0.2 0 0 0 0.187785 0 0.333718 0 
trait 3 0.3 0 0 0 0 0 0 0 
node 1 2 1 3
node 2 2 1 1
node 3 1 1 1
node 4 3 0 2
node 18 2 0 0
node 72 1 0 0
gene 1 1 4 1.94723 0 1 1.94723 1
gene 1 2 4 0.0939802 0 2 0.0939802 1
gene 3 3 4 1.77275 0 3 1.77275 1
gene 1 2 18 8 0 36 8 1
gene 1 18 4 -6.67779 0 37 -6.67779 1
gene 3 3 18 -3.78364 0 131 -3.78364 1
gene 1 1 18 -1.75744 0 171 -1.75744 1
gene 3 3 72 -2.40699 0 196 -2.40699 1
gene 3 72 4 -1.35656 0 197 -1.35656 1
genomeend 87

/* Organism #88 Fitness: 5.04821 Error: 1.75318 */
genomestart 88
trait 1 0.05 0.0225941 0.125318 0 0 0.20103 0 0 
trait 2 0.2 0 0 0 0.187785 0 0.333718 0 
trait 3 0.3 0 0 0 0 0 0 0 
node 1 2 1 3
node 2 2 1 1
node 3 1 1 1
node 4 3 0 2
node 18 2 0 0
node 72 1 0 0
gene 1 1 4 1.35562 0 1 1.35562 1
gene 1 2 4 2.81287 0 2 2.81287 1
gene 3 3 4 -1.57425 0 3 -1.57425 1
gene 1 2 18 5.60886 0 36 5.60886 1
gene 1 18 4 -3.98416 0 37 -3.98416 1
gene 3 3 18 -0.268976 0 131 -0.268976 1
gene 1 1 18 -1.02245 0 171 -1.02245 1
gene 3 3 72 -2.11746 0 196 -2.11746 1
gene 3 72 4 4.34439 0 197 4.34439 1
genomeend 88

/* Organism #89 Fitness: 4 Error: 2 */
genomestart 89
trait 1 0.1 0 0.125318 0 0 0.20103 0 0 
trait 2 0.2 0 0 0 0.187785 0 0.333718 0 
trait 3 0.3 0 0 0 0 0 0 0 
node 1 2 1 3
node 2 2 1 1
node 3 1 1 1
node 4 3 0 2
node 18 2 0 0
node 72 1 0 0
gene 1 1 4 2.36841 0 1 2.36841 1
gene 1 2 4 0.675097 0 2 0.675097 1
gene 3 3 4 3.28952 0 3 3.28952 1
gene 1 2 18 -2.1249 0 36 -2.1249 1
gene 1 18 4 -2.31165 0 37 -2.31165 1
gene 3 3 18 -0.983793 0 131 -0.983793 1
gene 1 1 18 -1.42607 0 171 -1.42607 1
gene 3 3 72 -2.21619 0 196 -2.21619 1
gene 3 72 4 7.76183 0 197 7.76183 1
genomeend 89

/* Organism #90 Fitness: 8.93733 Error: 1.01046 */
genomestart 90
trait 1 0.05 0.0225941 0.125318 0 0 0.20103 0 0 
trait 2 0.2 0 0 0 0.187785 0 0.333718 0 
trait 3 0.3 0 0 0 0 0 0 0 
node 1 2 1 3
node 2 2 1 1
node 3 1 1 1
node 4 3 0 2
node 18 2 0 0
node 72 1 0 0
gene 1 1 4 1.18729 0 1 1.18729 1
gene 1 2 4 -0.226019 0 2 -0.226019 1
gene 3 3 4 0.509303 0 3 0.509303 1
gene 1 2 18 5.55366 0 36 5.55366 1
gene 1 18 4 -3.45187 0 37 -3.45187 1
gene 3 3 18 -2.80494 0 131 -2.80494 1
gene 1 1 18 2.50369 0 171 2.50369 1
gene 3 3 72 -5.08394 0 196 -5.08394 1
gene 3 72 4 6.96887 0 197 6.96887 1
genomeend 90

/* Organism #91 Fitness: 1.04252 Error: 2.97896 */
genomestart 91
trait 1 0.1 0 0.125318 0 0 0.20103 0 0 
trait 2 0.2 0 0 0 0.187785 0 0.333718 0 
trait 3 0.3 0 0 0 0 0 0 0 
node 1 2 1 3
node 2 2 1 1
node 3 1 1 1
node 4 3 0 2
node 18 2 0 0
node 72 1 0 0
node 136 1 0 0
gene 1 1 4 2.04218 0 1 2.04218 1
gene 1 2 4 -4.20283 0 2 -4.20283 1
gene 3 3 4 0.524056 0 3 0.524056 0
gene 1 2 18 -0.187073 0 36 -0.187073 1
gene 1 18 4 -2.83743 0 37 -2.83743 1
gene 3 3 18 -0.584156 0 131 -0.584156 0
gene 1 1 18 1.2292 0 171 1.2292 1
gene 3 3 72 -1.24214 0 196 -1.24214 1
gene 3 72 4 6.35505 0 197 6.35505 1
gene 3 3 136 2.37057 0 388 2.37057 1
gene 3 136 18 0.980112 0 389 0.980112 1
genomeend 91

/* Species #14 : (Size 8) (AF 7.85377) (Age 21)  */


/* Organism #92 Fitness: 9 Error: 1 */
genomestart 92
trait 1 0.1 0 0.125318 0 0 0.20103 0 0 
trait 2 0.2 0 0 0 0.187785 0 0.333718 0 
trait 3 0.65 0 0 0 0.324612 0 0 0.104986 
node 1 2 1 3
node 2 3 1 1
node 3 1 1 1
node 4 3 0 2
node 18 1 0 0
gene 1 1 4 -5.82942 0 1 -5.82942 1
gene 1 2 4 -3.92419 0 2 -3.92419 1
gene 3 3 4 5.21137 0 3 5.21137 1
gene 1 2 18 -3.39976 0 36 -3.39976 1
gene 1 18 4 4.35033 0 37 4.35033 1
gene 3 3 18 2.10978 0 131 2.10978 1
gene 3 1 18 -0.597363 0 205 -0.597363 1
genomeend 92

/* Organism #93 Fitness: 4.00001 Error: 2 */
genomestart 93
trait 1 0.1 0 0.125318 0 0 0.20103 0 0 
trait 2 0.2 0 0 0 0.187785 0 0.333718 0 
trait 3 0.65 0 0 0 0.324612 0 0 0.104986 
node 1 2 1 3
node 2 3 1 1
node 3 1 1 1
node 4 3 0 2
node 18 1 0 0
gene 1 1 4 -7.84949 0 1 -7.84949 1
gene 1 2 4 -4.32503 0 2 -4.32503 1
gene 3 3 4 0.421508 0 3 0.421508 1
gene 1 2 18 -5.24722 0 36 -5.24722 1
gene 1 18 4 4.69739 0 37 4.69739 1
gene 3 3 18 2.44435 0 131 2.44435 1
gene 3 1 18 -0.386234 0 205 -0.386234 1
genomeend 93

/* Organism #94 Fitness: 8.38868 Error: 1.10368 */
genomestart 94
trait 1 0.1 0 0.125318 0 0 0.20103 0 0 
trait 2 0.2 0.375205 0 0 0.187785 0 0.333718 0 
trait 3 0.65 0 0 0 0.324612 0 0 0.104986 
node 1 2 1 3
node 2 3 1 1
node 3 1 1 1
node 4 3 0 2
node 18 1 0 0
gene 1 1 4 -4.61504 0 1 -4.61504 1
gene 1 2 4 -7.28307 0 2 -7.28307 1
gene 3 3 4 7.87444 0 3 7.87444 1
gene 1 2 18 -2.75602 0 36 -2.75602 1
gene 1 18 4 3.86346 0 37 3.86346 1
gene 3 3 18 3.67707 0 131 3.67707 1
gene 3 1 18 -0.401648 0 205 -0.401648 1
genomeend 94

/* Organism #95 Fitness: 9 Error: 1 */
genomestart 95
trait 1 0.1 0 0.125318 0 0 0.20103 0 0 
trait 2 0.2 0 0 0 0.187785 0 0.333718 0 
trait 3 0.65 0 0 0 0.324612 0 0 0.104986 
node 1 2 1 3
node 2 3 1 1
node 3 1 1 1
node 4 3 0 2
node 18 1 0 0
gene 1 1 4 -7.58151 0 1 -7.58151 1
gene 1 2 4 -7.69154 0 2 -7.69154 1
gene 3 3 4 8 0 3 8 1
gene 1 2 18 -4.45454 0 36 -4.45454 1
gene 1 18 4 3.94874 0 37 3.94874 1
gene 3 3 18 3.86369 0 131 3.86369 1
gene 3 1 18 -0.770461 0 205 -0.770461 1
genomeend 95

/* Organism #96 Fitness: 8.9986 Error: 1.00023 */
genomestart 96
trait 1 0.1 0 0.125318 0 0 0.20103 0 0 
trait 2 0.2 0 0 0 0.187785 0 0.333718 0 
trait 3 0.65 0 0 0 0.324612 0 0 0.104986 
node 1 2 1 3
node 2 3 1 1
node 3 1 1 1
node 4 3 0 2
node 18 1 0 0
gene 1 1 4 -6.13465 0 1 -6.13465 1
gene 1 2 4 -6.25498 0 2 -6.25498 1
gene 3 3 4 7.83354 0 3 7.83354 1
gene 1 2 18 -2.05393 0 36 -2.05393 1
gene 1 18 4 3.79261 0 37 3.79261 1
gene 3 3 18 -2.05825 0 131 -2.05825 1
gene 3 1 18 -1.85833 0 205 -1.85833 1
genomeend 96

/* Organism #97 Fitness: 5.44585 Error: 1.66637 */
genomestart 97
trait 1 0.1 0 0.125318 0 0 0.20103 0 0 
trait 2 0.2 0 0 0 0.187785 0 0.333718 0 
trait 3 0.65 0 0 0 0.324612 0 0 0.104986 
node 1 2 1 3
node 2 3 1 1
node 3 1 1 1
node 4 3 0 2
node 18 1 0 0
gene 1 1 4 -7.80091 0 1 -7.80091 1
gene 1 2 4 -3.04423 0 2 -3.04423 1
gene 3 3 4 7.65961 0 3 7.65961 1
gene 1 2 18 -5.37613 0 36 -5.37613 1
gene 1 18 4 2.30482 0 37 2.30482 1
gene 3 3 18 -0.332196 0 131 -0.332196 1
gene 3 1 18 -1.28102 0 205 -1.28102 1
genomeend 97

/* Organism #98 Fitness: 8.99721 Error: 1.00047 */
genomestart 98
trait 1 0.1 0 0.125318 0 0 0.20103 0 0 
trait 2 0.2 0 0 0 0.187785 0 0.333718 0 
trait 3 0.65 0 0 0 0.324612 0 0 0.104986 
node 1 2 1 3
node 2 3 1 1
node 3 1 1 1
node 4 3 0 2
node 18 1 0 0
gene 1 1 4 -7.73211 0 1 -7.73211 1
gene 1 2 4 -6.13119 0 2 -6.13119 1
gene 3 3 4 8 0 3 8 1
gene 1 2 18 -0.964943 0 36 -0.964943 1
gene 1 18 4 1.29005 0 37 1.29005 1
gene 3 3 18 3.5056 0 131 3.5056 1
gene 3 1 18 -1.1159 0 205 -1.1159 1
genomeend 98

/* Organism #99 Fitness: 8.99982 Error: 1.00003 */
genomestart 99
trait 1 0.1 0 0.125318 0 0 0.20103 0 0 
trait 2 0.2 0 0 0 0.187785 0 0.333718 0 
trait 3 0.65 0 0 0 0.324612 0 0 0.104986 
node 1 2 1 3
node 2 3 1 1
node 3 1 1 1
node 4 3 0 2
node 18 1 0 0
gene 1 1 4 -4.22399 0 1 -4.22399 1
gene 1 2 4 -3.35084 0 2 -3.35084 1
gene 3 3 4 5.45568 0 3 5.45568 1
gene 1 2 18 -1.98144 0 36 -1.98144 1
gene 1 18 4 4.48634 0 37 4.48634 1
gene 3 3 18 0.63906 0 131 0.63906 1
gene 3 1 18 -0.658747 0 205 -0.658747 1
genomeend 99

/* Species #15 : (Size 9) (AF 7.01432) (Age 17)  */


/* Organism #100 Fitness: 9 Error: 1 */
genomestart 100
trait 1 0.075 0 0 0 0 0 0 0 
trait 2 0.2 0 0.157944 0 0.104569 0 0.141455 0 
trait 3 0.833405 0.137503 0 0.262152 0.943781 0 0 0 
node 1 1 1 3
node 2 2 1 1
node 3 2 1 1
node 4 1 0 2
node 12 1 0 0
node 36 1 0 0
node 87 1 0 0
node 89 3 0 0
gene 1 1 4 -4.80714 0 1 -4.80714 1
gene 2 2 4 8 0 2 8 1
gene 3 3 4 7.02279 0 3 7.02279 1
gene 3 3 12 -0.808108 0 20 -0.808108 0
gene 3 12 4 2.50759 0 21 2.50759 1
gene 3 3 36 2.37603 0 89 2.37603 1
gene 3 36 12 -0.909386 0 90 -0.909386 0
gene 1 1 36 -3.88241 0 122 -3.88241 1
gene 3 36 87 -0.0557874 0 239 -0.0557874 1
gene 3 87 12 -5.35509 0 240 -5.35509 1
gene 2 2 89 -2.6208 0 246 -2.6208 1
gene 2 89 4 2.25048 0 247 2.25048 1
gene 3 89 87 -0.768895 0 385 -0.768895 1
genomeend 100

/* Organism #101 Fitness: 8.98948 Error: 1.00175 */
genomestart 101
trait 1 0.075 0 0 0 0 0 0 0 
trait 2 0.2 0 0.157944 0 0.104569 0 0.141455 0 
trait 3 0.833405 0.137503 0 0.262152 0.943781 0 0 0 
node 1 1 1 3
node 2 2 1 1
node 3 2 1 1
node 4 1 0 2
node 12 1 0 0
node 36 1 0 0
node 87 1 0 0
node 89 3 0 0
gene 1 1 4 -4.80714 0 1 -4.80714 1
gene 2 2 4 6.09541 0 2 6.09541 1
gene 3 3 4 8 0 3 8 1
gene 3 3 12 -0.97095 0 20 -0.97095 0
gene 3 12 4 0.754522 0 21 0.754522 1
gene 3 3 36 -0.370084 0 89 -0.370084 1
gene 3 36 12 -3.19715 0 90 -3.19715 0
gene 1 1 36 2.32271 0 122 2.32271 1
gene 3 36 87 1.4073 0 239 1.4073 1
gene 3 87 12 -4.31019 0 240 -4.31019 1
gene 2 2 89 -4.62251 0 246 -4.62251 1
gene 2 89 4 1.77275 0 247 1.77275 1
gene 3 89 87 0.372078 0 385 0.372078 1
genomeend 101

/* Organism #102 Fitness: 9 Error: 1 */
genomestart 102
trait 1 0.075 0 0 0 0 0 0 0 
trait 2 0.2 0 0.157944 0 0.104569 0 0.141455 0 
trait 3 0.833405 0.137503 0 0.262152 0.943781 0 0 0 
node 1 1 1 3
node 2 2 1 1
node 3 2 1 1
node 4 1 0 2
node 12 1 0 0
node 36 1 0 0
node 87 1 0 0
node 89 2 0 0
gene 1 1 4 -4.80714 0 1 -4.80714 1
gene 2 2 4 8 0 2 8 1
gene 3 3 4 7.02279 0 3 7.02279 1
gene 3 3 12 -0.808108 0 20 -0.808108 0
gene 3 12 4 2.50759 0 21 2.50759 1
gene 3 3 36 2.37603 0 89 2.37603 1
gene 3 36 12 -0.909386 0 90 -0.909386 0
gene 1 1 36 -3.88241 0 122 -3.88241 1
gene 3 36 87 -0.0557874 0 239 -0.0557874 1
gene 3 87 12 -5.35509 0 240 -5.35509 1
gene 2 2 89 -2.6208 0 246 -2.6208 1
gene 2 89 4 2.25048 0 247 2.25048 1
gene 3 89 87 -0.768895 0 385 -0.768895 1
genomeend 102

/* Organism #103 Fitness: 1.1282 Error: 2.93783 */
genomestart 103
trait 1 0.075 0 0 0 0 0 0 0 
trait 2 0.2 0 0.157944 0 0.104569 0 0.141455 0 
trait 3 0.833405 0.137503 0 0.262152 0.943781 0 0 0 
node 1 1 1 3
node 2 2 1 1
node 3 2 1 1
node 4 1 0 2
node 12 1 0 0
node 36 1 0 0
node 87 1 0 0
node 89 3 0 0
gene 1 1 4 -6.45034 0 1 -6.45034 1
gene 2 2 4 5.9054 0 2 5.9054 1
gene 3 3 4 5.82516 0 3 5.82516 1
gene 3 3 12 -2.63792 0 20 -2.63792 0
gene 3 12 4 2.0315 0 21 2.0315 1
gene 3 3 36 3.97213 0 89 3.97213 1
gene 3 36 12 -0.222244 0 90 -0.222244 1
gene 1 1 36 -2.12654 0 122 -2.12654 1
gene 3 36 87 2.07629 0 239 2.07629 1
gene 3 87 12 -4.96964 0 240 -4.96964 1
gene 2 2 89 -1.15546 0 246 -1.15546 1
gene 2 89 4 -2.09962 0 247 -2.09962 1
gene 3 89 87 -2.8186 0 385 -2.8186 1
genomeend 103

/* Organism #104 Fitness: 3.99978 Error: 2.00006 */
genomestart 104
trait 1 0.075 0 0 0 0 0 0 0 
trait 2 0.2 0 0.157944 0 0.104569 0 0.141455 0 
trait 3 0.873454 0 0.719006 0.262152 0 0 0 0 
node 1 1 1 3
node 2 2 1 1
node 3 2 1 1
node 4 1 0 2
node 12 1 0 0
node 36 1 0 0
node 87 1 0 0
node 89 3 0 0
gene 1 1 4 -6.52856 0 1 -6.52856 1
gene 2 2 4 2.27184 0 2 2.27184 1
gene 3 3 4 8 0 3 8 1
gene 3 3 12 0.613067 0 20 0.613067 0
gene 3 12 4 1.7889 0 21 1.7889 1
gene 3 3 36 3.96782 0 89 3.96782 1
gene 3 36 12 0.103926 0 90 0.103926 0
gene 1 1 36 -5.82255 0 122 -5.82255 1
gene 3 36 87 -0.230948 0 239 -0.230948 1
gene 3 87 12 -3.10545 0 240 -3.10545 1
gene 2 2 89 1.62891 0 246 1.62891 1
gene 2 89 4 1.03419 0 247 1.03419 1
gene 3 89 87 2.37819 0 385 2.37819 1
genomeend 104

/* Organism #105 Fitness: 4.04209 Error: 1.98951 */
genomestart 105
trait 1 0.075 0 0 0 0 0 0 0 
trait 2 0.2 0 0.157944 0 0.104569 0 0.141455 0 
trait 3 0.833405 0.137503 0 0.262152 0.943781 0 0 0 
node 1 1 1 3
node 2 2 1 1
node 3 2 1 1
node 4 1 0 2
node 12 1 0 0
node 36 1 0 0
node 87 1 0 0
node 89 3 0 0
gene 1 1 4 -5.68515 0 1 -5.68515 1
gene 2 2 4 8 0 2 8 1
gene 3 3 4 5.87721 0 3 5.87721 1
gene 3 3 12 -1.92269 0 20 -1.92269 0
gene 3 12 4 4.92894 0 21 4.92894 1
gene 3 3 36 2.32672 0 89 2.32672 1
gene 3 36 12 -0.485411 0 90 -0.485411 0
gene 1 1 36 -1.39867 0 122 -1.39867 1
gene 3 36 87 0.171654 0 239 0.171654 1
gene 3 87 12 -4.42818 0 240 -4.42818 1
gene 2 2 89 -1.95411 0 246 -1.95411 1
gene 2 89 4 -2.23021 0 247 -2.23021 1
gene 3 89 87 1.705 0 385 1.705 1
genomeend 105

/* Organism #106 Fitness: 8.99999 Error: 1 */
genomestart 106
trait 1 0.075 0 0 0 0 0 0 0 
trait 2 0.2 0 0.157944 0 0.104569 0 0.141455 0 
trait 3 0.833405 0.137503 0 0.262152 0.943781 0 0 0 
node 1 1 1 3
node 2 2 1 1
node 3 2 1 1
node 4 1 0 2
node 12 1 0 0
node 36 1 0 0
node 87 1 0 0
node 89 3 0 0
gene 1 1 4 -4.09963 0 1 -4.09963 1
gene 2 2 4 6.93141 0 2 6.93141 1
gene 3 3 4 8 0 3 8 1
gene 3 3 12 -2.73765 0 20 -2.73765 1
gene 3 12 4 1.44776 0 21 1.44776 1
gene 3 3 36 1.08377 0 89 1.08377 1
gene 3 36 12 -1.38623 0 90 -1.38623 0
gene 1 1 36 -3.13531 0 122 -3.13531 1
gene 3 36 87 1.60501 0 239 1.60501 1
gene 3 87 12 -5.76296 0 240 -5.76296 1
gene 2 2 89 -3.96736 0 246 -3.96736 1
gene 2 89 4 1.47438 0 247 1.47438 1
gene 3 89 87 -0.768895 0 385 -0.768895 1
genomeend 106

/* Organism #107 Fitness: 8.96992 Error: 1.00502 */
genomestart 107
trait 1 0.075 0 0 0 0 0 0 0 
trait 2 0.2 0 0.157944 0 0.104569 0 0.141455 0 
trait 3 0.833405 0.137503 0 0.262152 0.943781 0 0 0 
node 1 1 1 3
node 2 2 1 1
node 3 2 1 1
node 4 1 0 2
node 12 1 0 0
node 36 1 0 0
node 87 1 0 0
node 89 3 0 0
gene 1 1 4 -4.5142 0 1 -4.5142 1
gene 2 2 4 5.58883 0 2 5.58883 1
gene 3 3 4 8 0 3 8 1
gene 3 3 12 -2.8451 0 20 -2.8451 0
gene 3 12 4 1.1263 0 21 1.1263 1
gene 3 3 36 4.49863 0 89 4.49863 1
gene 3 36 12 -2.65199 0 90 -2.65199 0
gene 1 1 36 -5.44738 0 122 -5.44738 1
gene 3 36 87 -1.61007 0 239 -1.61007 1
gene 3 87 12 -6.28525 0 240 -6.28525 1
gene 2 2 89 -2.94354 0 246 -2.94354 1
gene 2 89 4 -2.35973 0 247 -2.35973 1
gene 3 89 87 -0.768895 0 385 -0.768895 1
genomeend 107

/* Organism #108 Fitness: 8.99943 Error: 1.0001 */
genomestart 108
trait 1 0.075 0 0 0 0 0 0 0 
trait 2 0.2 0 0.157944 0 0.104569 0 0.141455 0 
trait 3 0.833405 0.137503 0 0.262152 0.943781 0 0 0 
node 1 1 1 3
node 2 2 1 1
node 3 2 1 1
node 4 1 0 2
node 12 1 0 0
node 36 1 0 0
node 87 1 0 0
node 89 3 0 0
gene 1 1 4 -4.91257 0 1 -4.91257 1
gene 2 2 4 8 0 2 8 1
gene 3 3 4 6.78321 0 3 6.78321 1
gene 3 3 12 -0.114725 0 20 -0.114725 0
gene 3 12 4 0.919927 0 21 0.919927 1
gene 3 3 36 2.20364 0 89 2.20364 1
gene 3 36 12 0.492822 0 90 0.492822 0
gene 1 1 36 -3.53655 0 122 -3.53655 1
gene 3 36 87 1.13144 0 239 1.13144 1
gene 3 87 12 -7.2367 0 240 -7.2367 1
gene 2 2 89 -4.16787 0 246 -4.16787 1
gene 2 89 4 0.0100257 0 247 0.0100257 1
gene 3 89 87 -0.704627 0 385 -0.704627 1
genomeend 108

/* Species #16 : (Size 9) (AF 8.98575) (Age 17)  */


/* Organism #109 Fitness: 9 Error: 1 */
genomestart 109
trait 1 0.332586 0 0 0.49082 0.273847 0 0 0.0574226 
trait 2 0.252721 0.0601481 0 0 0 0.109235 0.0977362 0 
trait 3 0.599319 0.00855489 0 0 0 0 0 0 
node 1 1 1 3
node 2 2 1 1
node 3 1 1 1
node 4 1 0 2
node 12 1 0 0
node 36 1 0 0
node 64 1 0 0
gene 1 1 4 -4.11107 0 1 -4.11107 1
gene 2 2 4 8 0 2 8 1
gene 3 3 4 -7.98425 0 3 -7.98425 1
gene 3 3 12 -1.92015 0 20 -1.92015 1
gene 2 12 4 3.55274 0 21 3.55274 0
gene 3 3 36 -1.34728 0 89 -1.34728 1
gene 3 36 12 4.57172 0 90 4.57172 1
gene 3 1 36 2.05387 0 122 2.05387 1
gene 3 12 64 -5.32765 0 172 -5.32765 1
gene 3 64 4 -2.90156 0 173 -2.90156 1
gene 2 36 64 0.996598 0 183 0.996598 1
genomeend 109

/* Organism #110 Fitness: 8.99948 Error: 1.00009 */
genomestart 110
trait 1 0.332586 0 0 0.49082 0.273847 0 0 0.0574226 
trait 2 0.252721 0.0601481 0 0 0 0.109235 0.0977362 0 
trait 3 0.599319 0.00855489 0 0 0 0 0 0 
node 1 1 1 3
node 2 2 1 1
node 3 1 1 1
node 4 1 0 2
node 12 1 0 0
node 36 1 0 0
node 64 1 0 0
gene 1 1 4 -2.24918 0 1 -2.24918 1
gene 2 2 4 8 0 2 8 1
gene 3 3 4 -7.68603 0 3 -7.68603 1
gene 3 3 12 -1.22098 0 20 -1.22098 1
gene 2 12 4 5.62173 0 21 5.62173 0
gene 3 3 36 -1.29127 0 89 -1.29127 1
gene 3 36 12 3.67396 0 90 3.67396 1
gene 3 1 36 1.55363 0 122 1.55363 1
gene 3 12 64 -3.9145 0 172 -3.9145 1
gene 3 64 4 -4.56374 0 173 -4.56374 1
gene 2 36 64 2.73562 0 183 2.73562 1
genomeend 110

/* Organism #111 Fitness: 8.99914 Error: 1.00014 */
genomestart 111
trait 1 0.332586 0 0 0.49082 0.273847 0 0 0.0574226 
trait 2 0.252721 0.0601481 0 0 0 0.109235 0.0977362 0 
trait 3 0.599319 0.00855489 0 0 0 0 0 0 
node 1 1 1 3
node 2 2 1 1
node 3 1 1 1
node 4 1 0 2
node 12 1 0 0
node 36 1 0 0
node 64 1 0 0
gene 1 1 4 -6.20239 0 1 -6.20239 1
gene 2 2 4 8 0 2 8 1
gene 3 3 4 -5.76682 0 3 -5.76682 1
gene 3 3 12 -1.13466 0 20 -1.13466 1
gene 2 12 4 2.27579 0 21 2.27579 0
gene 3 3 36 -3.14457 0 89 -3.14457 1
gene 3 36 12 6.76535 0 90 6.76535 1
gene 3 1 36 0.870282 0 122 0.870282 1
gene 3 12 64 -7.37605 0 172 -7.37605 1
gene 3 64 4 -2.39614 0 173 -2.39614 1
gene 2 36 64 -0.815488 0 183 -0.815488 1
genomeend 111

/* Organism #112 Fitness: 8.87319 Error: 1.02121 */
genomestart 112
trait 1 0.498879 0 0 0.24541 0.273847 0 0 0.0861338 
trait 2 0.252721 0.0601481 0 0 0 0.109235 0.0977362 0 
trait 3 0.599319 0.00855489 0 0 0 0 0 0 
node 1 1 1 3
node 2 2 1 1
node 3 1 1 1
node 4 1 0 2
node 12 3 0 0
node 36 1 0 0
node 64 1 0 0
gene 1 1 4 -1.49572 0 1 -1.49572 1
gene 2 2 4 8 0 2 8 1
gene 2 3 4 2.28016 0 3 2.28016 1
gene 3 3 12 0.696601 0 20 0.696601 1
gene 2 12 4 4.80904 0 21 4.80904 0
gene 3 3 36 -1.8828 0 89 -1.8828 1
gene 3 36 12 1.2359 0 90 1.2359 1
gene 3 1 36 0.115405 0 122 0.115405 1
gene 3 12 64 -8 0 172 -8 1
gene 3 64 4 -4.98975 0 173 -4.98975 1
gene 2 36 64 4.65468 0 183 4.65468 1
genomeend 112

/* Organism #113 Fitness: 8.99997 Error: 1 */
genomestart 113
trait 1 0.332586 0 0 0.49082 0.273847 0 0 0.0574226 
trait 2 0.252721 0.0601481 0 0 0 0.109235 0.0977362 0 
trait 3 0.599319 0.00855489 0 0 0 0 0 0 
node 1 1 1 3
node 2 2 1 1
node 3 1 1 1
node 4 1 0 2
node 12 1 0 0
node 36 1 0 0
node 64 1 0 0
gene 1 1 4 -2.64752 0 1 -2.64752 1
gene 2 2 4 8 0 2 8 1
gene 3 3 4 -8 0 3 -8 1
gene 3 3 12 -3.68443 0 20 -3.68443 1
gene 2 12 4 3.29659 0 21 3.29659 0
gene 3 3 36 0.251805 0 89 0.251805 1
gene 3 36 12 4.51741 0 90 4.51741 1
gene 3 1 36 2.9165 0 122 2.9165 1
gene 3 12 64 -5.06826 0 172 -5.06826 1
gene 3 64 4 -0.859985 0 173 -0.859985 1
gene 2 36 64 0.996598 0 183 0.996598 1
genomeend 113

/* Organism #114 Fitness: 9 Error: 1 */
genomestart 114
trait 1 0.665173 0 0 0 0.273847 0 0 0.114845 
trait 2 0.252721 0.0601481 0 0 0 0.109235 0.0977362 0 
trait 3 0.599319 0.00855489 0 0 0 0 0 0 
node 1 1 1 3
node 2 2 1 1
node 3 1 1 1
node 4 1 0 2
node 12 3 0 0
node 36 1 0 0
node 64 1 0 0
gene 1 1 4 -3.52428 0 1 -3.52428 1
gene 2 2 4 8 0 2 8 1
gene 3 3 4 -7.96849 0 3 -7.96849 1
gene 3 3 12 5.53814 0 20 5.53814 1
gene 2 12 4 2.35411 0 21 2.35411 0
gene 3 3 36 3.84401 0 89 3.84401 1
gene 3 36 12 5.12167 0 90 5.12167 1
gene 3 1 36 2.10359 0 122 2.10359 1
gene 3 12 64 -8 0 172 -8 1
gene 3 64 4 -2.91509 0 173 -2.91509 1
gene 2 36 64 5.10989 0 183 5.10989 1
genomeend 114

/* Organism #115 Fitness: 8.99993 Error: 1.00001 */
genomestart 115
trait 1 0.498879 0 0 0.24541 0.273847 0 0 0.0861338 
trait 2 0.252721 0.0601481 0 0 0 0.109235 0.0977362 0 
trait 3 0.599319 0.00855489 0 0 0 0 0 0 
node 1 1 1 3
node 2 2 1 1
node 3 1 1 1
node 4 1 0 2
node 12 1 0 0
node 36 1 0 0
node 64 1 0 0
gene 1 1 4 -2.31375 0 1 -2.31375 1
gene 2 2 4 5.86033 0 2 5.86033 1
gene 3 3 4 -6.49361 0 3 -6.49361 1
gene 3 3 12 -0.150051 0 20 -0.150051 1
gene 2 12 4 -0.440698 0 21 -0.440698 0
gene 3 3 36 0.036724 0 89 0.036724 1
gene 3 36 12 -1.84604 0 90 -1.84604 1
gene 3 1 36 2.06659 0 122 2.06659 1
gene 3 12 64 -4.92297 0 172 -4.92297 1
gene 3 64 4 -0.38923 0 173 -0.38923 1
gene 2 36 64 -0.955285 0 183 -0.955285 1
genomeend 115

/* Organism #116 Fitness: 9 Error: 1 */
genomestart 116
trait 1 0.665173 0 0 0 0.273847 0 0 0.114845 
trait 2 0.252721 0.0601481 0 0 0 0.109235 0.0977362 0 
trait 3 0.599319 0.00855489 0 0 0 0 0 0 
node 1 1 1 3
node 2 2 1 1
node 3 1 1 1
node 4 1 0 2
node 12 1 0 0
node 36 1 0 0
node 64 1 0 0
gene 1 1 4 -3.52428 0 1 -3.52428 1
gene 2 2 4 8 0 2 8 1
gene 3 3 4 -7.96849 0 3 -7.96849 1
gene 3 3 12 5.53814 0 20 5.53814 1
gene 2 12 4 3.0605 0 21 3.0605 0
gene 3 3 36 3.84401 0 89 3.84401 1
gene 3 36 12 5.12167 0 90 5.12167 1
gene 3 1 36 2.10359 0 122 2.10359 1
gene 3 12 64 -8 0 172 -8 1
gene 3 64 4 -2.91509 0 173 -2.91509 1
gene 2 36 64 5.10989 0 183 5.10989 1
genomeend 116

/* Organism #117 Fitness: 9 Error: 1 */
genomestart 117
trait 1 0.665173 0 0 0 0.273847 0 0 0.114845 
trait 2 0.252721 0.0601481 0 0 0 0.109235 0.0977362 0 
trait 3 0.599319 0.00855489 0 0 0 0 0 0 
node 1 1 1 3
node 2 2 1 1
node 3 1 1 1
node 4 1 0 2
node 12 1 0 0
node 36 1 0 0
node 64 1 0 0
gene 1 1 4 -4.3296 0 1 -4.3296 1
gene 2 2 4 8 0 2 8 1
gene 3 3 4 -7.96849 0 3 -7.96849 1
gene 3 3 12 -1.16231 0 20 -1.16231 1
gene 2 12 4 3.0605 0 21 3.0605 0
gene 3 3 36 5.051 0 89 5.051 1
gene 3 36 12 6.20166 0 90 6.20166 1
gene 3 1 36 -1.45998 0 122 -1.45998 1
gene 3 12 64 -6.33254 0 172 -6.33254 1
gene 3 64 4 -2.84282 0 173 -2.84282 1
gene 2 36 64 7.59542 0 183 7.59542 1
genomeend 117

/* Species #17 : (Size 9) (AF 8.99977) (Age 16)  */


/* Organism #118 Fitness: 9 Error: 1 */
genomestart 118
trait 1 0.075 0 0 0 0 0 0 0 
trait 2 0.2 0 0.157944 0 0.104569 0 0.141455 0 
trait 3 0.3 0 0 0 0 0 0 0 
node 1 1 1 3
node 2 2 1 1
node 3 2 1 1
node 4 1 0 2
node 12 1 0 0
node 36 1 0 0
gene 1 1 4 -3.9613 0 1 -3.9613 1
gene 2 2 4 7.78655 0 2 7.78655 1
gene 3 3 4 7.70058 0 3 7.70058 1
gene 3 3 12 1.61288 0 20 1.61288 0
gene 3 12 4 1.7806 0 21 1.7806 1
gene 3 3 36 -1.51292 0 89 -1.51292 1
gene 3 36 12 -2.17981 0 90 -2.17981 0
gene 3 1 36 1.77449 0 122 1.77449 1
gene 1 2 36 3.66264 0 253 3.66264 1
genomeend 118

/* Organism #119 Fitness: 9 Error: 1 */
genomestart 119
trait 1 0.075 0 0 0 0 0 0 0 
trait 2 0.2 0 0.157944 0 0.104569 0 0.141455 0 
trait 3 0.3 0 0 0 0 0 0 0 
node 1 1 1 3
node 2 2 1 1
node 3 2 1 1
node 4 1 0 2
node 12 1 0 0
node 36 1 0 0
gene 1 1 4 -3.9613 0 1 -3.9613 1
gene 2 2 4 7.78655 0 2 7.78655 1
gene 3 3 4 7.14291 0 3 7.14291 1
gene 3 3 12 1.61288 0 20 1.61288 0
gene 3 12 4 1.47006 0 21 1.47006 1
gene 3 3 36 -1.51292 0 89 -1.51292 1
gene 3 36 12 -2.17981 0 90 -2.17981 0
gene 3 1 36 1.77449 0 122 1.77449 1
gene 1 2 36 3.66264 0 253 3.66264 0
genomeend 119

/* Organism #120 Fitness: 8.99943 Error: 1.00009 */
genomestart 120
trait 1 0.075 0 0 0 0 0 0 0 
trait 2 0.2 0 0.157944 0 0.104569 0 0.141455 0 
trait 3 0.3 0 0 0 0 0 0 0 
node 1 1 1 3
node 2 2 1 1
node 3 2 1 1
node 4 1 0 2
node 12 1 0 0
node 36 1 0 0
gene 1 1 4 -3.83374 0 1 -3.83374 1
gene 2 2 4 8 0 2 8 1
gene 3 3 4 5.71504 0 3 5.71504 1
gene 3 3 12 3.45987 0 20 3.45987 0
gene 3 12 4 0.892913 0 21 0.892913 1
gene 3 3 36 -1.85505 0 89 -1.85505 1
gene 3 36 12 -0.293994 0 90 -0.293994 0
gene 3 1 36 3.92231 0 122 3.92231 1
gene 1 2 36 6.00808 0 253 6.00808 0
genomeend 120

/* Organism #121 Fitness: 8.99921 Error: 1.00013 */
genomestart 121
trait 1 0.075 0 0 0 0 0 0 0 
trait 2 0.2 0 0.157944 0 0.104569 0 0.141455 0 
trait 3 0.3 0 0 0 0 0 0 0 
node 1 1 1 3
node 2 2 1 1
node 3 2 1 1
node 4 1 0 2
node 12 1 0 0
node 36 1 0 0
gene 1 1 4 -4.3446 0 1 -4.3446 1
gene 2 2 4 6.17404 0 2 6.17404 1
gene 3 3 4 6.70748 0 3 6.70748 1
gene 3 3 12 1.51176 0 20 1.51176 0
gene 3 12 4 0.294174 0 21 0.294174 1
gene 3 3 36 -0.130723 0 89 -0.130723 1
gene 3 36 12 -1.63393 0 90 -1.63393 0
gene 3 1 36 1.86312 0 122 1.86312 1
gene 1 2 36 4.89557 0 253 4.89557 1
genomeend 121

/* Organism #122 Fitness: 9 Error: 1 */
genomestart 122
trait 1 0.075 0 0 0 0 0 0 0 
trait 2 0.2 0 0.157944 0 0.104569 0 0.141455 0 
trait 3 0.3 0 0 0 0 0 0 0 
node 1 1 1 3
node 2 2 1 1
node 3 2 1 1
node 4 1 0 2
node 12 1 0 0
node 36 1 0 0
gene 1 1 4 -3.9613 0 1 -3.9613 1
gene 2 2 4 7.78655 0 2 7.78655 1
gene 3 3 4 7.14291 0 3 7.14291 1
gene 3 3 12 1.61288 0 20 1.61288 1
gene 3 12 4 1.47006 0 21 1.47006 1
gene 3 3 36 -1.51292 0 89 -1.51292 1
gene 3 36 12 -2.17981 0 90 -2.17981 0
gene 3 1 36 1.77449 0 122 1.77449 1
gene 1 2 36 3.66264 0 253 3.66264 1
gene 2 4 36 -0.40446 0 407 -0.40446 1
genomeend 122

/* Organism #123 Fitness: 9 Error: 1 */
genomestart 123
trait 1 0.075 0 0 0 0 0 0 0 
trait 2 0.2 0 0.157944 0 0.104569 0 0.141455 0 
trait 3 0.3 0 0 0 0 0 0 0 
node 1 1 1 3
node 2 2 1 1
node 3 2 1 1
node 4 1 0 2
node 12 1 0 0
node 36 1 0 0
gene 1 1 4 -3.9613 0 1 -3.9613 1
gene 2 2 4 7.78655 0 2 7.78655 1
gene 3 3 4 7.14291 0 3 7.14291 1
gene 3 3 12 1.61288 0 20 1.61288 0
gene 3 12 4 1.47006 0 21 1.47006 1
gene 3 3 36 -1.51292 0 89 -1.51292 1
gene 3 36 12 -2.17981 0 90 -2.17981 1
gene 3 1 36 1.77449 0 122 1.77449 1
gene 1 2 36 3.66264 0 253 3.66264 0
genomeend 123

/* Organism #124 Fitness: 9 Error: 1 */
genomestart 124
trait 1 0.075 0 0 0 0 0 0 0 
trait 2 0.2 0 0.157944 0 0.104569 0 0.141455 0 
trait 3 0.3 0 0 0 0 0 0 0 
node 1 1 1 3
node 2 2 1 1
node 3 2 1 1
node 4 1 0 2
node 12 1 0 0
node 36 1 0 0
gene 1 1 4 -3.9613 0 1 -3.9613 1
gene 2 2 4 7.78655 0 2 7.78655 1
gene 3 3 4 7.70058 0 3 7.70058 1
gene 3 3 12 1.61288 0 20 1.61288 0
gene 3 12 4 1.15951 0 21 1.15951 1
gene 3 3 36 -1.51292 0 89 -1.51292 1
gene 3 36 12 -2.17981 0 90 -2.17981 0
gene 3 1 36 1.77449 0 122 1.77449 1
gene 1 2 36 3.66264 0 253 3.66264 1
genomeend 124

/* Organism #125 Fitness: 8.99931 Error: 1.00011 */
genomestart 125
trait 1 0.075 0 0 0 0 0 0 0 
trait 2 0.2 0 0 0.448441 0.44847 0.971183 1 0.855247 
trait 3 0.3 0 0 0 0 0 0 0 
node 1 1 1 3
node 2 2 1 1
node 3 2 1 1
node 4 1 0 2
node 12 1 0 0
node 36 1 0 0
gene 1 1 4 -4.38972 0 1 -4.38972 1
gene 2 2 4 6.23193 0 2 6.23193 1
gene 3 3 4 7.70058 0 3 7.70058 1
gene 3 3 12 -0.866565 0 20 -0.866565 0
gene 3 12 4 1.7806 0 21 1.7806 1
gene 3 3 36 -2.30508 0 89 -2.30508 1
gene 3 36 12 -3.74591 0 90 -3.74591 0
gene 3 1 36 -1.44213 0 122 -1.44213 1
gene 1 2 36 3.66264 0 253 3.66264 1
genomeend 125

/* Organism #126 Fitness: 8.99999 Error: 1 */
genomestart 126
trait 1 0.075 0 0 0 0 0 0 0 
trait 2 0.2 0 0.157944 0 0.104569 0 0.141455 0 
trait 3 0.3 0 0 0 0 0 0 0 
node 1 1 1 3
node 2 2 1 1
node 3 2 1 1
node 4 1 0 2
node 12 1 0 0
node 36 1 0 0
gene 1 1 4 -3.9613 0 1 -3.9613 1
gene 2 2 4 7.78655 0 2 7.78655 1
gene 3 3 4 6.58524 0 3 6.58524 1
gene 3 3 12 1.61288 0 20 1.61288 0
gene 3 12 4 1.15951 0 21 1.15951 1
gene 3 3 36 -1.51292 0 89 -1.51292 1
gene 3 36 12 -2.17981 0 90 -2.17981 0
gene 3 1 36 1.77449 0 122 1.77449 1
gene 1 2 36 3.66264 0 253 3.66264 1
genomeend 126

/* Species #18 : (Size 7) (AF 6.56951) (Age 14)  */


/* Organism #127 Fitness: 9 Error: 1 */
genomestart 127
trait 1 0.1 0 0.125318 0 0 0.20103 0 0 
trait 2 0.2 0.103862 0.164502 0 0.287329 0 0.0154146 0 
trait 3 0.3 0 0 0 0 0 0 0 
node 1 2 1 3
node 2 2 1 1
node 3 1 1 1
node 4 3 0 2
node 18 1 0 0
node 72 1 0 0
node 94 1 0 0
node 99 1 0 0
gene 1 1 4 2.19786 0 1 2.19786 1
gene 1 2 4 -4.16716 0 2 -4.16716 0
gene 3 3 4 0.709426 0 3 0.709426 0
gene 1 2 18 8 0 36 8 1
gene 1 18 4 -4.60569 0 37 -4.60569 1
gene 3 3 18 -5.66051 0 131 -5.66051 1
gene 1 1 18 0.93203 0 171 0.93203 1
gene 3 3 72 -3.95963 0 196 -3.95963 1
gene 3 72 4 7.20409 0 197 7.20409 0
gene 1 2 94 0.798773 0 265 0.798773 1
gene 1 94 4 -4.13795 0 266 -4.13795 1
gene 3 72 99 -3.48329 0 278 -3.48329 1
gene 3 99 4 6.13224 0 279 6.13224 1
gene 3 2 72 -2.4554 0 327 -2.4554 1
genomeend 127

/* Organism #128 Fitness: 4 Error: 2 */
genomestart 128
trait 1 0.1 0 0.125318 0 0 0.20103 0 0 
trait 2 0.2 0.103862 0.164502 0 0.287329 0 0.0154146 0 
trait 3 0.3 0 0 0 0 0 0 0 
node 1 2 1 3
node 2 2 1 1
node 3 1 1 1
node 4 3 0 2
node 18 1 0 0
node 72 1 0 0
node 94 1 0 0
node 99 1 0 0
gene 1 1 4 -0.0879958 0 1 -0.0879958 1
gene 1 2 4 -5.20288 0 2 -5.20288 0
gene 3 3 4 0.214008 0 3 0.214008 0
gene 1 2 18 0.946913 0 36 0.946913 1
gene 1 18 4 -2.80342 0 37 -2.80342 1
gene 3 3 18 -0.137067 0 131 -0.137067 1
gene 1 1 18 0.93203 0 171 0.93203 1
gene 3 3 72 1.90619 0 196 1.90619 1
gene 3 72 4 8 0 197 8 0
gene 1 2 94 2.34059 0 265 2.34059 1
gene 1 94 4 -2.0964 0 266 -2.0964 1
gene 3 72 99 -2.12322 0 278 -2.12322 1
gene 3 99 4 6.13224 0 279 6.13224 1
gene 3 2 72 -4.60689 0 327 -4.60689 1
genomeend 128

/* Organism #129 Fitness: 2.00767 Error: 2.58308 */
genomestart 129
trait 1 0.1 0 0.125318 0 0 0.20103 0 0 
trait 2 0.2 0.103862 0.164502 0 0.287329 0 0.0154146 0 
trait 3 0.3 0 0 0 0 0 0 0 
node 1 2 1 3
node 2 2 1 1
node 3 1 1 1
node 4 3 0 2
node 18 1 0 0
node 72 1 0 0
node 94 1 0 0
node 99 1 0 0
gene 1 1 4 3.38765 0 1 3.38765 1
gene 1 2 4 -4.92603 0 2 -4.92603 0
gene 3 3 4 3.08413 0 3 3.08413 0
gene 1 2 18 6.72359 0 36 6.72359 1
gene 1 18 4 -3.39186 0 37 -3.39186 1
gene 3 3 18 -1.36526 0 131 -1.36526 1
gene 1 1 18 -1.53157 0 171 -1.53157 1
gene 3 3 72 -3.59542 0 196 -3.59542 1
gene 3 72 4 6.3022 0 197 6.3022 0
gene 1 2 94 0.798773 0 265 0.798773 1
gene 1 94 4 -4.0034 0 266 -4.0034 1
gene 3 72 99 -3.02639 0 278 -3.02639 1
gene 3 99 4 8 0 279 8 1
gene 3 2 72 1.22681 0 327 1.22681 1
genomeend 129

/* Organism #130 Fitness: 9 Error: 1 */
genomestart 130
trait 1 0.1 0 0.125318 0 0 0.20103 0 0 
trait 2 0.2 0.103862 0.164502 0 0.287329 0 0.0154146 0 
trait 3 0.3 0 0 0 0 0 0 0 
node 1 2 1 3
node 2 2 1 1
node 3 1 1 1
node 4 3 0 2
node 18 1 0 0
node 72 1 0 0
node 94 1 0 0
node 99 1 0 0
gene 1 1 4 3.5301 0 1 3.5301 1
gene 1 2 4 -3.89575 0 2 -3.89575 1
gene 3 3 4 -1.03773 0 3 -1.03773 0
gene 1 2 18 7.58732 0 36 7.58732 1
gene 1 18 4 -6.95518 0 37 -6.95518 1
gene 3 3 18 -4.22764 0 131 -4.22764 1
gene 1 1 18 2.66955 0 171 2.66955 1
gene 3 3 72 -4.44075 0 196 -4.44075 1
gene 3 72 4 8 0 197 8 0
gene 1 2 94 -1.59492 0 265 -1.59492 1
gene 1 94 4 -2.22738 0 266 -2.22738 1
gene 3 72 99 -5.44672 0 278 -5.44672 1
gene 3 99 4 6.13224 0 279 6.13224 1
gene 3 2 72 -2.6039 0 327 -2.6039 1
genomeend 130

/* Organism #131 Fitness: 9 Error: 1 */
genomestart 131
trait 1 0.1 0 0.125318 0 0 0.20103 0 0 
trait 2 0.812942 0 0.164502 0.34403 0.270602 0 0.138329 0 
trait 3 0.3 0 0 0 0 0 0 0 
node 1 2 1 3
node 2 2 1 1
node 3 1 1 1
node 4 3 0 2
node 18 1 0 0
node 72 1 0 0
node 94 2 0 0
node 99 1 0 0
gene 1 1 4 2.19786 0 1 2.19786 1
gene 1 2 4 -4.16716 0 2 -4.16716 0
gene 3 3 4 0.709426 0 3 0.709426 0
gene 1 2 18 8 0 36 8 1
gene 1 18 4 -4.60569 0 37 -4.60569 1
gene 3 3 18 -5.66051 0 131 -5.66051 1
gene 1 1 18 0.93203 0 171 0.93203 1
gene 3 3 72 -3.95963 0 196 -3.95963 1
gene 3 72 4 7.20409 0 197 7.20409 0
gene 1 2 94 0.798773 0 265 0.798773 1
gene 1 94 4 -4.13795 0 266 -4.13795 1
gene 3 72 99 -3.48329 0 278 -3.48329 1
gene 3 99 4 6.13224 0 279 6.13224 1
gene 3 2 72 -2.4554 0 327 -2.4554 1
genomeend 131

/* Organism #132 Fitness: 8.97218 Error: 1.00464 */
genomestart 132
trait 1 0.1 0 0.125318 0 0 0.20103 0 0 
trait 2 0.2 0.103862 0.164502 0 0.287329 0 0.0154146 0 
trait 3 0.3 0 0 0 0 0 0 0 
node 1 2 1 3
node 2 2 1 1
node 3 1 1 1
node 4 3 0 2
node 18 1 0 0
node 72 1 0 0
node 94 1 0 0
node 99 1 0 0
gene 1 1 4 3.75905 0 1 3.75905 1
gene 1 2 4 -0.905661 0 2 -0.905661 0
gene 3 3 4 1.19903 0 3 1.19903 0
gene 1 2 18 0.822405 0 36 0.822405 1
gene 1 18 4 -4.60569 0 37 -4.60569 1
gene 3 3 18 -3.55697 0 131 -3.55697 1
gene 3 1 18 1.14182 0 171 1.14182 1
gene 3 3 72 -5.52988 0 196 -5.52988 1
gene 3 72 4 8 0 197 8 0
gene 1 2 94 0.798773 0 265 0.798773 1
gene 1 94 4 -5.38904 0 266 -5.38904 1
gene 3 72 99 -4.52341 0 278 -4.52341 1
gene 3 99 4 0.120748 0 279 0.120748 1
gene 3 2 72 -1.08184 0 327 -1.08184 1
genomeend 132

/* Organism #133 Fitness: 4.00669 Error: 1.99833 */
genomestart 133
trait 1 0.1 0 0.125318 0 0 0.20103 0 0 
trait 2 0.2 0.103862 0.164502 0 0.287329 0 0.0154146 0 
trait 3 0.3 0 0 0 0 0 0 0 
node 1 2 1 3
node 2 2 1 1
node 3 1 1 1
node 4 2 0 2
node 18 1 0 0
node 72 1 0 0
node 94 1 0 0
node 99 1 0 0
gene 1 1 4 4.66572 0 1 4.66572 1
gene 1 2 4 -1.5526 0 2 -1.5526 0
gene 3 3 4 2.42323 0 3 2.42323 0
gene 1 2 18 8 0 36 8 1
gene 1 18 4 -6.85541 0 37 -6.85541 1
gene 3 3 18 -7.61465 0 131 -7.61465 1
gene 1 1 18 0.865608 0 171 0.865608 1
gene 3 3 72 -1.86585 0 196 -1.86585 1
gene 3 72 4 5.16472 0 197 5.16472 0
gene 1 2 94 1.03226 0 265 1.03226 1
gene 1 94 4 -2.27936 0 266 -2.27936 1
gene 3 72 99 1.15458 0 278 1.15458 1
gene 3 99 4 4.8015 0 279 4.8015 1
gene 3 2 72 -0.772255 0 327 -0.772255 1
genomeend 133

/* Species #19 : (Size 8) (AF 6.62738) (Age 7)  */


/* Organism #134 Fitness: 9 Error: 1 */
genomestart 134
trait 1 0.1 0 0 0 0 0 0 0 
trait 2 0.1625 0 0.164709 0 0 0 0.249163 0.119301 
trait 3 0.283704 0 0 0 0 0 0 0 
node 1 1 1 3
node 2 3 1 1
node 3 1 1 1
node 4 3 0 2
node 9 1 0 0
node 115 1 0 0
gene 3 1 4 -7.94932 0 1 -7.94932 1
gene 1 2 4 6.51712 0 2 6.51712 1
gene 1 3 4 6.77342 0 3 6.77342 1
gene 1 3 9 2.65151 0 12 2.65151 1
gene 1 9 4 4.11168 0 13 4.11168 0
gene 2 2 9 5.60495 0 23 5.60495 1
gene 1 1 9 -0.822799 0 177 -0.822799 1
gene 1 9 115 2.31385 0 328 2.31385 1
gene 1 115 4 8 0 329 8 1
gene 2 1 115 -1.30971 0 337 -1.30971 1
gene 1 2 115 0.736173 0 399 0.736173 1
genomeend 134

/* Organism #135 Fitness: 4.04459 Error: 1.98888 */
genomestart 135
trait 1 0.1 0.220454 0 0 0.311019 0 0 0.320298 
trait 2 0.1625 0 0.164709 0 0 0 0.249163 0.119301 
trait 3 0.283704 0 0 0 0 0 0 0 
node 1 1 1 3
node 2 3 1 1
node 3 1 1 1
node 4 3 0 2
node 9 1 0 0
node 115 1 0 0
gene 3 1 4 0.911444 0 1 0.911444 1
gene 1 2 4 6.60055 0 2 6.60055 1
gene 1 3 4 5.26828 0 3 5.26828 1
gene 1 3 9 5.03251 0 12 5.03251 1
gene 1 9 4 4.11168 0 13 4.11168 0
gene 2 2 9 6.96427 0 23 6.96427 1
gene 1 1 9 -0.822799 0 177 -0.822799 1
gene 1 9 115 4.05751 0 328 4.05751 1
gene 1 115 4 -1.41115 0 329 -1.41115 1
gene 2 1 115 -3.54294 0 337 -3.54294 1
gene 1 2 115 0.736173 0 399 0.736173 1
genomeend 135

/* Organism #136 Fitness: 5.5445 Error: 1.64532 */
genomestart 136
trait 1 0.1 0 0 0 0 0 0 0 
trait 2 0.1625 0 0.164709 0 0 0 0.249163 0.119301 
trait 3 0.283704 0 0 0 0 0 0 0 
node 1 1 1 3
node 2 3 1 1
node 3 1 1 1
node 4 3 0 2
node 9 1 0 0
node 115 1 0 0
gene 3 1 4 -7.02221 0 1 -7.02221 1
gene 1 2 4 6.75474 0 2 6.75474 1
gene 1 3 4 6.27949 0 3 6.27949 1
gene 1 3 9 2.59792 0 12 2.59792 1
gene 1 9 4 4.09998 0 13 4.09998 0
gene 2 2 9 6.19899 0 23 6.19899 1
gene 1 1 9 -0.885012 0 177 -0.885012 1
gene 1 9 115 3.73122 0 328 3.73122 1
gene 1 115 4 7.79993 0 329 7.79993 1
gene 2 1 115 0.437689 0 337 0.437689 1
gene 1 2 115 -1.68279 0 399 -1.68279 1
genomeend 136

/* Organism #137 Fitness: 4.12176 Error: 1.96979 */
genomestart 137
trait 1 0.1 0 0 0 0 0 0 0 
trait 2 0.1625 0 0.164709 0 0 0 0.249163 0.119301 
trait 3 0.521808 0 0.28573 0 0 0.789435 0 0.692032 
node 1 1 1 3
node 2 3 1 1
node 3 1 1 1
node 4 3 0 2
node 9 1 0 0
node 115 1 0 0
gene 3 1 4 -5.69672 0 1 -5.69672 1
gene 1 2 4 5.82734 0 2 5.82734 1
gene 1 3 4 4.64283 0 3 4.64283 1
gene 1 3 9 4.71293 0 12 4.71293 1
gene 1 9 4 2.91299 0 13 2.91299 0
gene 2 2 9 5.7056 0 23 5.7056 1
gene 1 1 9 -0.0452696 0 177 -0.0452696 1
gene 1 9 115 4.29338 0 328 4.29338 1
gene 1 115 4 6.40116 0 329 6.40116 1
gene 2 1 115 0.97891 0 337 0.97891 1
gene 1 2 115 -0.337487 0 399 -0.337487 1
genomeend 137

/* Organism #138 Fitness: 4.00363 Error: 1.99909 */
genomestart 138
trait 1 0.1 0.220454 0 0 0.311019 0 0 0.320298 
trait 2 0.1625 0 0.164709 0 0 0 0.249163 0.119301 
trait 3 0.283704 0 0 0 0 0 0 0 
node 1 1 1 3
node 2 3 1 1
node 3 1 1 1
node 4 3 0 2
node 9 1 0 0
node 115 1 0 0
gene 3 1 4 -5.61895 0 1 -5.61895 1
gene 1 2 4 8 0 2 8 1
gene 1 3 4 8 0 3 8 1
gene 1 3 9 4.17057 0 12 4.17057 1
gene 1 9 4 3.76312 0 13 3.76312 0
gene 2 2 9 6.32106 0 23 6.32106 1
gene 1 1 9 0.284932 0 177 0.284932 1
gene 1 9 115 2.13624 0 328 2.13624 1
gene 1 115 4 8 0 329 8 1
gene 2 1 115 -1.30971 0 337 -1.30971 1
gene 1 2 115 0.736173 0 399 0.736173 1
genomeend 138

/* Organism #139 Fitness: 9 Error: 1 */
genomestart 139
trait 1 0.1 0.220454 0 0 0.311019 0 0 0.320298 
trait 2 0.1625 0 0.164709 0 0 0 0.249163 0.119301 
trait 3 0.283704 0 0 0 0 0 0 0 
node 1 1 1 3
node 2 3 1 1
node 3 1 1 1
node 4 3 0 2
node 9 1 0 0
node 115 1 0 0
gene 3 1 4 -7.94932 0 1 -7.94932 1
gene 1 2 4 6.51712 0 2 6.51712 1
gene 1 3 4 6.77342 0 3 6.77342 1
gene 1 3 9 2.65151 0 12 2.65151 1
gene 1 9 4 4.11168 0 13 4.11168 0
gene 2 2 9 5.60495 0 23 5.60495 1
gene 1 1 9 -0.822799 0 177 -0.822799 1
gene 1 9 115 2.31385 0 328 2.31385 1
gene 1 115 4 8 0 329 8 1
gene 2 1 115 -1.30971 0 337 -1.30971 1
gene 1 2 115 0.736173 0 399 0.736173 1
genomeend 139

/* Organism #140 Fitness: 8.33178 Error: 1.11352 */
genomestart 140
trait 1 0.1 0.220454 0 0 0.311019 0 0 0.320298 
trait 2 0.1625 0 0.164709 0 0 0 0.249163 0.119301 
trait 3 0.283704 0 0 0 0 0 0 0 
node 1 1 1 3
node 2 3 1 1
node 3 1 1 1
node 4 3 0 2
node 9 1 0 0
node 115 1 0 0
gene 3 1 4 -7.63152 0 1 -7.63152 1
gene 1 2 4 8 0 2 8 1
gene 1 3 4 8 0 3 8 1
gene 1 3 9 0.157603 0 12 0.157603 1
gene 1 9 4 4.40036 0 13 4.40036 1
gene 2 2 9 3.49286 0 23 3.49286 1
gene 1 1 9 -1.99083 0 177 -1.99083 1
gene 1 9 115 0.0406524 0 328 0.0406524 1
gene 1 115 4 6.41905 0 329 6.41905 1
gene 2 1 115 -0.99112 0 337 -0.99112 1
gene 1 2 115 0.736173 0 399 0.736173 1
genomeend 140

/* Organism #141 Fitness: 8.97282 Error: 1.00453 */
genomestart 141
trait 1 0.1 0 0 0 0 0 0 0 
trait 2 0.1625 0 0.164709 0 0 0 0.249163 0.119301 
trait 3 0.283704 0 0 0 0 0 0 0 
node 1 1 1 3
node 2 3 1 1
node 3 1 1 1
node 4 3 0 2
node 9 1 0 0
node 115 1 0 0
gene 3 1 4 -6.81866 0 1 -6.81866 1
gene 1 2 4 8 0 2 8 1
gene 1 3 4 6.60849 0 3 6.60849 1
gene 1 3 9 0.164521 0 12 0.164521 1
gene 1 9 4 0.525657 0 13 0.525657 0
gene 2 2 9 7.32738 0 23 7.32738 1
gene 1 1 9 1.38474 0 177 1.38474 1
gene 1 9 115 2.37054 0 328 2.37054 1
gene 1 115 4 5.72374 0 329 5.72374 1
gene 2 1 115 0.473109 0 337 0.473109 1
gene 1 2 115 -0.165288 0 399 -0.165288 1
genomeend 141

/* Species #20 : (Size 8) (AF 5.54543) (Age 2)  */


/* Organism #142 Fitness: 8.99901 Error: 1.00017 */
genomestart 142
trait 1 0.1 0 0.125318 0 0 0.20103 0 0 
trait 2 0.2 0 0 0 0.187785 0 0.333718 0 
trait 3 0.3 0 0 0 0 0 0 0 
node 1 2 1 3
node 2 2 1 1
node 3 1 1 1
node 4 3 0 2
node 18 2 0 0
node 72 1 0 0
node 136 1 0 0
gene 1 1 4 2.39741 0 1 2.39741 1
gene 1 2 4 -4.20283 0 2 -4.20283 1
gene 3 3 4 0.524056 0 3 0.524056 0
gene 1 2 18 -0.758742 0 36 -0.758742 1
gene 1 18 4 -1.4242 0 37 -1.4242 1
gene 3 3 18 -0.641745 0 131 -0.641745 0
gene 1 1 18 -1.10341 0 171 -1.10341 1
gene 3 3 72 -3.14845 0 196 -3.14845 1
gene 3 72 4 8 0 197 8 1
gene 3 3 136 1 0 388 0 1
gene 3 136 18 -0.641745 0 389 0 1
genomeend 142

/* Organism #143 Fitness: 7.44487 Error: 1.27147 */
genomestart 143
trait 1 0.1 0.863599 0.125318 0 0 1 0.85286 0 
trait 2 0.2 0 0 0 0.187785 0 0.333718 0 
trait 3 0.3 0 0 0 0 0 0 0 
node 1 2 1 3
node 2 3 1 1
node 3 1 1 1
node 4 3 0 2
node 18 2 0 0
node 72 1 0 0
node 136 1 0 0
gene 1 1 4 0.20895 0 1 0.20895 1
gene 1 2 4 -2.58697 0 2 -2.58697 1
gene 3 3 4 1.92848 0 3 1.92848 0
gene 1 2 18 1.57623 0 36 1.57623 1
gene 1 18 4 -0.13779 0 37 -0.13779 1
gene 3 3 18 0.915348 0 131 0.915348 0
gene 1 1 18 -1.396 0 171 -1.396 1
gene 3 3 72 -4.55475 0 196 -4.55475 1
gene 3 72 4 6.7688 0 197 6.7688 1
gene 3 3 136 0.347063 0 388 0.347063 1
gene 3 136 18 -0.850432 0 389 -0.850432 1
genomeend 143

/* Organism #144 Fitness: 8.99901 Error: 1.00017 */
genomestart 144
trait 1 0.1 0 0.125318 0 0 0.20103 0 0 
trait 2 0.2 0 0 0 0.187785 0 0.333718 0 
trait 3 0.3 0 0 0 0 0 0 0 
node 1 2 1 3
node 2 2 1 1
node 3 1 1 1
node 4 3 0 2
node 18 2 0 0
node 72 1 0 0
node 136 1 0 0
gene 1 1 4 2.39741 0 1 2.39741 1
gene 1 2 4 -4.20283 0 2 -4.20283 1
gene 3 3 4 0.524056 0 3 0.524056 0
gene 1 2 18 -0.758742 0 36 -0.758742 1
gene 1 18 4 -1.4242 0 37 -1.4242 1
gene 3 3 18 -0.641745 0 131 -0.641745 0
gene 1 1 18 -1.10341 0 171 -1.10341 1
gene 3 3 72 -3.14845 0 196 -3.14845 1
gene 3 72 4 8 0 197 8 1
gene 3 3 136 1 0 388 0 1
gene 3 136 18 -0.641745 0 389 0 1
genomeend 144

/* Organism #145 Fitness: 5.24948 Error: 1.70883 */
genomestart 145
trait 1 0.1 0 0.125318 0 0 0.20103 0 0 
trait 2 0.2 0 0 0 0.187785 0 0.333718 0 
trait 3 0.3 0 0 0 0 0 0 0 
node 1 2 1 3
node 2 2 1 1
node 3 1 1 1
node 4 3 0 2
node 18 2 0 0
node 72 1 0 0
node 136 1 0 0
gene 1 1 4 2.39741 0 1 2.39741 1
gene 1 2 4 -2.73506 0 2 -2.73506 1
gene 3 3 4 -0.825537 0 3 -0.825537 0
gene 1 2 18 -0.758742 0 36 -0.758742 1
gene 1 18 4 0.568985 0 37 0.568985 1
gene 3 3 18 -1.79547 0 131 -1.79547 0
gene 1 1 18 0.767947 0 171 0.767947 1
gene 3 3 72 -5.64639 0 196 -5.64639 1
gene 3 72 4 7.90315 0 197 7.90315 1
gene 3 3 136 3.48521 0 388 3.48521 1
gene 3 136 18 0.463029 0 389 0.463029 1
genomeend 145

/* Organism #146 Fitness: 5.01612 Error: 1.76033 */
genomestart 146
trait 1 0.1 0 0.125318 0 0 0.20103 0 0 
trait 2 0.2 0 0 0 0.187785 0 0.333718 0 
trait 3 0.3 0 0 0 0 0 0 0 
node 1 2 1 3
node 2 2 1 1
node 3 1 1 1
node 4 3 0 2
node 18 2 0 0
node 72 1 0 0
node 136 1 0 0
gene 1 1 4 4.04396 0 1 4.04396 1
gene 1 2 4 -3.80951 0 2 -3.80951 1
gene 3 3 4 1.99505 0 3 1.99505 0
gene 1 2 18 -2.25074 0 36 -2.25074 1
gene 1 18 4 -3.00229 0 37 -3.00229 1
gene 3 3 18 1.15095 0 131 1.15095 0
gene 1 1 18 -0.410637 0 171 -0.410637 1
gene 3 3 72 -3.21848 0 196 -3.21848 1
gene 3 72 4 8 0 197 8 1
gene 3 3 136 -0.413043 0 388 -0.413043 1
gene 3 136 18 -0.641745 0 389 -0.641745 1
genomeend 146

/* Organism #147 Fitness: 3.99755 Error: 2.00061 */
genomestart 147
trait 1 0.1 0 0.125318 0 0 0.20103 0 0 
trait 2 0.2 0 0 0 0.187785 0 0.333718 0 
trait 3 0.3 0 0 0 0 0 0 0 
node 1 2 1 3
node 2 2 1 1
node 3 1 1 1
node 4 3 0 2
node 18 2 0 0
node 72 1 0 0
node 136 1 0 0
gene 1 1 4 4.1762 0 1 4.1762 1
gene 1 2 4 -6.67439 0 2 -6.67439 1
gene 3 3 4 0.524056 0 3 0.524056 0
gene 1 2 18 -1.83773 0 36 -1.83773 1
gene 1 18 4 -1.55612 0 37 -1.55612 1
gene 3 3 18 0.607767 0 131 0.607767 0
gene 1 1 18 -2.4415 0 171 -2.4415 1
gene 3 3 72 2.30875 0 196 2.30875 1
gene 3 72 4 8 0 197 8 1
gene 3 3 136 -1.00285 0 388 -1.00285 1
gene 3 136 18 -0.482853 0 389 -0.482853 1
genomeend 147

/* Organism #148 Fitness: 1.00093 Error: 2.99953 */
genomestart 148
trait 1 0.1 0 0.125318 0 0 0.20103 0 0 
trait 2 0.2 0 0 0 0.187785 0 0.333718 0 
trait 3 0.3 0 0 0 0 0 0 0 
node 1 2 1 3
node 2 2 1 1
node 3 1 1 1
node 4 3 0 2
node 18 2 0 0
node 72 1 0 0
node 136 1 0 0
gene 1 1 4 -1.75722 0 1 -1.75722 1
gene 1 2 4 -4.03624 0 2 -4.03624 1
gene 3 3 4 0.524056 0 3 0.524056 0
gene 1 2 18 -1.33201 0 36 -1.33201 1
gene 1 18 4 1.86989 0 37 1.86989 1
gene 3 3 18 0.190414 0 131 0.190414 0
gene 1 1 18 -2.67663 0 171 -2.67663 1
gene 3 3 72 -0.862616 0 196 -0.862616 1
gene 3 72 4 8 0 197 8 1
gene 3 3 136 2.14776 0 388 2.14776 1
gene 3 136 18 0.858395 0 389 0.858395 1
genomeend 148

/* Organism #149 Fitness: 3.65651 Error: 2.0878 */
genomestart 149
trait 1 0.1 0 0.125318 0 0 0.20103 0 0 
trait 2 0.2 0 0 0 0.187785 0 0.333718 0 
trait 3 0.3 0 0 0 0 0 0 0 
node 1 2 1 3
node 2 2 1 1
node 3 1 1 1
node 4 3 0 2
node 18 2 0 0
node 72 1 0 0
node 136 1 0 0
gene 1 1 4 0.475272 0 1 0.475272 1
gene 1 2 4 -6.42759 0 2 -6.42759 1
gene 3 3 4 -1.94154 0 3 -1.94154 0
gene 1 2 18 0.120919 0 36 0.120919 1
gene 1 18 4 -0.338382 0 37 -0.338382 1
gene 3 3 18 1.33136 0 131 1.33136 0
gene 1 1 18 -3.34969 0 171 -3.34969 1
gene 3 3 72 -4.02406 0 196 -4.02406 1
gene 3 72 4 7.73022 0 197 7.73022 1
gene 3 3 136 1 0 388 1 1
gene 3 136 18 -2.6469 0 389 -2.6469 1
genomeend 149
