
/* Species #1 : (Size 24) (AF 7.08719) (Age 12)  */


/* Organism #0 Fitness: 8.99999 Error: 1 */
genomestart 0
trait 1 0.09375 0 0 0.0250205 0 0.0525354 0 0 
trait 2 0.2 0.21151 0 0 0 0 0 0 
trait 3 0.3 0 0 0 0 0 0 0 
node 1 2 1 3
node 2 1 1 1
node 3 3 1 1
node 4 3 0 2
gene 3 1 4 -2.81122 0 1 -2.81122 1
gene 3 2 4 6.74083 0 2 6.74083 1
gene 2 3 4 -7.83332 0 3 -7.83332 1
genomeend 0

/* Organism #1 Fitness: 4.01266 Error: 1.99684 */
genomestart 1
trait 1 0.0945312 0 0 0.0218929 0 0.0459684 0 0 
trait 2 0.2 0.185071 0 0 0 0 0 0 
trait 3 0.3 0 0 0 0 0 0 0 
node 1 2 1 3
node 2 1 1 1
node 3 3 1 1
node 4 3 0 2
gene 3 1 4 -0.973733 0 1 -0.973733 1
gene 3 2 4 0.0697738 0 2 0.0697738 1
gene 2 3 4 2.49543 0 3 2.49543 1
genomeend 1

/* Organism #2 Fitness: 5.65706 Error: 1.62154 */
genomestart 2
trait 1 0.0953125 0.0145652 0 0.0187654 0.00640692 0.0394015 0 0.0102301 
trait 2 0.2125 0.0793163 0 0 0 0.00456108 0 0 
trait 3 0.332812 0.00253057 0 0.000539051 0 0 0 0 
node 1 2 1 3
node 2 1 1 1
node 3 3 1 1
node 4 3 0 2
gene 3 1 4 -1.95377 0 1 -1.95377 1
gene 1 2 4 4.65712 0 2 4.65712 1
gene 2 3 4 1.85308 0 3 1.85308 1
genomeend 2

/* Organism #3 Fitness: 8.99999 Error: 1 */
genomestart 3
trait 1 0.0976562 0 0 0.00938269 0 0.0197008 0 0 
trait 2 0.2 0.0793163 0 0 0 0 0 0 
trait 3 0.3 0 0 0 0 0 0 0 
node 1 2 1 3
node 2 1 1 1
node 3 3 1 1
node 4 3 0 2
gene 3 1 4 -4.33626 0 1 -4.33626 1
gene 1 2 4 7.10874 0 2 7.10874 1
gene 2 3 4 -8 0 3 -8 1
genomeend 3

/* Organism #4 Fitness: 8.99997 Error: 1.00001 */
genomestart 4
trait 1 0.09375 0 0 0.0250205 0 0.0525354 0 0 
trait 2 0.2 0.21151 0 0 0 0 0 0 
trait 3 0.3 0 0 0 0 0 0 0 
node 1 2 1 3
node 2 1 1 1
node 3 3 1 1
node 4 3 0 2
gene 3 1 4 -3.47164 0 1 -3.47164 1
gene 3 2 4 5.93294 0 2 5.93294 1
gene 1 3 4 -7.7284 0 3 -7.7284 1
genomeend 4

/* Organism #5 Fitness: 8.99917 Error: 1.00014 */
genomestart 5
trait 1 0.0953125 0.0145652 0 0.0187654 0.00640692 0.0394015 0 0.0102301 
trait 2 0.2125 0.0793163 0 0 0 0.00456108 0 0 
trait 3 0.332812 0.00253057 0 0.000539051 0 0 0 0 
node 1 2 1 3
node 2 1 1 1
node 3 3 1 1
node 4 3 0 2
gene 3 1 4 -4.03746 0 1 -4.03746 1
gene 1 2 4 5.84305 0 2 5.84305 1
gene 2 3 4 -8 0 3 -8 1
genomeend 5

/* Organism #6 Fitness: 8.99987 Error: 1.00002 */
genomestart 6
trait 1 0.0960938 0 0 0.0156378 0 0.0328346 0 0 
trait 2 0.2 0.132194 0 0 0 0 0 0 
trait 3 0.3 0 0 0 0 0 0 0 
node 1 2 1 3
node 2 1 1 1
node 3 3 1 1
node 4 3 0 2
gene 1 1 4 -3.834 0 1 -3.834 1
gene 3 2 4 6.0076 0 2 6.0076 1
gene 2 3 4 -6.45922 0 3 -6.45922 1
genomeend 6

/* Organism #7 Fitness: 4.02329 Error: 1.99419 */
genomestart 7
trait 1 0.0960938 0 0 0.0156378 0 0.0328346 0 0 
trait 2 0.2 0.132194 0 0 0 0 0 0 
trait 3 0.3 0 0 0 0 0 0 0 
node 1 2 1 3
node 2 1 1 1
node 3 3 1 1
node 4 3 0 2
gene 1 1 4 -3.39518 0 1 -3.39518 1
gene 1 2 4 6.84535 0 2 6.84535 1
gene 2 3 4 -2.40602 0 3 -2.40602 1
genomeend 7

/* Organism #8 Fitness: 8.99999 Error: 1 */
genomestart 8
trait 1 0.096875 0 0 0.0125103 0 0.0262677 0 0 
trait 2 0.2 0.105755 0 0 0 0 0 0 
trait 3 0.3 0 0 0 0 0 0 0 
node 1 2 1 3
node 2 1 1 1
node 3 3 1 1
node 4 3 0 2
gene 1 1 4 -2.72838 0 1 -2.72838 1
gene 1 2 4 6.84535 0 2 6.84535 1
gene 2 3 4 -7.44165 0 3 -7.44165 1
genomeend 8

/* Organism #9 Fitness: 8.99772 Error: 1.00038 */
genomestart 9
trait 1 0.0953125 0 0 0.0187654 0 0.0394015 0 0 
trait 2 0.2 0.158633 0 0 0 0 0 0 
trait 3 0.3 0 0 0 0 0 0 0 
node 1 2 1 3
node 2 1 1 1
node 3 3 1 1
node 4 3 0 2
gene 3 1 4 -1.73971 0 1 -1.73971 1
gene 3 2 4 8 0 2 8 1
gene 2 3 4 -8 0 3 -8 1
genomeend 9

/* Organism #10 Fitness: 4.00053 Error: 1.99987 */
genomestart 10
trait 1 0.09375 0 0 0.0250205 0 0.0525354 0 0 
trait 2 0.2 0.21151 0 0 0 0 0 0 
trait 3 0.3 0 0 0 0 0 0 0 
node 1 2 1 3
node 2 1 1 1
node 3 3 1 1
node 4 3 0 2
gene 3 1 4 -1.59921 0 1 -1.59921 1
gene 3 2 4 6.74083 0 2 6.74083 1
gene 2 3 4 0.0607855 0 3 0.0607855 1
genomeend 10

/* Organism #11 Fitness: 8.81011 Error: 1.03182 */
genomestart 11
trait 1 0.0960938 0 0 0.0156378 0 0.0328346 0 0 
trait 2 0.2 0.132194 0 0 0 0 0 0 
trait 3 0.3 0 0 0 0 0 0 0 
node 1 2 1 3
node 2 1 1 1
node 3 3 1 1
node 4 3 0 2
gene 3 1 4 -0.813525 0 1 -0.813525 1
gene 3 2 4 7.85425 0 2 7.85425 1
gene 2 3 4 -7.90567 0 3 -7.90567 1
genomeend 11

/* Organism #12 Fitness: 8.98787 Error: 1.00202 */
genomestart 12
trait 1 0.0960938 0.0072826 0 0.0156378 0.00320346 0.0328346 0 0.00511503 
trait 2 0.20625 0.0925357 0 0 0 0.00228054 0 0 
trait 3 0.316406 0.00126529 0 0.000269525 0 0 0 0 
node 1 2 1 3
node 2 1 1 1
node 3 3 1 1
node 4 3 0 2
gene 3 1 4 -1.50211 0 1 -1.50211 1
gene 1 2 4 7.4012 0 2 7.4012 1
gene 2 3 4 -7.23182 0 3 -7.23182 1
genomeend 12

/* Organism #13 Fitness: 6.17503 Error: 1.51504 */
genomestart 13
trait 1 0.0953125 0.0072826 0 0.0187654 0.00320346 0.0394015 0 0.00511503 
trait 2 0.20625 0.118974 0 0 0 0.00228054 0 0 
trait 3 0.316406 0.117854 0 0.000269525 0.455412 0.844143 0.751362 0.943515 
node 1 2 1 3
node 2 1 1 1
node 3 3 1 1
node 4 3 0 2
gene 3 1 4 -0.264101 0 1 -0.264101 1
gene 3 2 4 8 0 2 8 1
gene 2 3 4 -7.90704 0 3 -7.90704 1
genomeend 13

/* Organism #14 Fitness: 4.00017 Error: 1.99996 */
genomestart 14
trait 1 0.0960938 0 0 0.0156378 0 0.0328346 0 0 
trait 2 0.2 0.132194 0 0 0 0 0 0 
trait 3 0.3 0 0 0 0 0 0 0 
node 1 2 1 3
node 2 1 1 1
node 3 3 1 1
node 4 3 0 2
gene 1 1 4 1.44704 0 1 1.44704 1
gene 1 2 4 8 0 2 8 1
gene 2 3 4 0.0113171 0 3 0.0113171 1
genomeend 14

/* Organism #15 Fitness: 8.7 Error: 1.05042 */
genomestart 15
trait 1 0.096875 0 0 0.0125103 0 0.0262677 0 0 
trait 2 0.2 0.105755 0 0 0 0 0 0 
trait 3 0.3 0 0 0 0 0 0 0 
node 1 2 1 3
node 2 1 1 1
node 3 3 1 1
node 4 3 0 2
gene 3 1 4 -0.742223 0 1 -0.742223 1
gene 1 2 4 8 0 2 8 1
gene 2 3 4 -8 0 3 -8 1
genomeend 15

/* Organism #16 Fitness: 4.2213 Error: 1.94542 */
genomestart 16
trait 1 0.0953125 0 0 0.0187654 0 0.0394015 0 0 
trait 2 0.2 0.158633 0 0 0 0 0 0 
trait 3 0.3 0 0 0 0 0 0 0 
node 1 2 1 3
node 2 1 1 1
node 3 3 1 1
node 4 3 0 2
gene 3 1 4 -0.78111 0 1 -0.78111 1
gene 1 2 4 6.94296 0 2 6.94296 1
gene 2 3 4 -5.6531 0 3 -5.6531 1
genomeend 16

/* Organism #17 Fitness: 9 Error: 1 */
genomestart 17
trait 1 0.0953125 0.0145652 0 0.0187654 0.00640692 0.0394015 0 0.0102301 
trait 2 0.2125 0.0793163 0 0 0 0.00456108 0 0 
trait 3 0.332812 0.00253057 0 0.000539051 0 0 0 0 
node 1 2 1 3
node 2 1 1 1
node 3 3 1 1
node 4 3 0 2
gene 3 1 4 -4.07182 0 1 -4.07182 1
gene 1 2 4 8 0 2 8 1
gene 2 3 4 -8 0 3 -8 1
genomeend 17

/* Organism #18 Fitness: 8.99999 Error: 1 */
genomestart 18
trait 1 0.0960938 0 0 0.0156378 0 0.0328346 0 0 
trait 2 0.2 0.132194 0 0 0 0 0 0 
trait 3 0.3 0 0 0 0 0 0 0 
node 1 2 1 3
node 2 1 1 1
node 3 3 1 1
node 4 3 0 2
gene 1 1 4 -2.67568 0 1 -2.67568 1
gene 1 2 4 6.81922 0 2 6.81922 1
gene 2 3 4 -7.51522 0 3 -7.51522 1
genomeend 18

/* Organism #19 Fitness: 9 Error: 1 */
genomestart 19
trait 1 0.0953125 0 0 0.0187654 0 0.0394015 0 0 
trait 2 0.2 0.158633 0 0 0 0 0 0 
trait 3 0.3 0 0 0 0 0 0 0 
node 1 2 1 3
node 2 1 1 1
node 3 3 1 1
node 4 3 0 2
gene 3 1 4 -4.56648 0 1 -4.56648 1
gene 3 2 4 8 0 2 8 1
gene 2 3 4 -6.56052 0 3 -6.56052 1
genomeend 19

/* Organism #20 Fitness: 4.71615 Error: 1.82833 */
genomestart 20
trait 1 0.0953125 0.0145652 0 0.0187654 0.00640692 0.0394015 0 0.0102301 
trait 2 0.2125 0.0793163 0 0 0 0.00456108 0 0 
trait 3 0.332812 0.00253057 0 0.000539051 0 0 0 0 
node 1 2 1 3
node 2 1 1 1
node 3 3 1 1
node 4 3 0 2
gene 3 1 4 -1.8457 0 1 -1.8457 1
gene 2 2 4 1.52626 0 2 1.52626 1
gene 2 3 4 5.79189 0 3 5.79189 1
genomeend 20

/* Organism #21 Fitness: 8.7908 Error: 1.03507 */
genomestart 21
trait 1 0.0953125 0.0145652 0 0.0187654 0.00640692 0.0394015 0 0.0102301 
trait 2 0.2125 0.0793163 0 0 0 0.00456108 0 0 
trait 3 0.332812 0.00253057 0 0.000539051 0 0 0 0 
node 1 2 1 3
node 2 1 1 1
node 3 3 1 1
node 4 3 0 2
gene 3 1 4 -2.83266 0 1 -2.83266 1
gene 2 2 4 -3.15611 0 2 -3.15611 1
gene 2 3 4 3.50582 0 3 3.50582 1
genomeend 21

/* Organism #22 Fitness: 4.00093 Error: 1.99977 */
genomestart 22
trait 1 0.0953125 0.0145652 0 0.0187654 0.00640692 0.0394015 0 0.0102301 
trait 2 0.2125 0.0793163 0 0 0 0.00456108 0 0 
trait 3 0.332812 0.00253057 0 0.000539051 0 0 0 0 
node 1 2 1 3
node 2 1 1 1
node 3 3 1 1
node 4 2 0 2
gene 3 1 4 -3.38939 0 1 -3.38939 1
gene 2 2 4 -0.258079 0 2 -0.258079 1
gene 2 3 4 5.27985 0 3 5.27985 1
genomeend 22

/* Organism #23 Fitness: 4.00001 Error: 2 */
genomestart 23
trait 1 0.0953125 0.0145652 0 0.0187654 0.00640692 0.0394015 0 0.0102301 
trait 2 0.2125 0.0793163 0 0 0 0.00456108 0 0 
trait 3 0.332812 0.00253057 0 0.000539051 0 0 0 0 
node 1 2 1 3
node 2 1 1 1
node 3 3 1 1
node 4 3 0 2
gene 3 1 4 -3.28312 0 1 -3.28312 1
gene 2 2 4 -0.542829 0 2 -0.542829 1
gene 2 3 4 6.36333 0 3 6.36333 1
genomeend 23

/* Species #2 : (Size 13) (AF 6.43026) (Age 9)  */


/* Organism #24 Fitness: 8.9847 Error: 1.00255 */
genomestart 24
trait 1 0.1 0 0 0 0 0 0 0 
trait 2 0.2 0 0 0 0 0 0 0 
trait 3 0.3 0 0 0 0 0 0 0 
node 1 1 1 3
node 2 2 1 1
node 3 1 1 1
node 4 3 0 2
node 10 1 0 0
gene 3 1 4 -4.1177 0 1 -4.1177 1
gene 1 2 4 -5.70483 0 2 -5.70483 1
gene 2 3 4 -2.16182 0 3 -2.16182 0
gene 2 3 10 2.07588 0 14 2.07588 1
gene 2 10 4 5.75861 0 15 5.75861 1
genomeend 24

/* Organism #25 Fitness: 3.95881 Error: 2.01032 */
genomestart 25
trait 1 0.1 0 0 0 0 0 0 0 
trait 2 0.2 0 0 0 0 0.0460548 0.0566607 0.0307066 
trait 3 0.3 0 0 0 0 0 0 0 
node 1 1 1 3
node 2 2 1 1
node 3 1 1 1
node 4 3 0 2
node 10 1 0 0
gene 3 1 4 -3.28457 0 1 -3.28457 1
gene 1 2 4 -5.22023 0 2 -5.22023 1
gene 2 3 4 -2.17817 0 3 -2.17817 0
gene 2 3 10 -1.06187 0 14 -1.06187 1
gene 2 10 4 4.71587 0 15 4.71587 1
gene 2 2 10 2.43077 0 61 2.43077 1
genomeend 25

/* Organism #26 Fitness: 3.73945 Error: 2.06623 */
genomestart 26
trait 1 0.1 0 0 0 0 0 0 0 
trait 2 0.2 0 0 0 0 0.0460548 0.0566607 0.0307066 
trait 3 0.3 0 0 0 0 0 0 0 
node 1 1 1 3
node 2 2 1 1
node 3 1 1 1
node 4 3 0 2
node 10 1 0 0
gene 3 1 4 -3.87571 0 1 -3.87571 1
gene 1 2 4 -1.94717 0 2 -1.94717 1
gene 2 3 4 -2.47322 0 3 -2.47322 0
gene 3 3 10 2.96511 0 14 2.96511 1
gene 2 10 4 6.74225 0 15 6.74225 1
genomeend 26

/* Organism #27 Fitness: 8.73396 Error: 1.04467 */
genomestart 27
trait 1 0.1 0 0 0 0 0 0 0 
trait 2 0.2 0 0 0 0 0 0 0 
trait 3 0.3 0 0 0 0 0 0 0 
node 1 1 1 3
node 2 2 1 1
node 3 1 1 1
node 4 3 0 2
node 10 1 0 0
gene 3 1 4 -3.83523 0 1 -3.83523 1
gene 1 2 4 -7.36794 0 2 -7.36794 1
gene 2 3 4 -2.07846 0 3 -2.07846 0
gene 2 3 10 0.979041 0 14 0.979041 1
gene 2 10 4 4.49504 0 15 4.49504 1
genomeend 27

/* Organism #28 Fitness: 8.854 Error: 1.02443 */
genomestart 28
trait 1 0.1 0 0 0 0 0 0 0 
trait 2 0.2 0 0 0 0 0.0460548 0.0566607 0.0307066 
trait 3 0.3 0 0 0 0 0 0 0 
node 1 1 1 3
node 2 2 1 1
node 3 1 1 1
node 4 3 0 2
node 10 1 0 0
gene 3 1 4 -4.137 0 1 -4.137 1
gene 1 2 4 -6.51618 0 2 -6.51618 1
gene 2 3 4 -2.33272 0 3 -2.33272 0
gene 2 3 10 0.470292 0 14 0.470292 1
gene 2 10 4 6.7757 0 15 6.7757 1
gene 2 2 10 0.32041 0 61 0.32041 1
genomeend 28

/* Organism #29 Fitness: 4 Error: 2 */
genomestart 29
trait 1 0.1 0 0 0 0 0 0 0 
trait 2 0.2 0 0 0 0 0.0921096 0.113321 0.0614132 
trait 3 0.3 0 0 0 0 0 0 0 
node 1 1 1 3
node 2 2 1 1
node 3 1 1 1
node 4 3 0 2
node 10 1 0 0
gene 3 1 4 1.37557 0 1 1.37557 1
gene 1 2 4 -4.42537 0 2 -4.42537 1
gene 2 3 4 -0.460793 0 3 -0.460793 0
gene 2 3 10 3.94983 0 14 3.94983 1
gene 2 10 4 7.90464 0 15 7.90464 1
gene 2 2 10 0.604921 0 61 0.604921 1
genomeend 29

/* Organism #30 Fitness: 3.99994 Error: 2.00001 */
genomestart 30
trait 1 0.1 0 0 0 0 0 0 0 
trait 2 0.2 0 0 0 0 0.0921096 0.113321 0.0614132 
trait 3 0.3 0 0 0 0 0 0 0 
node 1 1 1 3
node 2 2 1 1
node 3 1 1 1
node 4 3 0 2
node 10 1 0 0
gene 3 1 4 -5.51263 0 1 -5.51263 1
gene 1 2 4 -5.63118 0 2 -5.63118 1
gene 2 3 4 -0.711961 0 3 -0.711961 0
gene 2 3 10 -2.1838 0 14 -2.1838 1
gene 2 10 4 6.48706 0 15 6.48706 1
genomeend 30

/* Organism #31 Fitness: 8.88075 Error: 1.01994 */
genomestart 31
trait 1 0.1 0 0 0 0 0 0 0 
trait 2 0.2 0 0 0 0 0.0460548 0.0566607 0.0307066 
trait 3 0.3 0 0 0 0 0 0 0 
node 1 1 1 3
node 2 2 1 1
node 3 1 1 1
node 4 3 0 2
node 10 1 0 0
gene 3 1 4 -5.77983 0 1 -5.77983 1
gene 1 2 4 -5.49281 0 2 -5.49281 1
gene 2 3 4 -2.38215 0 3 -2.38215 0
gene 2 3 10 1.04753 0 14 1.04753 1
gene 2 10 4 6.60861 0 15 6.60861 1
genomeend 31

/* Organism #32 Fitness: 7.52482 Error: 1.25686 */
genomestart 32
trait 1 0.1 0 0 0 0 0 0 0 
trait 2 0.270291 0 0 0 0.312488 0 0 0 
trait 3 0.3 0 0 0 0 0 0 0 
node 1 1 1 3
node 2 2 1 1
node 3 3 1 1
node 4 3 0 2
node 10 1 0 0
gene 3 1 4 -3.90519 0 1 -3.90519 1
gene 1 2 4 -4.70702 0 2 -4.70702 1
gene 2 3 4 -1.31719 0 3 -1.31719 0
gene 2 3 10 1.42661 0 14 1.42661 1
gene 2 10 4 4.12471 0 15 4.12471 1
genomeend 32

/* Organism #33 Fitness: 1.01566 Error: 2.9922 */
genomestart 33
trait 1 0.1 0 0 0 0 0 0 0 
trait 2 0.2 0 0 0 0 0.0460548 0.0566607 0.0307066 
trait 3 0.3 0 0 0 0 0 0 0 
node 1 1 1 3
node 2 2 1 1
node 3 1 1 1
node 4 3 0 2
node 10 1 0 0
gene 3 1 4 -1.19086 0 1 -1.19086 1
gene 1 2 4 -4.982 0 2 -4.982 1
gene 2 3 4 -2.15633 0 3 -2.15633 0
gene 2 3 10 3.87485 0 14 3.87485 1
gene 2 10 4 7.15723 0 15 7.15723 1
genomeend 33

/* Organism #34 Fitness: 8.83568 Error: 1.02751 */
genomestart 34
trait 1 0.1 0 0 0 0 0 0 0 
trait 2 0.2 0 0 0 0 0 0 0 
trait 3 0.3 0 0 0 0 0 0 0 
node 1 1 1 3
node 2 2 1 1
node 3 1 1 1
node 4 3 0 2
node 10 1 0 0
gene 3 1 4 -2.95495 0 1 -2.95495 1
gene 1 2 4 -4.07498 0 2 -4.07498 1
gene 2 3 4 -1.1861 0 3 -1.1861 0
gene 2 3 10 1.23373 0 14 1.23373 1
gene 2 10 4 3.72557 0 15 3.72557 1
genomeend 34

/* Organism #35 Fitness: 8.94532 Error: 1.00913 */
genomestart 35
trait 1 0.1 0 0 0 0 0 0 0 
trait 2 0.2 0 0 0 0 0 0 0 
trait 3 0.3 0 0 0 0 0 0 0 
node 1 1 1 3
node 2 2 1 1
node 3 1 1 1
node 4 3 0 2
node 10 1 0 0
gene 3 1 4 -3.24968 0 1 -3.24968 1
gene 1 2 4 -5.48197 0 2 -5.48197 1
gene 2 3 4 -1.68661 0 3 -1.68661 0
gene 2 3 10 1.74433 0 14 1.74433 1
gene 2 10 4 4.40016 0 15 4.40016 1
genomeend 35

/* Organism #36 Fitness: 6.12031 Error: 1.52607 */
genomestart 36
trait 1 0.1 0 0 0 0 0 0 0 
trait 2 0.2 0 0 0 0 0 0 0 
trait 3 0.3 0 0 0 0 0 0 0 
node 1 1 1 3
node 2 2 1 1
node 3 1 1 1
node 4 3 0 2
node 10 1 0 0
gene 3 1 4 -3.52822 0 1 -3.52822 1
gene 1 2 4 -2.89087 0 2 -2.89087 1
gene 2 3 4 -1.16082 0 3 -1.16082 0
gene 2 3 10 1.05468 0 14 1.05468 1
gene 2 10 4 5.75861 0 15 5.75861 1
gene 2 1 10 0.092196 0 68 0.092196 1
genomeend 36

/* Species #3 : (Size 20) (AF 5.64515) (Age 8)  */


/* Organism #37 Fitness: 8.99896 Error: 1.00017 */
genomestart 37
trait 1 0.305506 0.90985 0 0 0.513572 0.862903 0 0.598528 
trait 2 0.2 0 0 0 0 0 0 0 
trait 3 0.3 0 0 0 0 0 0 0 
node 1 2 1 3
node 2 3 1 1
node 3 2 1 1
node 4 1 0 2
node 11 1 0 0
gene 3 1 4 2.23112 0 1 2.23112 1
gene 1 2 4 0.9852 0 2 0.9852 0
gene 3 3 4 -4.2088 0 3 -4.2088 1
gene 1 2 11 -1.14623 0 16 -1.14623 1
gene 1 11 4 5.51098 0 17 5.51098 1
gene 3 3 11 0.507933 0 45 0.507933 1
gene 1 1 11 -0.0272486 0 64 0 1
genomeend 37

/* Organism #38 Fitness: 3.99957 Error: 2.00011 */
genomestart 38
trait 1 0.305506 0.90985 0 0 0.513572 0.862903 0 0.598528 
trait 2 0.2 0 0 0 0 0 0 0 
trait 3 0.3 0 0 0 0 0 0 0 
node 1 2 1 3
node 2 3 1 1
node 3 2 1 1
node 4 1 0 2
node 11 1 0 0
gene 3 1 4 1.96921 0 1 1.96921 1
gene 1 2 4 0.619459 0 2 0.619459 0
gene 3 3 4 -3.80706 0 3 -3.80706 1
gene 1 2 11 0.0224886 0 16 0.0224886 1
gene 1 11 4 6.43252 0 17 6.43252 1
gene 3 3 11 0.0464602 0 45 0.0464602 1
genomeend 38

/* Organism #39 Fitness: 3.99999 Error: 2 */
genomestart 39
trait 1 0.305506 0.90985 0 0 0.513572 0.862903 0 0.598528 
trait 2 0.2 0 0 0 0 0 0 0 
trait 3 0.3 0 0 0 0 0 0 0 
node 1 2 1 3
node 2 3 1 1
node 3 2 1 1
node 4 1 0 2
node 11 1 0 0
gene 3 1 4 2.52015 0 1 2.52015 1
gene 1 2 4 0.29364 0 2 0.29364 0
gene 3 3 4 -5.70879 0 3 -5.70879 1
gene 1 2 11 -1.09271 0 16 -1.09271 1
gene 1 11 4 7.02521 0 17 7.02521 1
gene 3 3 11 -1.88099 0 45 -1.88099 1
genomeend 39

/* Organism #40 Fitness: 4 Error: 2 */
genomestart 40
trait 1 0.305506 0.90985 0 0 0.513572 0.862903 0 0.598528 
trait 2 0.2 0 0 0 0 0 0 0 
trait 3 0.3 0 0 0 0 0 0 0 
node 1 2 1 3
node 2 3 1 1
node 3 2 1 1
node 4 1 0 2
node 11 1 0 0
gene 3 1 4 1.6719 0 1 1.6719 1
gene 1 2 4 1.18856 0 2 1.18856 0
gene 3 3 4 -3.54342 0 3 -3.54342 1
gene 1 2 11 0.451733 0 16 0.451733 1
gene 1 11 4 6.33119 0 17 6.33119 1
gene 3 3 11 2.2104 0 45 2.2104 1
genomeend 40

/* Organism #41 Fitness: 4 Error: 2 */
genomestart 41
trait 1 0.305506 0.90985 0 0 0.513572 0.862903 0 0.598528 
trait 2 0.2 0 0 0 0 0 0 0 
trait 3 0.3 0 0 0 0 0 0 0 
node 1 2 1 3
node 2 3 1 1
node 3 3 1 1
node 4 1 0 2
node 11 1 0 0
gene 3 1 4 3.28614 0 1 3.28614 1
gene 1 2 4 1.18853 0 2 1.18853 0
gene 3 3 4 -5.80627 0 3 -5.80627 1
gene 1 2 11 0.548091 0 16 0.548091 1
gene 1 11 4 5.62236 0 17 5.62236 1
gene 3 3 11 1.76212 0 45 1.76212 1
gene 1 1 11 -0.547406 0 64 -0.547406 1
genomeend 41

/* Organism #42 Fitness: 1.29012 Error: 2.86417 */
genomestart 42
trait 1 0.305506 1 0 0 0.513572 0.862903 0 0.598528 
trait 2 0.2 0 0 0 0 0 0 0 
trait 3 0.3 0 0 0 0 0 0 0 
node 1 2 1 3
node 2 3 1 1
node 3 2 1 1
node 4 1 0 2
node 11 1 0 0
gene 3 1 4 -0.0259446 0 1 -0.0259446 1
gene 1 2 4 0.9852 0 2 0.9852 0
gene 3 3 4 -5.02147 0 3 -5.02147 1
gene 1 2 11 1.80653 0 16 1.80653 1
gene 1 11 4 7.40882 0 17 7.40882 1
gene 3 3 11 -0.675548 0 45 -0.675548 1
gene 1 1 11 -0.580507 0 64 -0.580507 1
genomeend 42

/* Organism #43 Fitness: 4.00185 Error: 1.99954 */
genomestart 43
trait 1 0.305506 0.90985 0 0 0.513572 0.862903 0 0.598528 
trait 2 0.2 0 0 0 0 0 0 0 
trait 3 0.3 0 0 0 0 0 0 0 
node 1 2 1 3
node 2 3 1 1
node 3 2 1 1
node 4 1 0 2
node 11 1 0 0
gene 3 1 4 2.23112 0 1 2.23112 1
gene 1 2 4 3.83687 0 2 3.83687 0
gene 3 3 4 -3.60417 0 3 -3.60417 1
gene 1 2 11 -1.16818 0 16 -1.16818 1
gene 1 11 4 4.3294 0 17 4.3294 1
gene 3 3 11 -0.832633 0 45 -0.832633 1
genomeend 43

/* Organism #44 Fitness: 6.41474 Error: 1.46727 */
genomestart 44
trait 1 0.305506 0.90985 0 0 0.513572 0.862903 0 0.598528 
trait 2 0.2 0 0 0 0 0 0 0 
trait 3 0.3 0 0 0 0 0 0 0 
node 1 2 1 3
node 2 3 1 1
node 3 2 1 1
node 4 1 0 2
node 11 1 0 0
gene 3 1 4 4.12182 0 1 4.12182 1
gene 1 2 4 -0.961203 0 2 -0.961203 0
gene 3 3 4 -4.18013 0 3 -4.18013 1
gene 1 2 11 -2.64697 0 16 -2.64697 1
gene 1 11 4 4.57013 0 17 4.57013 1
gene 3 3 11 1.63881 0 45 1.63881 1
genomeend 44

/* Organism #45 Fitness: 4 Error: 2 */
genomestart 45
trait 1 0.305506 0.90985 0 0 0.513572 0.862903 0 0.598528 
trait 2 0.2 0 0 0 0 0 0 0 
trait 3 0.3 0 0 0 0 0 0 0 
node 1 2 1 3
node 2 3 1 1
node 3 2 1 1
node 4 1 0 2
node 11 1 0 0
gene 3 1 4 2.51727 0 1 2.51727 1
gene 1 2 4 -0.845523 0 2 -0.845523 0
gene 3 3 4 -3.53456 0 3 -3.53456 1
gene 1 2 11 0.966917 0 16 0.966917 1
gene 1 11 4 3.2743 0 17 3.2743 1
gene 3 3 11 2.78286 0 45 2.78286 1
genomeend 45

/* Organism #46 Fitness: 8.99882 Error: 1.0002 */
genomestart 46
trait 1 0.305506 0.90985 0 0 0.513572 0.862903 0 0.598528 
trait 2 0.2 0 0 0 0 0 0 0 
trait 3 0.3 0 0 0 0 0 0 0 
node 1 2 1 3
node 2 3 1 1
node 3 2 1 1
node 4 1 0 2
node 11 1 0 0
gene 3 1 4 2.23112 0 1 2.23112 1
gene 1 2 4 1.5389 0 2 1.5389 0
gene 3 3 4 -4.2088 0 3 -4.2088 1
gene 1 2 11 -1.14623 0 16 -1.14623 1
gene 1 11 4 5.51098 0 17 5.51098 1
gene 3 3 11 0.507933 0 45 0.507933 1
genomeend 46

/* Organism #47 Fitness: 8.1945 Error: 1.1374 */
genomestart 47
trait 1 0.305506 0.90985 0 0.0111399 0.513572 0 0 0.598528 
trait 2 0.2 0 0 0 0 0 0 0 
trait 3 0.3 0 0 0 0 0 0 0 
node 1 2 1 3
node 2 3 1 1
node 3 2 1 1
node 4 1 0 2
node 11 1 0 0
gene 3 1 4 0.0412993 0 1 0.0412993 1
gene 1 2 4 1.37914 0 2 1.37914 0
gene 3 3 4 -1.61698 0 3 -1.61698 1
gene 1 2 11 -2.87287 0 16 -2.87287 1
gene 1 11 4 6.99279 0 17 6.99279 1
gene 3 3 11 -1.00174 0 45 -1.00174 1
gene 2 1 11 2.26421 0 64 2.26421 1
genomeend 47

/* Organism #48 Fitness: 8.99824 Error: 1.00029 */
genomestart 48
trait 1 0.305506 0.90985 0 0 0.513572 0.862903 0 0.598528 
trait 2 0.2 0 0 0 0 0 0 0 
trait 3 0.3 0 0 0 0 0 0 0 
node 1 2 1 3
node 2 3 1 1
node 3 2 1 1
node 4 1 0 2
node 11 1 0 0
gene 3 1 4 2.84793 0 1 2.84793 1
gene 1 2 4 1.26205 0 2 1.26205 0
gene 3 3 4 -4.66855 0 3 -4.66855 1
gene 1 2 11 -0.9494 0 16 -0.9494 1
gene 1 11 4 5.19533 0 17 5.19533 1
gene 1 3 11 0.251162 0 53 0.251162 1
gene 1 1 11 -0.0272486 0 64 -0.0272486 1
genomeend 48

/* Organism #49 Fitness: 3.99998 Error: 2.00001 */
genomestart 49
trait 1 0.305506 0.884972 0.115015 0 0.635179 0.862903 0 0.598528 
trait 2 0.2 0 0 0 0 0 0 0 
trait 3 0.3 0 0 0 0 0 0 0 
node 1 2 1 3
node 2 3 1 1
node 3 2 1 1
node 4 1 0 2
node 11 1 0 0
gene 3 1 4 5.07095 0 1 5.07095 1
gene 1 2 4 1.619 0 2 1.619 0
gene 3 3 4 -4.66855 0 3 -4.66855 1
gene 1 2 11 -2.39678 0 16 -2.39678 1
gene 1 11 4 -1.3916 0 17 -1.3916 1
gene 1 3 11 1.96461 0 53 1.96461 1
gene 1 1 11 2.28015 0 64 2.28015 1
genomeend 49

/* Organism #50 Fitness: 3.99987 Error: 2.00003 */
genomestart 50
trait 1 0.305506 0.90985 0 0 0.513572 0.862903 0 0.598528 
trait 2 0.2 0 0 0 0 0 0 0 
trait 3 0.3 0 0 0 0 0 0 0 
node 1 2 1 3
node 2 3 1 1
node 3 2 1 1
node 4 1 0 2
node 11 1 0 0
gene 3 1 4 2.0586 0 1 2.0586 1
gene 1 2 4 1.53104 0 2 1.53104 0
gene 3 3 4 -3.03596 0 3 -3.03596 1
gene 1 2 11 -0.9494 0 16 -0.9494 1
gene 1 11 4 3.4514 0 17 3.4514 1
gene 1 3 11 1.70646 0 53 1.70646 1
gene 1 1 11 -0.0272486 0 64 -0.0272486 1
genomeend 50

/* Organism #51 Fitness: 8.99824 Error: 1.00029 */
genomestart 51
trait 1 0.305506 0.90985 0 0 0.513572 0.862903 0 0.598528 
trait 2 0.2 0 0 0 0 0 0 0 
trait 3 0.3 0 0 0 0 0 0 0 
node 1 2 1 3
node 2 3 1 1
node 3 2 1 1
node 4 1 0 2
node 11 1 0 0
gene 3 1 4 2.84793 0 1 2.84793 1
gene 1 2 4 1.26205 0 2 1.26205 0
gene 3 3 4 -4.66855 0 3 -4.66855 1
gene 1 2 11 -0.9494 0 16 -0.9494 1
gene 1 11 4 5.19533 0 17 5.19533 1
gene 1 3 11 0.251162 0 53 0.251162 1
gene 1 1 11 -0.0272486 0 64 -0.0272486 1
genomeend 51

/* Organism #52 Fitness: 4.14773 Error: 1.9634 */
genomestart 52
trait 1 0.305506 0.884972 0.115015 0 0.635179 0.862903 0 0.598528 
trait 2 0.2 0 0 0 0 0 0 0 
trait 3 0.3 0 0 0 0 0 0 0 
node 1 2 1 3
node 2 3 1 1
node 3 2 1 1
node 4 1 0 2
node 11 1 0 0
gene 3 1 4 3.48595 0 1 3.48595 1
gene 1 2 4 2.40383 0 2 2.40383 0
gene 3 3 4 -2.84646 0 3 -2.84646 1
gene 1 2 11 -2.1089 0 16 -2.1089 1
gene 1 11 4 4.53689 0 17 4.53689 1
gene 1 3 11 -1.05873 0 53 -1.05873 1
gene 1 1 11 2.10981 0 64 2.10981 1
genomeend 52

/* Organism #53 Fitness: 8.36569 Error: 1.10765 */
genomestart 53
trait 1 0.305506 0.90985 0 0 0.513572 0.862903 0 0.598528 
trait 2 0.2 0 0 0 0 0 0 0 
trait 3 0.3 0 0 0 0 0 0 0 
node 1 2 1 3
node 2 3 1 1
node 3 2 1 1
node 4 1 0 2
node 11 1 0 0
gene 3 1 4 0.454681 0 1 0.454681 1
gene 1 2 4 0.171627 0 2 0.171627 0
gene 3 3 4 -6.85452 0 3 -6.85452 1
gene 1 2 11 -2.55066 0 16 -2.55066 1
gene 1 11 4 7.32248 0 17 7.32248 1
gene 1 3 11 1.38232 0 53 1.38232 1
gene 1 1 11 -0.132205 0 64 -0.132205 1
genomeend 53

/* Organism #54 Fitness: 8.49456 Error: 1.08546 */
genomestart 54
trait 1 0.305506 0.884972 0.115015 0 0.635179 0.862903 0 0.598528 
trait 2 0.2 0 0 0 0 0 0 0 
trait 3 0.3 0 0 0 0 0 0 0 
node 1 2 1 3
node 2 3 1 1
node 3 2 1 1
node 4 1 0 2
node 11 1 0 0
gene 3 1 4 2.72312 0 1 2.72312 1
gene 1 2 4 1.09351 0 2 1.09351 1
gene 3 3 4 -4.30652 0 3 -4.30652 1
gene 1 2 11 -2.04051 0 16 -2.04051 1
gene 1 11 4 6.59767 0 17 6.59767 1
gene 1 3 11 0.717092 0 53 0.717092 1
gene 1 1 11 -0.0272486 0 64 -0.0272486 1
genomeend 54

/* Organism #55 Fitness: 4 Error: 2 */
genomestart 55
trait 1 0.305506 0.90985 0 0 0.513572 0.862903 0 0.598528 
trait 2 0.2 0 0 0 0 0 0 0 
trait 3 0.3 0 0 0 0 0 0 0 
node 1 2 1 3
node 2 3 1 1
node 3 2 1 1
node 4 1 0 2
node 11 1 0 0
gene 3 1 4 5.06587 0 1 5.06587 1
gene 1 2 4 -0.218801 0 2 -0.218801 0
gene 3 3 4 -6.21821 0 3 -6.21821 1
gene 1 2 11 1.18694 0 16 1.18694 1
gene 1 11 4 4.22049 0 17 4.22049 1
gene 1 3 11 1.62792 0 53 1.62792 1
gene 1 1 11 -1.03295 0 64 -1.03295 1
genomeend 55

/* Organism #56 Fitness: 4.00007 Error: 1.99998 */
genomestart 56
trait 1 0.305506 0.884972 0.115015 0 0.635179 0.862903 0 0.598528 
trait 2 0.2 0 0 0 0 0 0 0 
trait 3 0.3 0 0 0 0 0 0 0 
node 1 2 1 3
node 2 3 1 1
node 3 2 1 1
node 4 1 0 2
node 11 1 0 0
gene 3 1 4 1.84536 0 1 1.84536 1
gene 1 2 4 -0.969935 0 2 -0.969935 0
gene 3 3 4 -3.84972 0 3 -3.84972 1
gene 1 2 11 1.17868 0 16 1.17868 1
gene 1 11 4 7.23227 0 17 7.23227 1
gene 1 3 11 3.6229 0 53 3.6229 1
gene 1 1 11 -2.26236 0 64 -2.26236 1
genomeend 56

/* Species #4 : (Size 15) (AF 5.64595) (Age 7)  */


/* Organism #57 Fitness: 8.99886 Error: 1.00019 */
genomestart 57
trait 1 0.1 0 0 0 0 0 0 0 
trait 2 0.2 0 0 0 0 0.184219 0.226643 0.122826 
trait 3 0.3 0 0 0 0 0 0 0 
node 1 1 1 3
node 2 2 1 1
node 3 1 1 1
node 4 3 0 2
node 10 1 0 0
gene 3 1 4 -1.81001 0 1 -1.81001 1
gene 1 2 4 -3.81043 0 2 -3.81043 1
gene 2 3 4 3.80616 0 3 3.80616 1
gene 2 3 10 -2.85211 0 14 -2.85211 1
gene 2 10 4 -0.8574 0 15 -0.8574 1
gene 2 2 10 -4.01105 0 23 -4.01105 1
gene 1 1 10 0.291218 0 24 0.291218 1
genomeend 57

/* Organism #58 Fitness: 8.98413 Error: 1.00265 */
genomestart 58
trait 1 0.1 0 0 0 0 0 0 0 
trait 2 0.2 0 0 0 0 0.184219 0.226643 0.122826 
trait 3 0.3 0 0 0 0 0 0 0 
node 1 1 1 3
node 2 2 1 1
node 3 1 1 1
node 4 3 0 2
node 10 1 0 0
gene 3 1 4 -1.5842 0 1 -1.5842 1
gene 1 2 4 -2.7511 0 2 -2.7511 1
gene 2 3 4 3.05519 0 3 3.05519 1
gene 2 3 10 -3.268 0 14 -3.268 1
gene 2 10 4 -0.32535 0 15 -0.32535 1
gene 2 2 10 -3.07587 0 23 -3.07587 1
gene 1 1 10 0.344842 0 24 0.344842 1
genomeend 58

/* Organism #59 Fitness: 8.98413 Error: 1.00265 */
genomestart 59
trait 1 0.1 0 0 0 0 0 0 0 
trait 2 0.2 0 0 0 0 0.184219 0.226643 0.122826 
trait 3 0.3 0 0 0 0 0 0 0 
node 1 1 1 3
node 2 2 1 1
node 3 1 1 1
node 4 3 0 2
node 10 1 0 0
gene 3 1 4 -1.5842 0 1 -1.5842 1
gene 1 2 4 -2.7511 0 2 -2.7511 1
gene 2 3 4 3.05519 0 3 3.05519 1
gene 2 3 10 -3.268 0 14 -3.268 1
gene 2 10 4 -0.32535 0 15 -0.32535 1
gene 2 2 10 -3.07587 0 23 -3.07587 1
gene 1 1 10 0.344842 0 24 0.344842 1
genomeend 59

/* Organism #60 Fitness: 4.06145 Error: 1.9847 */
genomestart 60
trait 1 0.1 0 0 0 0 0 0 0 
trait 2 0.2 0 0 0 0 0.184219 0.226643 0.122826 
trait 3 0.3 0 0 0 0 0 0 0 
node 1 1 1 3
node 2 2 1 1
node 3 1 1 1
node 4 3 0 2
node 10 1 0 0
gene 3 1 4 0.23126 0 1 0.23126 1
gene 1 2 4 -2.007 0 2 -2.007 1
gene 2 3 4 2.57177 0 3 2.57177 1
gene 2 3 10 -3.68389 0 14 -3.68389 1
gene 2 10 4 -1.33707 0 15 -1.33707 1
gene 2 2 10 -3.2445 0 23 -3.2445 1
gene 1 1 10 1.56359 0 24 1.56359 1
genomeend 60

/* Organism #61 Fitness: 4.60938 Error: 1.85305 */
genomestart 61
trait 1 0.1 0 0 0 0 0 0 0 
trait 2 0.2 0 0 0 0 0.184219 0.226643 0.122826 
trait 3 0.3 0 0 0 0 0 0 0 
node 1 1 1 3
node 2 2 1 1
node 3 1 1 1
node 4 3 0 2
node 10 1 0 0
gene 3 1 4 1.14866 0 1 1.14866 1
gene 1 2 4 2.2871 0 2 2.2871 1
gene 2 3 4 6.12556 0 3 6.12556 1
gene 2 3 10 -6.14478 0 14 -6.14478 1
gene 2 10 4 -3.46573 0 15 -3.46573 1
gene 2 2 10 -1.5201 0 23 -1.5201 1
gene 1 1 10 -0.247242 0 24 -0.247242 1
genomeend 61

/* Organism #62 Fitness: 1.3257 Error: 2.84861 */
genomestart 62
trait 1 0.1 0 0 0 0 0 0 0 
trait 2 0.2 0 0 0 0 0.184219 0.226643 0.122826 
trait 3 0.3 0 0 0 0 0 0 0 
node 1 1 1 3
node 2 2 1 1
node 3 1 1 1
node 4 3 0 2
node 10 1 0 0
gene 3 1 4 -2.19069 0 1 -2.19069 1
gene 1 2 4 0.0687324 0 2 0.0687324 1
gene 2 3 4 -1.40181 0 3 -1.40181 1
gene 2 3 10 -2.74855 0 14 -2.74855 1
gene 1 10 4 2.54113 0 15 2.54113 1
gene 2 2 10 -3.26857 0 23 -3.26857 1
gene 1 1 10 1.80498 0 24 1.80498 1
genomeend 62

/* Organism #63 Fitness: 8.98799 Error: 1.002 */
genomestart 63
trait 1 0.1 0 0 0 0 0 0 0 
trait 2 0.2 0 0 0 0 0.184219 0.226643 0.122826 
trait 3 0.3 0 0 0 0 0 0 0 
node 1 1 1 3
node 2 2 1 1
node 3 1 1 1
node 4 3 0 2
node 10 1 0 0
gene 3 1 4 -0.542283 0 1 -0.542283 1
gene 1 2 4 -4.25683 0 2 -4.25683 1
gene 2 3 4 3.20258 0 3 3.20258 1
gene 2 3 10 -2.77245 0 14 -2.77245 1
gene 2 10 4 -2.10795 0 15 -2.10795 1
gene 2 2 10 -3.14741 0 23 -3.14741 1
gene 1 1 10 -0.115169 0 24 -0.115169 1
genomeend 63

/* Organism #64 Fitness: 4.77453 Error: 1.81493 */
genomestart 64
trait 1 0.1 0 0 0 0 0 0 0 
trait 2 0.2 0 0 0 0 0.184219 0.226643 0.122826 
trait 3 0.3 0 0 0 0 0 0 0 
node 1 1 1 3
node 2 2 1 1
node 3 1 1 1
node 4 3 0 2
node 10 1 0 0
gene 3 1 4 -4.16054 0 1 -4.16054 1
gene 1 2 4 -2.74373 0 2 -2.74373 1
gene 2 3 4 4.71689 0 3 4.71689 1
gene 2 3 10 -0.690841 0 14 -0.690841 1
gene 2 10 4 -0.8574 0 15 -0.8574 1
gene 2 2 10 -3.57892 0 23 -3.57892 1
gene 1 1 10 2.67787 0 24 2.67787 1
genomeend 64

/* Organism #65 Fitness: 4 Error: 2 */
genomestart 65
trait 1 0.1 0 0 0 0 0 0 0 
trait 2 0.2 0 0 0 0 0.184219 0.226643 0.122826 
trait 3 0.3 0 0 0 0 0 0 0 
node 1 1 1 3
node 2 2 1 1
node 3 1 1 1
node 4 3 0 2
node 10 1 0 0
gene 3 1 4 -2.19688 0 1 -2.19688 1
gene 1 2 4 -2.53981 0 2 -2.53981 1
gene 2 3 4 -1.15728 0 3 -1.15728 1
gene 2 3 10 -5.21793 0 14 -5.21793 1
gene 2 10 4 -1.16864 0 15 -1.16864 1
gene 2 2 10 -1.51021 0 23 -1.51021 1
gene 1 1 10 0.291218 0 24 0.291218 1
genomeend 65

/* Organism #66 Fitness: 4.06236 Error: 1.98447 */
genomestart 66
trait 1 0.1 0 0 0 0 0 0 0 
trait 2 0.2 0 0 0 0 0.184219 0.226643 0.122826 
trait 3 0.3 0 0 0 0 0 0 0 
node 1 1 1 3
node 2 2 1 1
node 3 1 1 1
node 4 3 0 2
node 10 1 0 0
gene 3 1 4 -2.95202 0 1 -2.95202 1
gene 1 2 4 -1.684 0 2 -1.684 1
gene 2 3 4 2.10944 0 3 2.10944 1
gene 1 3 10 -4.41506 0 14 -4.41506 1
gene 2 10 4 -0.0243665 0 15 -0.0243665 1
gene 2 2 10 -3.32898 0 23 -3.32898 1
gene 1 1 10 -2.16201 0 24 -2.16201 1
genomeend 66

/* Organism #67 Fitness: 1.72872 Error: 2.68519 */
genomestart 67
trait 1 0.1 0 0 0 0 0 0 0 
trait 2 0.2 0 0 0 0 0.184219 0.226643 0.122826 
trait 3 0.3 0 0 0 0 0 0 0 
node 1 1 1 3
node 2 2 1 1
node 3 1 1 1
node 4 3 0 2
node 10 1 0 0
gene 3 1 4 -1.9062 0 1 -1.9062 1
gene 1 2 4 0.0579443 0 2 0.0579443 1
gene 2 3 4 0.231585 0 3 0.231585 1
gene 2 3 10 -3.33043 0 14 -3.33043 1
gene 2 10 4 2.19904 0 15 2.19904 1
gene 2 2 10 -2.58678 0 23 -2.58678 1
gene 1 1 10 0.554009 0 24 0.554009 1
genomeend 67

/* Organism #68 Fitness: 8.99793 Error: 1.00034 */
genomestart 68
trait 1 0.1 0 0 0 0 0 0 0 
trait 2 0.2 0 0 0 0 0.184219 0.226643 0.122826 
trait 3 0.3 0 0 0 0 0 0 0 
node 1 1 1 3
node 2 2 1 1
node 3 1 1 1
node 4 3 0 2
node 10 1 0 0
gene 3 1 4 0.125529 0 1 0.125529 1
gene 1 2 4 4.65989 0 2 4.65989 1
gene 2 3 4 3.90426 0 3 3.90426 1
gene 2 3 10 -1.72558 0 14 -1.72558 1
gene 2 10 4 -1.74539 0 15 -1.74539 1
gene 2 2 10 -3.14993 0 23 -3.14993 1
gene 1 1 10 1.90793 0 24 1.90793 1
genomeend 68

/* Organism #69 Fitness: 4.00374 Error: 1.99907 */
genomestart 69
trait 1 0.1 0 0 0 0 0 0 0 
trait 2 0.2 0 0 0 0 0.184219 0.226643 0.122826 
trait 3 0.3 0 0 0 0 0 0 0 
node 1 1 1 3
node 2 2 1 1
node 3 1 1 1
node 4 3 0 2
node 10 1 0 0
gene 3 1 4 -2.50968 0 1 -2.50968 1
gene 1 2 4 -3.4188 0 2 -3.4188 1
gene 2 3 4 1.09312 0 3 1.09312 1
gene 2 3 10 -6.11729 0 14 -6.11729 1
gene 2 10 4 -1.64101 0 15 -1.64101 1
gene 2 2 10 -1.46897 0 23 -1.46897 1
gene 1 1 10 2.85599 0 24 2.85599 1
genomeend 69

/* Organism #70 Fitness: 3.2545 Error: 2.19598 */
genomestart 70
trait 1 0.1 0 0 0 0 0 0 0 
trait 2 0.2 0 0 0 0 0.184219 0.226643 0.122826 
trait 3 0.3 0 0 0 0 0 0 0 
node 1 1 1 3
node 2 2 1 1
node 3 1 1 1
node 4 3 0 2
node 10 1 0 0
gene 3 1 4 -0.144232 0 1 -0.144232 1
gene 1 2 4 -1.59309 0 2 -1.59309 1
gene 2 3 4 0.415905 0 3 0.415905 1
gene 2 3 10 -2.92246 0 14 -2.92246 1
gene 2 10 4 1.04628 0 15 1.04628 1
gene 2 2 10 -4.81464 0 23 -4.81464 1
gene 1 1 10 1.6418 0 24 1.6418 1
genomeend 70

/* Organism #71 Fitness: 7.91578 Error: 1.1865 */
genomestart 71
trait 1 0.1 0 0 0 0 0 0 0 
trait 2 0.2 0 0 0 0 0.184219 0.226643 0.122826 
trait 3 0.3 0 0 0 0 0 0 0 
node 1 1 1 3
node 2 2 1 1
node 3 1 1 1
node 4 3 0 2
node 10 1 0 0
gene 3 1 4 -1.74095 0 1 -1.74095 1
gene 1 2 4 2.04097 0 2 2.04097 1
gene 2 3 4 3.86236 0 3 3.86236 1
gene 2 3 10 -2.50774 0 14 -2.50774 1
gene 2 10 4 0.341644 0 15 0.341644 1
gene 2 2 10 -2.13008 0 23 -2.13008 1
gene 1 1 10 0.781869 0 24 0.781869 1
genomeend 71

/* Species #5 : (Size 14) (AF 4.68518) (Age 7)  */


/* Organism #72 Fitness: 8.96646 Error: 1.0056 */
genomestart 72
trait 1 0.1 0 0 0 0 0 0 0 
trait 2 0.2 0 0 0 0 0 0 0 
trait 3 0.3 0 0 0 0 0.000409204 0 0.373731 
node 1 1 1 3
node 2 2 1 1
node 3 1 1 1
node 4 3 0 2
node 10 1 0 0
node 13 1 0 0
gene 3 1 4 0.774419 0 1 0.774419 1
gene 1 2 4 -3.6791 0 2 -3.6791 1
gene 2 3 4 -1.4098 0 3 -1.4098 1
gene 2 3 10 -3.22465 0 14 -3.22465 1
gene 2 10 4 2.69705 0 15 2.69705 0
gene 2 10 13 3.26927 0 21 3.26927 1
gene 2 13 4 4.00601 0 22 4.00601 1
gene 3 2 10 2.04448 0 52 2.04448 1
genomeend 72

/* Organism #73 Fitness: 3.99999 Error: 2 */
genomestart 73
trait 1 0.1 0 0 0 0 0 0 0 
trait 2 0.2 0 0 0 0 0 0 0 
trait 3 0.3 0 0 0 0 0.000511505 0 0.467164 
node 1 1 1 3
node 2 2 1 1
node 3 1 1 1
node 4 3 0 2
node 10 1 0 0
node 13 1 0 0
gene 3 1 4 0.106598 0 1 0.106598 1
gene 1 2 4 -6.0576 0 2 -6.0576 1
gene 2 3 4 0.715038 0 3 0.715038 0
gene 2 3 10 -0.627122 0 14 -0.627122 1
gene 2 10 4 -0.256601 0 15 -0.256601 0
gene 2 10 13 3.07925 0 21 3.07925 1
gene 2 13 4 3.86663 0 22 3.86663 1
gene 3 2 10 2.33124 0 52 2.33124 1
genomeend 73

/* Organism #74 Fitness: 4.00199 Error: 1.9995 */
genomestart 74
trait 1 0.1 0 0 0 0 0 0 0 
trait 2 0.2 0 0 0 0 0 0 0 
trait 3 0.3 0 0 0 0 0.000511505 0 0.467164 
node 1 1 1 3
node 2 2 1 1
node 3 1 1 1
node 4 3 0 2
node 10 2 0 0
node 13 1 0 0
gene 3 1 4 3.90797 0 1 3.90797 1
gene 1 2 4 -4.44434 0 2 -4.44434 1
gene 2 3 4 -0.605663 0 3 -0.605663 0
gene 2 3 10 -1.96069 0 14 -1.96069 1
gene 2 10 4 -0.722779 0 15 -0.722779 0
gene 2 10 13 1.67175 0 21 1.67175 1
gene 2 13 4 2.96041 0 22 2.96041 1
gene 3 2 10 1.52343 0 52 1.52343 1
genomeend 74

/* Organism #75 Fitness: 8.96646 Error: 1.0056 */
genomestart 75
trait 1 0.1 0 0 0 0 0 0 0 
trait 2 0.2 0 0 0 0 0 0 0 
trait 3 0.3 0 0 0 0 0.000409204 0 0.373731 
node 1 1 1 3
node 2 2 1 1
node 3 1 1 1
node 4 3 0 2
node 10 1 0 0
node 13 1 0 0
gene 3 1 4 0.774419 0 1 0.774419 1
gene 1 2 4 -3.6791 0 2 -3.6791 1
gene 2 3 4 -1.4098 0 3 -1.4098 1
gene 2 3 10 -3.22465 0 14 -3.22465 1
gene 2 10 4 2.69705 0 15 2.69705 0
gene 2 10 13 3.26927 0 21 3.26927 1
gene 2 13 4 4.00601 0 22 4.00601 1
gene 3 2 10 2.04448 0 52 2.04448 1
genomeend 75

/* Organism #76 Fitness: 4.00023 Error: 1.99994 */
genomestart 76
trait 1 0.1 0 0 0 0 0 0 0 
trait 2 0.2 0 0 0 0 0 0 0 
trait 3 0.3 0 0 0 0 0.000511505 0 0.467164 
node 1 1 1 3
node 2 2 1 1
node 3 1 1 1
node 4 3 0 2
node 10 1 0 0
node 13 1 0 0
gene 3 1 4 1.94331 0 1 1.94331 1
gene 1 2 4 -1.98961 0 2 -1.98961 1
gene 2 3 4 0.949782 0 3 0.949782 0
gene 2 3 10 -2.57448 0 14 -2.57448 1
gene 2 10 4 1.5348 0 15 1.5348 0
gene 2 10 13 1.86932 0 21 1.86932 1
gene 2 13 4 4.05594 0 22 4.05594 1
genomeend 76

/* Organism #77 Fitness: 4.45016 Error: 1.89046 */
genomestart 77
trait 1 0.1 0 0 0 0 0 0 0 
trait 2 0.2 0 0 0 0 0 0 0 
trait 3 0.3 0 0 0 0 0.000511505 0 0.467164 
node 1 1 1 3
node 2 2 1 1
node 3 1 1 1
node 4 3 0 2
node 10 1 0 0
node 13 1 0 0
gene 3 1 4 1.71396 0 1 1.71396 1
gene 1 2 4 -3.25975 0 2 -3.25975 1
gene 2 3 4 -0.459839 0 3 -0.459839 0
gene 2 3 10 -2.4945 0 14 -2.4945 1
gene 2 10 4 1.0554 0 15 1.0554 0
gene 2 10 13 1.69751 0 21 1.69751 1
gene 2 13 4 3.94255 0 22 3.94255 1
genomeend 77

/* Organism #78 Fitness: 2.91817 Error: 2.29173 */
genomestart 78
trait 1 0.1 0 0 0 0 0 0 0 
trait 2 0.2 0 0 0 0 0 0 0 
trait 3 0.3 0 0 0 0 0.000613806 0 0.560597 
node 1 1 1 3
node 2 2 1 1
node 3 1 1 1
node 4 3 0 2
node 10 1 0 0
node 13 1 0 0
gene 3 1 4 -1.15605 0 1 -1.15605 1
gene 1 2 4 -5.76635 0 2 -5.76635 1
gene 2 3 4 2.52061 0 3 2.52061 0
gene 2 3 10 -2.23427 0 14 -2.23427 1
gene 2 10 4 2.62641 0 15 2.62641 0
gene 2 10 13 1.52571 0 21 1.52571 1
gene 2 13 4 2.67065 0 22 2.67065 1
genomeend 78

/* Organism #79 Fitness: 3.72803 Error: 2.06919 */
genomestart 79
trait 1 0.1 0 0 0 0 0 0 0 
trait 2 0.2 0 0 0 0 0 0 0 
trait 3 0.3 0 0 0 0 0.000409204 0 0.373731 
node 1 1 1 3
node 2 2 1 1
node 3 1 1 1
node 4 3 0 2
node 10 1 0 0
node 13 1 0 0
gene 3 1 4 1.92745 0 1 1.92745 1
gene 1 2 4 -0.281782 0 2 -0.281782 1
gene 2 3 4 -3.31263 0 3 -3.31263 1
gene 2 3 10 -3.35561 0 14 -3.35561 1
gene 2 10 4 1.88724 0 15 1.88724 0
gene 2 10 13 3.33607 0 21 3.33607 1
gene 2 13 4 -2.387 0 22 -2.387 1
gene 3 2 10 2.04448 0 52 2.04448 1
genomeend 79

/* Organism #80 Fitness: 4.00004 Error: 1.99999 */
genomestart 80
trait 1 1 0.65865 0 0 0 0.46528 0 0 
trait 2 0.2 0 0 0 0 0.0115137 0.0141652 0.00767665 
trait 3 0.3 0.109397 0 0 0 0.000460354 0.0948936 0.420448 
node 1 1 1 3
node 2 2 1 1
node 3 1 1 1
node 4 3 0 2
node 10 1 0 0
node 13 1 0 0
gene 3 1 4 2.34688 0 1 2.34688 1
gene 1 2 4 -1.96488 0 2 -1.96488 1
gene 2 3 4 -0.912194 0 3 -0.912194 0
gene 2 3 10 -2.293 0 14 -2.293 1
gene 2 10 4 -1.8454 0 15 -1.8454 0
gene 2 10 13 1.59449 0 21 1.59449 1
gene 2 13 4 3.89331 0 22 3.89331 1
genomeend 80

/* Organism #81 Fitness: 2.66342 Error: 2.368 */
genomestart 81
trait 1 0.1 0 0 0 0 0 0 0 
trait 2 0.2 0 0 0 0 0 0 0 
trait 3 0.3 0 0 0 0 0.000511505 0 0.467164 
node 1 1 1 3
node 2 2 1 1
node 3 1 1 1
node 4 1 0 2
node 10 1 0 0
node 13 1 0 0
gene 3 1 4 -1.85924 0 1 -1.85924 1
gene 1 2 4 -6.50599 0 2 -6.50599 1
gene 2 3 4 2.69542 0 3 2.69542 0
gene 2 3 10 -2.57448 0 14 -2.57448 1
gene 2 10 4 0.490566 0 15 0.490566 0
gene 2 10 13 0.438532 0 21 0.438532 1
gene 2 13 4 2.38521 0 22 2.38521 1
genomeend 81

/* Organism #82 Fitness: 1.22732 Error: 2.89216 */
genomestart 82
trait 1 0.1 0 0 0 0 0 0 0 
trait 2 0.2 0 0 0 0 0.0115137 0.0141652 0.00767665 
trait 3 0.3 0.109397 0 0 0 0.000358053 0.0948936 0.327015 
node 1 1 1 3
node 2 2 1 1
node 3 1 1 1
node 4 3 0 2
node 10 1 0 0
node 13 1 0 0
gene 3 1 4 0.651516 0 1 0.651516 1
gene 1 2 4 -2.9429 0 2 -2.9429 1
gene 2 3 4 -1.91813 0 3 -1.91813 1
gene 2 3 10 -4.38862 0 14 -4.38862 1
gene 2 10 4 4.96989 0 15 4.96989 0
gene 2 10 13 0.975954 0 21 0.975954 1
gene 2 13 4 1.5998 0 22 1.5998 1
gene 3 2 10 -0.00719559 0 52 -0.00719559 1
genomeend 82

/* Organism #83 Fitness: 4.0012 Error: 1.9997 */
genomestart 83
trait 1 0.1 0 0 0 0 0 0 0 
trait 2 0.2 0 0 0 0 0 0 0 
trait 3 0.3 0 0 0 0 0.000409204 0 0.373731 
node 1 1 1 3
node 2 2 1 1
node 3 1 1 1
node 4 3 0 2
node 10 1 0 0
node 13 1 0 0
gene 3 1 4 0.887382 0 1 0.887382 1
gene 1 2 4 -1.29545 0 2 -1.29545 1
gene 2 3 4 -0.115392 0 3 -0.115392 1
gene 2 3 10 -0.952695 0 14 -0.952695 1
gene 2 10 4 2.81021 0 15 2.81021 0
gene 2 10 13 2.64106 0 21 2.64106 1
gene 2 13 4 4.29861 0 22 4.29861 1
gene 3 2 10 -0.368874 0 52 -0.368874 1
genomeend 83

/* Organism #84 Fitness: 8.66891 Error: 1.0557 */
genomestart 84
trait 1 0.1 0 0 0 0 0 0 0 
trait 2 0.2 0 0 0 0 0.0115137 0.0141652 0.00767665 
trait 3 0.3 0.109397 0 0 0 0.000358053 0.0948936 0.327015 
node 1 1 1 3
node 2 2 1 1
node 3 1 1 1
node 4 3 0 2
node 10 1 0 0
node 13 1 0 0
gene 3 1 4 0.863856 0 1 0.863856 1
gene 1 2 4 -2.62209 0 2 -2.62209 1
gene 2 3 4 -2.77417 0 3 -2.77417 1
gene 2 3 10 -2.57448 0 14 -2.57448 1
gene 2 10 4 1.5348 0 15 1.5348 0
gene 2 10 13 1.22791 0 21 1.22791 1
gene 2 13 4 3.95746 0 22 3.95746 1
gene 1 1 13 2.15209 0 44 2.15209 1
genomeend 84

/* Organism #85 Fitness: 4.0002 Error: 1.99995 */
genomestart 85
trait 1 0.1 0 0 0 0 0 0 0 
trait 2 0.2 0 0 0 0 0 0 0 
trait 3 0.3 0 0 0 0 0.000818408 0 0.747463 
node 1 1 1 3
node 2 2 1 1
node 3 1 1 1
node 4 3 0 2
node 10 1 0 0
node 13 1 0 0
gene 3 1 4 1.14445 0 1 1.14445 1
gene 1 2 4 -1.82634 0 2 -1.82634 1
gene 2 3 4 0.446802 0 3 0.446802 0
gene 2 3 10 -4.37932 0 14 -4.37932 1
gene 2 10 4 0.976529 0 15 0.976529 0
gene 2 10 13 0.868128 0 21 0.868128 1
gene 2 13 4 5.39353 0 22 5.39353 1
genomeend 85

/* Species #6 : (Size 10) (AF 4.24724) (Age 5)  */


/* Organism #86 Fitness: 6.41082 Error: 1.46804 */
genomestart 86
trait 1 0.305506 0.786563 0 0 0.513572 0.931451 0 0.598528 
trait 2 0.2 0 0 0 0 0 0 0 
trait 3 0.3 0 0 0 0 0 0 0 
node 1 2 1 3
node 2 3 1 1
node 3 2 1 1
node 4 1 0 2
node 11 1 0 0
node 17 1 0 0
gene 1 1 4 -1.49952 0 1 -1.49952 1
gene 1 2 4 -0.930863 0 2 -0.930863 0
gene 3 3 4 -1.35413 0 3 -1.35413 1
gene 1 2 11 -1.57415 0 16 -1.57415 1
gene 1 11 4 3.35341 0 17 3.35341 0
gene 1 3 11 -1.16636 0 34 -1.16636 1
gene 1 11 17 -2.30051 0 38 -2.30051 1
gene 1 17 4 3.05985 0 39 3.05985 1
genomeend 86

/* Organism #87 Fitness: 2.89539 Error: 2.29842 */
genomestart 87
trait 1 0.305506 0.786563 0 0 0.513572 0.931451 0 0.598528 
trait 2 0.2 0 0 0 0 0 0 0 
trait 3 0.3 0 0 0 0 0 0 0 
node 1 2 1 3
node 2 3 1 1
node 3 2 1 1
node 4 1 0 2
node 11 1 0 0
node 17 1 0 0
gene 1 1 4 -1.49952 0 1 -1.49952 1
gene 1 2 4 -0.0702825 0 2 -0.0702825 0
gene 3 3 4 -1.35413 0 3 -1.35413 1
gene 1 2 11 1.40963 0 16 1.40963 1
gene 1 11 4 4.48197 0 17 4.48197 0
gene 1 3 11 -1.16636 0 34 -1.16636 1
gene 1 11 17 0.525701 0 38 0.525701 1
gene 1 17 4 3.05985 0 39 3.05985 1
genomeend 87

/* Organism #88 Fitness: 4 Error: 2 */
genomestart 88
trait 1 0.305506 0.90985 0 0 0.513572 0.862903 0 0.598528 
trait 2 0.2 0 0 0 0 0 0 0 
trait 3 0.3 0 0 0 0 0 0 0 
node 1 2 1 3
node 2 3 1 1
node 3 2 1 1
node 4 1 0 2
node 11 1 0 0
node 17 1 0 0
gene 1 1 4 -5.93462 0 1 -5.93462 1
gene 1 2 4 4.81571 0 2 4.81571 0
gene 3 3 4 -2.86751 0 3 -2.86751 1
gene 1 2 11 2.34769 0 16 2.34769 1
gene 1 11 4 -1.48539 0 17 -1.48539 0
gene 1 3 11 1.72193 0 34 1.72193 1
gene 1 11 17 -1.36376 0 38 -1.36376 1
gene 1 17 4 2.24485 0 39 2.24485 1
genomeend 88

/* Organism #89 Fitness: 4.35104 Error: 1.91409 */
genomestart 89
trait 1 0.305506 0.786563 0 0 0.513572 0.931451 0 0.598528 
trait 2 0 0 0 0 0 0.270419 0 0 
trait 3 0.3 0 0 0 0 0 0 0 
node 1 2 1 3
node 2 3 1 1
node 3 2 1 1
node 4 1 0 2
node 11 1 0 0
node 17 1 0 0
gene 1 1 4 -0.926349 0 1 -0.926349 1
gene 1 2 4 2.56231 0 2 2.56231 0
gene 3 3 4 -3.85691 0 3 -3.85691 1
gene 1 2 11 3.71966 0 16 3.71966 1
gene 1 11 4 0.129312 0 17 0.129312 0
gene 1 3 11 -1.93129 0 34 -1.93129 1
gene 1 11 17 0.525701 0 38 0.525701 1
gene 1 17 4 1.67553 0 39 1.67553 1
genomeend 89

/* Organism #90 Fitness: 3.9991 Error: 2.00023 */
genomestart 90
trait 1 0.305506 0.848207 0 0 0.513572 0.897177 0 0.598528 
trait 2 0.2 0 0 0 0 0 0 0 
trait 3 0.3 0 0 0 0 0 0 0 
node 1 2 1 3
node 2 3 1 1
node 3 2 1 1
node 4 1 0 2
node 11 1 0 0
node 17 1 0 0
gene 1 1 4 -1.89972 0 1 -1.89972 1
gene 1 2 4 0.388668 0 2 0.388668 0
gene 3 3 4 -2.84831 0 3 -2.84831 1
gene 1 2 11 -0.311733 0 16 -0.311733 1
gene 1 11 4 -2.11738 0 17 -2.11738 0
gene 1 3 11 5.15726 0 34 5.15726 1
gene 1 11 17 0.350359 0 38 0.350359 1
gene 1 17 4 6.25304 0 39 6.25304 1
genomeend 90

/* Organism #91 Fitness: 6.82699 Error: 1.38715 */
genomestart 91
trait 1 0.305506 0.90985 0 0 0.513572 0.862903 0 0.598528 
trait 2 0.2 0 0 0 0 0 0 0 
trait 3 0.3 0 0 0 0 0 0 0 
node 1 2 1 3
node 2 3 1 1
node 3 2 1 1
node 4 1 0 2
node 11 1 0 0
node 17 1 0 0
gene 1 1 4 -5.31953 0 1 -5.31953 1
gene 1 2 4 -1.88156 0 2 -1.88156 0
gene 3 3 4 -2.52538 0 3 -2.52538 1
gene 1 2 11 1.92169 0 16 1.92169 1
gene 1 11 4 3.04604 0 17 3.04604 0
gene 1 3 11 -1.07783 0 34 -1.07783 1
gene 1 11 17 0.430681 0 38 0.430681 1
gene 1 17 4 6.0803 0 39 6.0803 1
genomeend 91

/* Organism #92 Fitness: 3.99543 Error: 2.00114 */
genomestart 92
trait 1 0.305506 0.90985 0 0 0.513572 0.862903 0 0.598528 
trait 2 0.2 0 0 0 0 0 0 0 
trait 3 0.3 0 0 0 0 0 0 0 
node 1 2 1 3
node 2 3 1 1
node 3 2 1 1
node 4 1 0 2
node 11 1 0 0
node 17 1 0 0
gene 1 1 4 -0.834516 0 1 -0.834516 1
gene 1 2 4 0.621556 0 2 0.621556 1
gene 3 3 4 -3.93623 0 3 -3.93623 1
gene 1 2 11 -0.345279 0 16 -0.345279 1
gene 1 11 4 4.47888 0 17 4.47888 1
gene 1 3 11 3.68992 0 34 3.68992 1
gene 1 11 17 0.249363 0 38 0.249363 1
gene 1 17 4 2.20691 0 39 2.20691 1
genomeend 92

/* Organism #93 Fitness: 4.08596 Error: 1.97862 */
genomestart 93
trait 1 0.305506 0.786563 0 0 0.513572 0.931451 0 0.598528 
trait 2 0.2 0 0 0 0 0 0 0 
trait 3 0.3 0 0 0 0 0 0 0 
node 1 2 1 3
node 2 3 1 1
node 3 2 1 1
node 4 1 0 2
node 11 1 0 0
node 17 1 0 0
gene 1 1 4 -0.926349 0 1 -0.926349 1
gene 1 2 4 -0.930863 0 2 -0.930863 0
gene 3 3 4 -1.36196 0 3 -1.36196 1
gene 1 2 11 1.40963 0 16 1.40963 1
gene 1 11 4 4.48197 0 17 4.48197 0
gene 1 3 11 -1.93129 0 34 -1.93129 1
gene 1 11 17 -2.30051 0 38 -2.30051 1
gene 1 17 4 3.05985 0 39 3.05985 1
genomeend 93

/* Organism #94 Fitness: 3.97873 Error: 2.00532 */
genomestart 94
trait 1 0.305506 0.786563 0 0 0.513572 0.931451 0 0.598528 
trait 2 0.2 0 0 0 0 0 0 0 
trait 3 0.3 0 0 0 0 0 0 0 
node 1 2 1 3
node 2 3 1 1
node 3 2 1 1
node 4 1 0 2
node 11 1 0 0
node 17 1 0 0
gene 1 1 4 -0.210212 0 1 -0.210212 1
gene 1 2 4 -1.71123 0 2 -1.71123 0
gene 3 3 4 -0.00392482 0 3 -0.00392482 1
gene 1 2 11 1.97867 0 16 1.97867 1
gene 1 11 4 4.71568 0 17 4.71568 0
gene 1 3 11 1.57577 0 34 1.57577 1
gene 1 11 17 -2.31216 0 38 -2.31216 1
gene 1 17 4 1.65956 0 39 1.65956 1
genomeend 94

/* Organism #95 Fitness: 1.92893 Error: 2.61114 */
genomestart 95
trait 1 0.305506 0.90985 0 0 0.513572 0.862903 0 0.598528 
trait 2 0.2 0 0 0 0 0 0 0 
trait 3 0.3 0 0 0 0 0 0 0 
node 1 2 1 3
node 2 3 1 1
node 3 2 1 1
node 4 1 0 2
node 11 1 0 0
node 17 1 0 0
gene 1 1 4 1.06404 0 1 1.06404 1
gene 1 2 4 -0.239346 0 2 -0.239346 0
gene 3 3 4 -1.16619 0 3 -1.16619 1
gene 1 2 11 -2.4416 0 16 -2.4416 1
gene 1 11 4 3.28506 0 17 3.28506 0
gene 1 3 11 1.47171 0 34 1.47171 1
gene 1 11 17 -1.23077 0 38 -1.23077 1
gene 1 17 4 3.24455 0 39 3.24455 1
genomeend 95

/* Species #7 : (Size 6) (AF 3.42109) (Age 2)  */


/* Organism #96 Fitness: 3.99846 Error: 2.00039 */
genomestart 96
trait 1 0.0953125 0.0145652 0 0.0187654 0.00640692 0.0394015 0 0.0102301 
trait 2 0.2125 0.0793163 0 0 0 0.00456108 0 0 
trait 3 0.332812 0.00253057 0 0.000539051 0 0 0 0 
node 1 2 1 3
node 2 1 1 1
node 3 3 1 1
node 4 3 0 2
gene 3 1 4 -1.37643 0 1 -1.37643 1
gene 2 2 4 -2.07083 0 2 -2.07083 1
gene 2 3 4 4.90793 0 3 4.90793 1
genomeend 96

/* Organism #97 Fitness: 8.99137 Error: 1.00144 */
genomestart 97
trait 1 0.0953125 0.0145652 0 0.0187654 0.00640692 0.0394015 0 0.0102301 
trait 2 0.2125 0.0793163 0 0 0 0.00456108 0 0 
trait 3 0.332812 0.00253057 0 0.000539051 0 0 0 0 
node 1 2 1 3
node 2 1 1 1
node 3 3 1 1
node 4 3 0 2
gene 3 1 4 -1.36349 0 1 -1.36349 1
gene 2 2 4 -3.98322 0 2 -3.98322 1
gene 2 3 4 3.08148 0 3 3.08148 1
genomeend 97

/* Organism #98 Fitness: 1.02675 Error: 2.98671 */
genomestart 98
trait 1 0.0953125 0.0145652 0 0.0187654 0.00640692 0.0394015 0 0.0102301 
trait 2 0.2125 0.0793163 0 0 0 0.00456108 0 0 
trait 3 0.332812 0.00253057 0 0.000539051 0 0 0 0 
node 1 2 1 3
node 2 1 1 1
node 3 3 1 1
node 4 3 0 2
node 27 1 0 0
gene 3 1 4 -1.37643 0 1 -1.37643 1
gene 2 2 4 -2.07083 0 2 -2.07083 1
gene 2 3 4 4.90793 0 3 4.90793 0
gene 2 3 27 1 0 69 0 1
gene 2 27 4 4.90793 0 70 0 1
genomeend 98

/* Organism #99 Fitness: 2.35837 Error: 2.4643 */
genomestart 99
trait 1 0.0953125 0.0145652 0 0.0187654 0.00640692 0.0394015 0 0.0102301 
trait 2 0.2125 0.0793163 0 0 0 0.00456108 0 0 
trait 3 0.332812 0.00253057 0 0.000539051 0 0 0 0 
node 1 2 1 3
node 2 1 1 1
node 3 3 1 1
node 4 3 0 2
gene 3 1 4 -0.0194886 0 1 -0.0194886 1
gene 2 2 4 -0.880996 0 2 -0.880996 1
gene 2 3 4 6.31005 0 3 6.31005 1
genomeend 99

/* Organism #100 Fitness: 1.73338 Error: 2.68342 */
genomestart 100
trait 1 0.0953125 0.0145652 0 0.0187654 0.00640692 0.0394015 0 0.0102301 
trait 2 0.2125 0.0793163 0 0 0 0.00456108 0 0 
trait 3 0.332812 0.00253057 0 0.000539051 0 0 0 0 
node 1 2 1 3
node 2 1 1 1
node 3 3 1 1
node 4 3 0 2
gene 3 1 4 0.859263 0 1 0.859263 1
gene 2 2 4 -3.73752 0 2 -3.73752 1
gene 2 3 4 3.04815 0 3 3.04815 1
genomeend 100

/* Organism #101 Fitness: 2.41818 Error: 2.44495 */
genomestart 101
trait 1 0.0953125 0.0145652 0 0.0187654 0.00640692 0.0394015 0 0.0102301 
trait 2 0.2125 0.0793163 0 0 0 0.00456108 0 0 
trait 3 0.332812 0.00253057 0 0.000539051 0 0 0 0 
node 1 2 1 3
node 2 1 1 1
node 3 3 1 1
node 4 3 0 2
gene 3 1 4 0.439386 0 1 0.439386 1
gene 2 2 4 -0.478505 0 2 -0.478505 1
gene 2 3 4 5.78611 0 3 5.78611 1
genomeend 101

/* Species #8 : (Size 12) (AF 6.0163) (Age 2)  */


/* Organism #102 Fitness: 4.00064 Error: 1.99984 */
genomestart 102
trait 1 0.305506 0.90985 0 0 0.513572 0.862903 0 0.598528 
trait 2 0.2 0 0 0 0 0 0 0 
trait 3 0.3 0 0 0 0 0 0 0 
node 1 2 1 3
node 2 3 1 1
node 3 2 1 1
node 4 1 0 2
node 11 1 0 0
gene 3 1 4 3.9302 0 1 3.9302 1
gene 1 2 4 0.378805 0 2 0.378805 0
gene 3 3 4 -3.13354 0 3 -3.13354 1
gene 1 2 11 -3.93098 0 16 -3.93098 1
gene 1 11 4 6.71225 0 17 6.71225 1
gene 1 3 11 3.57184 0 53 3.57184 1
genomeend 102

/* Organism #103 Fitness: 3.99999 Error: 2 */
genomestart 103
trait 1 0.305506 0.90985 0 0 0.513572 0.862903 0 0.598528 
trait 2 0.2 0 0 0 0 0 0 0 
trait 3 0.3 0 0 0 0 0 0 0 
node 1 2 1 3
node 2 3 1 1
node 3 2 1 1
node 4 1 0 2
node 11 1 0 0
gene 3 1 4 2.59831 0 1 2.59831 1
gene 1 2 4 0.924964 0 2 0.924964 0
gene 3 3 4 -3.00211 0 3 -3.00211 1
gene 1 2 11 -2.36533 0 16 -2.36533 1
gene 1 11 4 8 0 17 8 1
gene 1 3 11 3.58658 0 53 3.58658 1
genomeend 103

/* Organism #104 Fitness: 5.01756 Error: 1.76001 */
genomestart 104
trait 1 0.305506 0.810337 0.46006 0 1 0.862903 0 0.598528 
trait 2 0.2 0 0 0 0 0 0 0 
trait 3 0.3 0 0 0 0 0 0 0 
node 1 2 1 3
node 2 3 1 1
node 3 2 1 1
node 4 1 0 2
node 11 1 0 0
gene 3 1 4 0.643203 0 1 0.643203 1
gene 1 2 4 -0.877295 0 2 -0.877295 1
gene 3 3 4 -3.94448 0 3 -3.94448 1
gene 1 2 11 -3.13163 0 16 -3.13163 1
gene 1 11 4 8 0 17 8 1
gene 1 3 11 1.18302 0 53 1.18302 1
genomeend 104

/* Organism #105 Fitness: 7.9395 Error: 1.18229 */
genomestart 105
trait 1 0.305506 0.90985 0 0 0.513572 0.862903 0 0.598528 
trait 2 0.2 0 0 0 0 0 0 0 
trait 3 0.3 0 0 0 0 0 0 0 
node 1 2 1 3
node 2 3 1 1
node 3 2 1 1
node 4 1 0 2
node 11 1 0 0
gene 3 1 4 1.96651 0 1 1.96651 1
gene 1 2 4 1.39638 0 2 1.39638 1
gene 3 3 4 -4.57165 0 3 -4.57165 1
gene 1 2 11 -2.65037 0 16 -2.65037 1
gene 1 11 4 7.20683 0 17 7.20683 1
gene 1 3 11 2.256 0 53 2.256 1
genomeend 105

/* Organism #106 Fitness: 4.02047 Error: 1.99489 */
genomestart 106
trait 1 0.305506 0.90985 0 0 0.513572 0.862903 0 0.598528 
trait 2 0.2 0 0 0 0 0 0 0 
trait 3 0.3 0 0 0 0 0 0 0 
node 1 2 1 3
node 2 3 1 1
node 3 2 1 1
node 4 1 0 2
node 11 1 0 0
node 25 1 0 0
gene 3 1 4 4.04119 0 1 4.04119 1
gene 1 2 4 1.5389 0 2 1.5389 0
gene 3 3 4 -5.12831 0 3 -5.12831 1
gene 1 2 11 -1.04262 0 16 -1.04262 1
gene 1 11 4 4.11383 0 17 4.11383 0
gene 1 3 11 0.251162 0 53 0.251162 1
gene 1 11 25 1 0 62 0 1
gene 1 25 4 4.11383 0 63 0 1
genomeend 106

/* Organism #107 Fitness: 4 Error: 2 */
genomestart 107
trait 1 0.305506 0.90985 0 0 0.513572 0.862903 0 0.598528 
trait 2 0.2 0 0 0 0 0 0 0 
trait 3 0.3 0 0 0 0 0 0 0 
node 1 2 1 3
node 2 3 1 1
node 3 2 1 1
node 4 1 0 2
node 11 1 0 0
node 25 1 0 0
gene 3 1 4 2.06269 0 1 2.06269 1
gene 1 2 4 3.74456 0 2 3.74456 0
gene 3 3 4 -4.73343 0 3 -4.73343 1
gene 1 2 11 0.3662 0 16 0.3662 1
gene 1 11 4 2.81634 0 17 2.81634 0
gene 1 3 11 1.89885 0 53 1.89885 1
gene 1 11 25 -0.288767 0 62 -0.288767 1
gene 1 25 4 3.01669 0 63 3.01669 1
genomeend 107

/* Organism #108 Fitness: 8.99922 Error: 1.00013 */
genomestart 108
trait 1 0.305506 0.860094 0.23003 0 0.756786 0.862903 0 0.598528 
trait 2 0.2 0 0 0 0 0 0 0 
trait 3 0.3 0 0 0 0 0 0 0 
node 1 2 1 3
node 2 3 1 1
node 3 2 1 1
node 4 1 0 2
node 11 1 0 0
gene 3 1 4 0.643203 0 1 0.643203 1
gene 1 2 4 1.39638 0 2 1.39638 1
gene 3 3 4 -3.94448 0 3 -3.94448 1
gene 1 2 11 -2.65037 0 16 -2.65037 1
gene 1 11 4 8 0 17 8 1
gene 1 3 11 1.18302 0 53 1.18302 1
genomeend 108

/* Organism #109 Fitness: 8.71598 Error: 1.04772 */
genomestart 109
trait 1 0.305506 0.90985 0 0 0.513572 0.862903 0 0.598528 
trait 2 0.2 0 0 0 0 0 0 0 
trait 3 0.3 0 0 0 0 0 0 0 
node 1 2 1 3
node 2 3 1 1
node 3 2 1 1
node 4 1 0 2
node 11 1 0 0
node 25 1 0 0
gene 3 1 4 4.04119 0 1 4.04119 1
gene 1 2 4 1.5389 0 2 1.5389 0
gene 3 3 4 -5.12831 0 3 -5.12831 1
gene 1 2 11 -1.04262 0 16 -1.04262 1
gene 1 11 4 4.11383 0 17 4.11383 0
gene 1 3 11 0.251162 0 53 0.251162 1
gene 1 11 25 1 0 62 0 1
gene 1 25 4 4.11383 0 63 0 1
gene 1 1 25 -0.431372 0 72 -0.431372 1
genomeend 109

/* Organism #110 Fitness: 4 Error: 2 */
genomestart 110
trait 1 0.305506 0.90985 0 0 0.513572 0.862903 0 0.598528 
trait 2 0.2 0 0 0 0 0 0 0 
trait 3 0.3 0 0 0 0 0 0 0 
node 1 2 1 3
node 2 3 1 1
node 3 2 1 1
node 4 1 0 2
node 11 1 0 0
node 25 1 0 0
gene 3 1 4 3.67246 0 1 3.67246 1
gene 1 2 4 3.70551 0 2 3.70551 0
gene 3 3 4 -6.30969 0 3 -6.30969 1
gene 1 2 11 -2.12254 0 16 -2.12254 1
gene 1 11 4 7.20683 0 17 7.20683 0
gene 1 3 11 3.81023 0 53 3.81023 1
gene 1 11 25 0.867258 0 62 0.867258 1
gene 1 25 4 4.04929 0 63 4.04929 1
genomeend 110

/* Organism #111 Fitness: 3.99998 Error: 2.00001 */
genomestart 111
trait 1 0 0.0381074 0.384259 0 0 1 0 0.598528 
trait 2 0.2 0 0 0 0 0 0 0 
trait 3 0.3 0 0 0 0 0 0 0 
node 1 2 1 3
node 2 3 1 1
node 3 2 1 1
node 4 1 0 2
node 11 1 0 0
gene 3 1 4 2.35859 0 1 2.35859 1
gene 1 2 4 -0.122609 0 2 -0.122609 0
gene 3 3 4 -3.64469 0 3 -3.64469 1
gene 1 2 11 -0.870346 0 16 -0.870346 1
gene 1 11 4 6.71225 0 17 6.71225 1
gene 1 3 11 1.24188 0 53 1.24188 1
genomeend 111

/* Organism #112 Fitness: 8.99728 Error: 1.00045 */
genomestart 112
trait 1 0.305506 0.860094 0.23003 0 0.756786 0.862903 0 0.598528 
trait 2 0.2 0 0 0 0 0 0 0 
trait 3 0.3 0 0 0 0 0 0 0 
node 1 2 1 3
node 2 3 1 1
node 3 2 1 1
node 4 1 0 2
node 11 1 0 0
gene 3 1 4 1.30486 0 1 1.30486 1
gene 1 2 4 0.259542 0 2 0.259542 1
gene 3 3 4 -4.25806 0 3 -4.25806 1
gene 1 2 11 -2.891 0 16 -2.891 1
gene 1 11 4 7.60341 0 17 7.60341 1
gene 1 3 11 1.71951 0 53 1.71951 1
genomeend 112

/* Organism #113 Fitness: 8.50497 Error: 1.08367 */
genomestart 113
trait 1 0.305506 0.90985 0 0 0.513572 0.862903 0 0.598528 
trait 2 0.2 0 0 0 0 0 0 0 
trait 3 0.3 0 0 0 0 0 0 0 
node 1 2 1 3
node 2 3 1 1
node 3 2 1 1
node 4 1 0 2
node 11 1 0 0
gene 3 1 4 2.64746 0 1 2.64746 1
gene 1 2 4 -1.88493 0 2 -1.88493 0
gene 3 3 4 -3.13354 0 3 -3.13354 1
gene 1 2 11 -3.10467 0 16 -3.10467 1
gene 1 11 4 4.81626 0 17 4.81626 1
gene 1 3 11 0.0746787 0 53 0.0746787 1
genomeend 113

/* Species #9 : (Size 15) (AF 5.33969) (Age 2)  */


/* Organism #114 Fitness: 8.9917 Error: 1.00138 */
genomestart 114
trait 1 0.305506 0.860094 0.23003 0 0.756786 0.862903 0 0.598528 
trait 2 0.2 0 0 0 0 0 0 0 
trait 3 0.3 0 0 0 0 0 0 0 
node 1 2 1 3
node 2 3 1 1
node 3 2 1 1
node 4 1 0 2
node 11 1 0 0
gene 3 1 4 2.59831 0 1 2.59831 1
gene 1 2 4 0.924964 0 2 0.924964 0
gene 3 3 4 -3.94448 0 3 -3.94448 1
gene 1 2 11 -3.13163 0 16 -3.13163 1
gene 1 11 4 8 0 17 8 1
gene 1 3 11 1.18302 0 53 1.18302 1
gene 2 1 11 0.571731 0 71 0.571731 1
genomeend 114

/* Organism #115 Fitness: 4 Error: 2 */
genomestart 115
trait 1 0.305506 0.90985 0 0 0.513572 0.862903 0 0.598528 
trait 2 0.2 0 0 0 0 0 0 0 
trait 3 0.3 0 0 0 0 0 0 0 
node 1 2 1 3
node 2 3 1 1
node 3 2 1 1
node 4 1 0 2
node 11 1 0 0
gene 3 1 4 5.67227 0 1 5.67227 1
gene 1 2 4 2.27878 0 2 2.27878 0
gene 3 3 4 -0.845099 0 3 -0.845099 1
gene 1 2 11 -5.14875 0 16 -5.14875 1
gene 1 11 4 5.32898 0 17 5.32898 1
gene 1 3 11 5.26559 0 53 5.26559 1
genomeend 115

/* Organism #116 Fitness: 3.99927 Error: 2.00018 */
genomestart 116
trait 1 0.305506 0.860094 0.23003 0 0.756786 0.862903 0 0.598528 
trait 2 0.2 0 0 0 0 0 0 0 
trait 3 0.3 0 0 0 0 0 0 0 
node 1 2 1 3
node 2 3 1 1
node 3 2 1 1
node 4 1 0 2
node 11 1 0 0
gene 3 1 4 0.855007 0 1 0.855007 1
gene 1 2 4 0.882922 0 2 0.882922 0
gene 3 3 4 -1.48914 0 3 -1.48914 1
gene 1 2 11 -0.641753 0 16 -0.641753 1
gene 1 11 4 8 0 17 8 1
gene 1 3 11 -0.760695 0 53 -0.760695 1
gene 2 1 11 -1.60868 0 71 -1.60868 1
genomeend 116

/* Organism #117 Fitness: 4 Error: 2 */
genomestart 117
trait 1 0.305506 0.90985 0 0 0.513572 0.862903 0 0.598528 
trait 2 0.2 0 0 0 0 0 0 0 
trait 3 0.3 0 0 0 0 0 0 0 
node 1 2 1 3
node 2 3 1 1
node 3 2 1 1
node 4 2 0 2
node 11 1 0 0
gene 3 1 4 3.89058 0 1 3.89058 1
gene 1 2 4 3.94435 0 2 3.94435 0
gene 3 3 4 -0.845099 0 3 -0.845099 1
gene 1 2 11 0.00757047 0 16 0.00757047 1
gene 3 11 4 -1.62931 0 17 -1.62931 1
gene 1 3 11 3.61393 0 53 3.61393 1
genomeend 117

/* Organism #118 Fitness: 4.42166 Error: 1.89723 */
genomestart 118
trait 1 0.305506 0.884972 0.115015 0 0.635179 0.862903 0 0.598528 
trait 2 0.2 0 0 0 0 0 0 0 
trait 3 0.3 0 0 0 0 0 0 0 
node 1 2 1 3
node 2 3 1 1
node 3 2 1 1
node 4 1 0 2
node 11 1 0 0
gene 3 1 4 -0.254109 0 1 -0.254109 1
gene 1 2 4 4.03076 0 2 4.03076 0
gene 3 3 4 -3.06974 0 3 -3.06974 1
gene 1 2 11 -1.86566 0 16 -1.86566 1
gene 1 11 4 -0.302265 0 17 -0.302265 1
gene 1 3 11 3.72437 0 53 3.72437 1
genomeend 118

/* Organism #119 Fitness: 8.99999 Error: 1 */
genomestart 119
trait 1 0.305506 0.860094 0.23003 0 0.756786 0.862903 0 0.598528 
trait 2 0.2 0 0 0 0 0 0 0 
trait 3 0.3 0 0 0 0 0 0 0 
node 1 2 1 3
node 2 3 1 1
node 3 2 1 1
node 4 1 0 2
node 11 1 0 0
gene 3 1 4 2.70044 0 1 2.70044 1
gene 1 2 4 0.594999 0 2 0.594999 0
gene 3 3 4 -6.05162 0 3 -6.05162 1
gene 1 2 11 -4.52304 0 16 -4.52304 1
gene 1 11 4 8 0 17 8 1
gene 1 3 11 -1.29679 0 53 -1.29679 1
gene 2 1 11 2.95139 0 71 2.95139 1
genomeend 119

/* Organism #120 Fitness: 4 Error: 2 */
genomestart 120
trait 1 0.305506 0.884972 0.115015 0 0.635179 0.862903 0 0.598528 
trait 2 0.2 0 0 0 0 0 0 0 
trait 3 0.3 0 0 0 0 0 0 0 
node 1 2 1 3
node 2 3 1 1
node 3 2 1 1
node 4 1 0 2
node 11 1 0 0
gene 3 1 4 6.35493 0 1 6.35493 1
gene 1 2 4 1.391 0 2 1.391 0
gene 3 3 4 -0.505342 0 3 -0.505342 1
gene 1 2 11 -6.09354 0 16 -6.09354 1
gene 1 11 4 8 0 17 8 1
gene 1 3 11 2.30294 0 53 2.30294 1
genomeend 120

/* Organism #121 Fitness: 13.5758 Error: 0.315461 */
/* ##------$ WINNER 121 SPECIES #9 $------## */
genomestart 121
trait 1 0.305506 0.860094 0.23003 0 0.756786 0.862903 0 0.598528 
trait 2 0.2 0 0 0 0 0 0 0 
trait 3 0.3 0 0 0 0 0 0 0 
node 1 2 1 3
node 2 3 1 1
node 3 2 1 1
node 4 1 0 2
node 11 1 0 0
gene 3 1 4 -0.23794 0 1 -0.23794 1
gene 1 2 4 1.92389 0 2 1.92389 1
gene 3 3 4 -5.14165 0 3 -5.14165 1
gene 1 2 11 -1.09555 0 16 -1.09555 1
gene 1 11 4 8 0 17 8 1
gene 1 3 11 1.70891 0 53 1.70891 1
gene 2 1 11 -0.932279 0 71 -0.932279 1
genomeend 121

/* Organism #122 Fitness: 4 Error: 2 */
genomestart 122
trait 1 0.305506 0.90985 0 0 0.513572 0.862903 0 0.598528 
trait 2 0.2 0 0 0 0 0 0 0 
trait 3 0.3 0 0 0 0 0 0 0 
node 1 2 1 3
node 2 3 1 1
node 3 2 1 1
node 4 1 0 2
node 11 1 0 0
gene 3 1 4 4.28318 0 1 4.28318 1
gene 1 2 4 3.72423 0 2 3.72423 0
gene 3 3 4 0.18152 0 3 0.18152 1
gene 1 2 11 -2.66627 0 16 -2.66627 1
gene 1 11 4 6.73895 0 17 6.73895 1
gene 1 3 11 5.07064 0 53 5.07064 1
genomeend 122

/* Organism #123 Fitness: 4 Error: 2 */
genomestart 123
trait 1 0.305506 0.90985 0 0 0.513572 0.862903 0 0.598528 
trait 2 0.2 0 0 0 0 0 0 0 
trait 3 0.3 0 0 0 0 0 0 0 
node 1 2 1 3
node 2 3 1 1
node 3 2 1 1
node 4 1 0 2
node 11 1 0 0
gene 3 1 4 7.03715 0 1 7.03715 1
gene 1 2 4 4.10254 0 2 4.10254 0
gene 3 3 4 -1.75208 0 3 -1.75208 1
gene 1 2 11 -5.82945 0 16 -5.82945 1
gene 1 11 4 7.55196 0 17 7.55196 1
gene 1 3 11 4.77814 0 53 4.77814 1
genomeend 123

/* Organism #124 Fitness: 4.10687 Error: 1.97346 */
genomestart 124
trait 1 0.305506 0.860094 0.23003 0 0.756786 0.862903 0 0.598528 
trait 2 0.2 0 0 0 0 0 0 0 
trait 3 0.3 0 0 0 0 0 0 0 
node 1 2 1 3
node 2 3 1 1
node 3 2 1 1
node 4 1 0 2
node 11 1 0 0
gene 3 1 4 2.44668 0 1 2.44668 1
gene 1 2 4 -0.766114 0 2 -0.766114 0
gene 3 3 4 -2.81437 0 3 -2.81437 1
gene 1 2 11 -5.1992 0 16 -5.1992 1
gene 1 11 4 6.01164 0 17 6.01164 1
gene 1 3 11 -0.301423 0 53 -0.301423 1
gene 2 1 11 -0.707627 0 71 -0.707627 1
genomeend 124

/* Organism #125 Fitness: 4 Error: 2 */
genomestart 125
trait 1 0.305506 0.90985 0 0 0.513572 0.862903 0 0.598528 
trait 2 0.2 0 0 0 0 0 0 0 
trait 3 0.3 0 0 0 0 0 0 0 
node 1 2 1 3
node 2 3 1 1
node 3 2 1 1
node 4 1 0 2
node 11 1 0 0
node 28 1 0 0
gene 3 1 4 4.2601 0 1 4.2601 1
gene 1 2 4 1.77041 0 2 1.77041 0
gene 3 3 4 -2.75683 0 3 -2.75683 1
gene 1 2 11 -3.04908 0 16 -3.04908 1
gene 1 11 4 5.26216 0 17 5.26216 0
gene 1 3 11 2.75838 0 53 2.75838 1
gene 1 1 11 -0.0272486 0 64 -0.0272486 1
gene 1 11 28 1 0 73 0 1
gene 1 28 4 5.26216 0 74 0 1
genomeend 125

/* Organism #126 Fitness: 4 Error: 2 */
genomestart 126
trait 1 0.305506 0.884972 0.115015 0 0.635179 0.862903 0 0.598528 
trait 2 0.2 0 0 0 0 0 0 0 
trait 3 0.3 0 0 0 0 0 0 0 
node 1 2 1 3
node 2 3 1 1
node 3 2 1 1
node 4 1 0 2
node 11 1 0 0
gene 3 1 4 4.85384 0 1 4.85384 1
gene 1 2 4 1.26205 0 2 1.26205 0
gene 3 3 4 0.174633 0 3 0.174633 1
gene 1 2 11 -0.719824 0 16 -0.719824 1
gene 1 11 4 -1.02912 0 17 -1.02912 1
gene 1 3 11 1.1181 0 53 1.1181 1
gene 1 1 11 -1.53294 0 64 -1.53294 1
genomeend 126

/* Organism #127 Fitness: 4 Error: 2 */
genomestart 127
trait 1 0.305506 0.860094 0.23003 0 0.756786 0.862903 0 0.598528 
trait 2 0.2 0 0 0 0 0 0 0 
trait 3 0.3 0 0 0 0 0 0 0 
node 1 2 1 3
node 2 2 1 1
node 3 2 1 1
node 4 1 0 2
node 11 1 0 0
gene 3 1 4 5.04462 0 1 5.04462 1
gene 1 2 4 -0.717797 0 2 -0.717797 0
gene 3 3 4 -6.15435 0 3 -6.15435 1
gene 1 2 11 -1.39839 0 16 -1.39839 1
gene 1 11 4 8 0 17 8 1
gene 1 3 11 -0.389759 0 53 -0.389759 1
gene 2 1 11 2.21205 0 71 2.21205 1
genomeend 127

/* Organism #128 Fitness: 3.99999 Error: 2 */
genomestart 128
trait 1 0.305506 0.884972 0.115015 0 0.635179 0.862903 0 0.598528 
trait 2 0.2 0 0 0 0 0 0 0 
trait 3 0.3 0 0 0 0 0 0 0 
node 1 2 1 3
node 2 3 1 1
node 3 2 1 1
node 4 1 0 2
node 11 1 0 0
gene 3 1 4 2.59831 0 1 2.59831 1
gene 1 2 4 0.924964 0 2 0.924964 0
gene 3 3 4 -0.845099 0 3 -0.845099 1
gene 1 2 11 -5.14875 0 16 -5.14875 1
gene 1 11 4 5.32898 0 17 5.32898 1
gene 1 3 11 5.26559 0 53 5.26559 1
genomeend 128

/* Species #10 : (Size 20) (AF 5.09362) (Age 2)  */


/* Organism #129 Fitness: 7.88699 Error: 1.19162 */
genomestart 129
trait 1 0.305506 0.90985 0 0 0.513572 0.862903 0 0.598528 
trait 2 0.2 0 0 0 0 0 0 0 
trait 3 0.3 0 0 0 0 0 0 0 
node 1 2 1 3
node 2 3 1 1
node 3 2 1 1
node 4 1 0 2
node 11 1 0 0
node 23 1 0 0
gene 3 1 4 2.36027 0 1 2.36027 1
gene 1 2 4 1.14103 0 2 1.14103 0
gene 3 3 4 -4.2088 0 3 -4.2088 0
gene 1 2 11 -1.04262 0 16 -1.04262 1
gene 1 11 4 6.27684 0 17 6.27684 1
gene 1 3 11 0.251162 0 53 0.251162 1
gene 3 3 23 1 0 57 0 1
gene 3 23 4 -4.2088 0 58 0 1
genomeend 129

/* Organism #130 Fitness: 1.00492 Error: 2.99754 */
genomestart 130
trait 1 0.305506 0.90985 0 0 0.513572 0.862903 0 0.598528 
trait 2 0.2 0 0 0 0 0 0 0 
trait 3 0.3 0 0 0 0 0 0 0 
node 1 2 1 3
node 2 3 1 1
node 3 2 1 1
node 4 1 0 2
node 11 1 0 0
node 23 1 0 0
gene 3 1 4 0.535607 0 1 0.535607 1
gene 1 2 4 2.69687 0 2 2.69687 0
gene 3 3 4 -6.23755 0 3 -6.23755 0
gene 1 2 11 -3.07174 0 16 -3.07174 1
gene 1 11 4 8 0 17 8 1
gene 1 3 11 -1.66076 0 53 -1.66076 1
gene 3 3 23 -0.367835 0 57 -0.367835 1
gene 3 23 4 -6.26696 0 58 -6.26696 1
genomeend 130

/* Organism #131 Fitness: 7.85012 Error: 1.19819 */
genomestart 131
trait 1 0.305506 0.90985 0 0 0.513572 0.862903 0 0.598528 
trait 2 0.2 0 0 0 0 0 0 0 
trait 3 0.3 0 0 0 0 0 0 0 
node 1 2 1 3
node 2 3 1 1
node 3 2 1 1
node 4 1 0 2
node 11 1 0 0
node 23 1 0 0
gene 3 1 4 2.36027 0 1 2.36027 1
gene 1 2 4 1.14103 0 2 1.14103 0
gene 3 3 4 -4.2088 0 3 -4.2088 0
gene 1 2 11 -1.04262 0 16 -1.04262 1
gene 1 11 4 6.27684 0 17 6.27684 1
gene 1 3 11 0.251162 0 53 0.251162 1
gene 3 3 23 1 0 57 0 1
gene 3 23 4 -4.2088 0 58 0 1
gene 1 11 23 0.280579 0 75 0.280579 1
genomeend 131

/* Organism #132 Fitness: 4.0003 Error: 1.99992 */
genomestart 132
trait 1 0.305506 0.90985 0 0 0.513572 0.862903 0 0.598528 
trait 2 0.2 0 0 0 0 0 0 0 
trait 3 0.3 0 0 0 0 0 0 0 
node 1 2 1 3
node 2 3 1 1
node 3 2 1 1
node 4 1 0 2
node 11 1 0 0
node 23 1 0 0
gene 3 1 4 4.21631 0 1 4.21631 1
gene 1 2 4 2.72396 0 2 2.72396 0
gene 3 3 4 1.28954 0 3 1.28954 0
gene 1 2 11 -1.2981 0 16 -1.2981 1
gene 1 11 4 5.02668 0 17 5.02668 1
gene 1 3 11 -0.698039 0 53 -0.698039 1
gene 3 3 23 2.6663 0 57 2.6663 1
gene 3 23 4 -2.41627 0 58 -2.41627 1
genomeend 132

/* Organism #133 Fitness: 8.65014 Error: 1.05889 */
genomestart 133
trait 1 0.305506 0.90985 0 0 0.513572 0.862903 0 0.598528 
trait 2 0.2 0 0 0 0 0 0 0 
trait 3 0.3 0 0 0 0 0 0 0 
node 1 2 1 3
node 2 3 1 1
node 3 2 1 1
node 4 1 0 2
node 11 1 0 0
node 23 1 0 0
gene 3 1 4 0.0287697 0 1 0.0287697 1
gene 1 2 4 0.656632 0 2 0.656632 0
gene 3 3 4 -5.80549 0 3 -5.80549 0
gene 1 2 11 0.381254 0 16 0.381254 1
gene 1 11 4 4.28176 0 17 4.28176 1
gene 1 3 11 1.45812 0 53 1.45812 1
gene 3 3 23 0.966386 0 57 0.966386 1
gene 3 23 4 -6.2963 0 58 -6.2963 1
genomeend 133

/* Organism #134 Fitness: 4 Error: 2 */
genomestart 134
trait 1 0.305506 0.90985 0 0 0.513572 0.862903 0 0.598528 
trait 2 0.2 0 0 0 0 0 0 0 
trait 3 0.782733 0 0.289144 0 0 0 0 0 
node 1 2 1 3
node 2 3 1 1
node 3 2 1 1
node 4 1 0 2
node 11 1 0 0
node 23 1 0 0
gene 3 1 4 4.47034 0 1 4.47034 1
gene 1 2 4 -0.410633 0 2 -0.410633 0
gene 3 3 4 -3.38403 0 3 -3.38403 0
gene 1 2 11 -0.460361 0 16 -0.460361 1
gene 1 11 4 4.34038 0 17 4.34038 1
gene 1 3 11 2.46569 0 53 2.46569 1
gene 3 3 23 2.98767 0 57 2.98767 1
gene 3 23 4 -3.74103 0 58 -3.74103 1
genomeend 134

/* Organism #135 Fitness: 8.98021 Error: 1.0033 */
genomestart 135
trait 1 0.305506 0.90985 0 0 0.513572 0.862903 0 0.598528 
trait 2 0.2 0 0 0 0 0 0 0 
trait 3 0.3 0 0 0 0 0 0 0 
node 1 2 1 3
node 2 3 1 1
node 3 2 1 1
node 4 1 0 2
node 11 1 0 0
node 23 1 0 0
gene 3 1 4 4.26825 0 1 4.26825 1
gene 1 2 4 2.80608 0 2 2.80608 0
gene 3 3 4 -4.79635 0 3 -4.79635 0
gene 1 2 11 -2.68091 0 16 -2.68091 1
gene 1 11 4 7.0483 0 17 7.0483 1
gene 1 3 11 0.317996 0 53 0.317996 1
gene 3 3 23 1.66531 0 57 1.66531 1
gene 3 23 4 -5.46428 0 58 -5.46428 1
genomeend 135

/* Organism #136 Fitness: 4.02928 Error: 1.99269 */
genomestart 136
trait 1 0.305506 0.90985 0 0 0.513572 0.862903 0 0.598528 
trait 2 0.2 0 0 0 0 0 0 0 
trait 3 0.3 0 0 0 0 0 0 0 
node 1 2 1 3
node 2 3 1 1
node 3 2 1 1
node 4 1 0 2
node 11 1 0 0
node 23 1 0 0
gene 3 1 4 0.746283 0 1 0.746283 1
gene 1 2 4 1.56884 0 2 1.56884 0
gene 3 3 4 -4.66542 0 3 -4.66542 0
gene 1 2 11 0.336254 0 16 0.336254 1
gene 1 11 4 6.64182 0 17 6.64182 1
gene 3 3 11 -0.567162 0 53 -0.567162 1
gene 3 3 23 2.5689 0 57 2.5689 1
gene 3 23 4 -6.13959 0 58 -6.13959 1
genomeend 136

/* Organism #137 Fitness: 3.99367 Error: 2.00158 */
genomestart 137
trait 1 0.305506 0.90985 0 0 0.513572 0.862903 0 0.598528 
trait 2 0.2 0 0 0 0 0 0 0 
trait 3 0.3 0 0 0 0 0 0 0 
node 1 2 1 3
node 2 3 1 1
node 3 2 1 1
node 4 1 0 2
node 11 1 0 0
node 23 1 0 0
gene 3 1 4 4.41901 0 1 4.41901 1
gene 1 2 4 2.58793 0 2 2.58793 0
gene 3 3 4 -4.74342 0 3 -4.74342 0
gene 1 2 11 -2.48539 0 16 -2.48539 1
gene 1 11 4 6.56852 0 17 6.56852 1
gene 1 3 11 1.73513 0 53 1.73513 1
gene 3 3 23 -1.03674 0 57 -1.03674 1
gene 3 23 4 -6.21979 0 58 -6.21979 1
genomeend 137

/* Organism #138 Fitness: 4.43016 Error: 1.89521 */
genomestart 138
trait 1 0.305506 0.90985 0 0 0.513572 0.862903 0 0.598528 
trait 2 0.2 0 0 0 0 0 0 0 
trait 3 0.3 0 0 0 0 0 0 0 
node 1 2 1 3
node 2 3 1 1
node 3 2 1 1
node 4 1 0 2
node 11 1 0 0
node 23 1 0 0
gene 3 1 4 4.59357 0 1 4.59357 1
gene 1 2 4 2.22664 0 2 2.22664 0
gene 3 3 4 -2.40284 0 3 -2.40284 0
gene 1 2 11 -0.615777 0 16 -0.615777 1
gene 1 11 4 3.85197 0 17 3.85197 1
gene 1 3 11 0.497947 0 53 0.497947 1
gene 3 3 23 1.42551 0 57 1.42551 1
gene 3 23 4 -5.54543 0 58 -5.54543 1
genomeend 138

/* Organism #139 Fitness: 3.62511 Error: 2.09603 */
genomestart 139
trait 1 0.305506 0.90985 0 0 0.513572 0.862903 0 0.598528 
trait 2 0.2 0 0 0 0 0 0 0 
trait 3 0.3 0 0 0 0 0 0 0 
node 1 2 1 3
node 2 3 1 1
node 3 2 1 1
node 4 1 0 2
node 11 1 0 0
node 23 1 0 0
gene 3 1 4 1.65457 0 1 1.65457 1
gene 1 2 4 -0.621436 0 2 -0.621436 0
gene 3 3 4 -2.33552 0 3 -2.33552 0
gene 1 2 11 -3.16269 0 16 -3.16269 1
gene 1 11 4 4.82712 0 17 4.82712 1
gene 1 3 11 1.56741 0 53 1.56741 1
gene 3 3 23 -0.115806 0 57 -0.115806 1
gene 3 23 4 -2.4995 0 58 -2.4995 1
genomeend 139

/* Organism #140 Fitness: 3.98495 Error: 2.00377 */
genomestart 140
trait 1 0.305506 0.90985 0 0 0.513572 0.862903 0 0.598528 
trait 2 0.2 0 0 0 0 0 0 0 
trait 3 0.3 0 0 0 0 0 0 0 
node 1 2 1 3
node 2 3 1 1
node 3 2 1 1
node 4 1 0 2
node 11 1 0 0
node 23 1 0 0
gene 3 1 4 1.11843 0 1 1.11843 1
gene 1 2 4 -0.861911 0 2 -0.861911 0
gene 3 3 4 -6.52043 0 3 -6.52043 0
gene 1 2 11 1.12787 0 16 1.12787 1
gene 1 11 4 6.27684 0 17 6.27684 1
gene 1 3 11 -1.20181 0 53 -1.20181 1
gene 3 3 23 -1.34137 0 57 -1.34137 1
gene 3 23 4 -1.87786 0 58 -1.87786 1
genomeend 140

/* Organism #141 Fitness: 3.99863 Error: 2.00034 */
genomestart 141
trait 1 0.305506 0.90985 0 0 0.513572 0.862903 0 0.598528 
trait 2 0.2 0 0 0 0 0 0 0 
trait 3 0.3 0 0 0 0 0 0 0 
node 1 2 1 3
node 2 3 1 1
node 3 2 1 1
node 4 1 0 2
node 11 1 0 0
node 23 1 0 0
gene 3 1 4 2.68453 0 1 2.68453 1
gene 1 2 4 3.31058 0 2 3.31058 0
gene 3 3 4 -4.39033 0 3 -4.39033 0
gene 1 2 11 -0.482336 0 16 -0.482336 1
gene 1 11 4 8 0 17 8 1
gene 1 3 11 0.38514 0 53 0.38514 1
gene 3 3 23 -0.725388 0 57 -0.725388 1
gene 2 23 4 -3.48957 0 58 -3.48957 1
genomeend 141

/* Organism #142 Fitness: 7.88699 Error: 1.19162 */
genomestart 142
trait 1 0.305506 0.90985 0 0 0.513572 0.862903 0 0.598528 
trait 2 0.2 0 0 0 0 0 0 0 
trait 3 0.3 0 0 0 0 0 0 0 
node 1 2 1 3
node 2 3 1 1
node 3 2 1 1
node 4 1 0 2
node 11 1 0 0
node 23 3 0 0
gene 3 1 4 2.36027 0 1 2.36027 1
gene 1 2 4 1.14103 0 2 1.14103 0
gene 3 3 4 -4.2088 0 3 -4.2088 0
gene 1 2 11 -1.04262 0 16 -1.04262 1
gene 1 11 4 6.27684 0 17 6.27684 1
gene 1 3 11 0.251162 0 53 0.251162 1
gene 3 3 23 1 0 57 0 1
gene 3 23 4 -4.2088 0 58 0 1
genomeend 142

/* Organism #143 Fitness: 4.00021 Error: 1.99995 */
genomestart 143
trait 1 0.305506 0.90985 0 0 0.513572 0.862903 0 0.598528 
trait 2 0.2 0 0 0 0 0 0 0 
trait 3 0.3 0 0 0 0 0 0 0 
node 1 2 1 3
node 2 3 1 1
node 3 2 1 1
node 4 1 0 2
node 11 1 0 0
node 23 1 0 0
gene 3 1 4 2.36027 0 1 2.36027 1
gene 1 2 4 1.14103 0 2 1.14103 0
gene 3 3 4 -4.2088 0 3 -4.2088 0
gene 1 2 11 -1.04262 0 16 -1.04262 1
gene 1 11 4 6.27684 0 17 6.27684 1
gene 1 3 11 0.251162 0 53 0.251162 1
gene 3 3 23 1 0 57 0 1
gene 3 23 4 -4.2088 0 58 0 1
gene 3 2 23 0.691468 0 76 0.691468 1
genomeend 143

/* Organism #144 Fitness: 4 Error: 2 */
genomestart 144
trait 1 0.305506 0.90985 0 0 0.513572 0.862903 0 0.598528 
trait 2 0.2 0 0 0 0 0 0 0 
trait 3 0.3 0.168473 0 0 0 0 0 0.240488 
node 1 2 1 3
node 2 3 1 1
node 3 2 1 1
node 4 1 0 2
node 11 1 0 0
node 23 1 0 0
gene 3 1 4 2.22627 0 1 2.22627 1
gene 1 2 4 3.0037 0 2 3.0037 0
gene 3 3 4 -3.34669 0 3 -3.34669 0
gene 1 2 11 2.48931 0 16 2.48931 1
gene 1 11 4 7.00599 0 17 7.00599 1
gene 1 3 11 -1.55904 0 53 -1.55904 1
gene 3 3 23 1 0 57 1 1
gene 3 23 4 0.563399 0 58 0.563399 1
genomeend 144

/* Organism #145 Fitness: 4 Error: 2 */
genomestart 145
trait 1 0.305506 0.90985 0 0 0.513572 0.862903 0 0.598528 
trait 2 0.2 0 0 0 0 0 0 0 
trait 3 0.3 0 0 0 0 0 0 0 
node 1 2 1 3
node 2 3 1 1
node 3 2 1 1
node 4 1 0 2
node 11 1 0 0
node 23 1 0 0
gene 3 1 4 2.74483 0 1 2.74483 1
gene 1 2 4 0.457924 0 2 0.457924 0
gene 3 3 4 -2.44066 0 3 -2.44066 0
gene 1 2 11 0.0211712 0 16 0.0211712 1
gene 1 11 4 8 0 17 8 1
gene 1 3 11 -2.23492 0 53 -2.23492 1
gene 3 3 23 -0.785484 0 57 -0.785484 1
gene 3 23 4 -4.96813 0 58 -4.96813 1
genomeend 145

/* Organism #146 Fitness: 3.66384 Error: 2.08588 */
genomestart 146
trait 1 0.305506 0.90985 0 0 0.513572 0.862903 0 0.598528 
trait 2 0.2 0 0 0 0 0 0 0 
trait 3 0.3 0 0 0 0 0 0 0 
node 1 2 1 3
node 2 3 1 1
node 3 2 1 1
node 4 1 0 2
node 11 1 0 0
node 23 1 0 0
gene 3 1 4 -1.62725 0 1 -1.62725 1
gene 1 2 4 -0.874126 0 2 -0.874126 0
gene 3 3 4 -4.86472 0 3 -4.86472 0
gene 1 2 11 -0.400623 0 16 -0.400623 1
gene 1 11 4 5.31375 0 17 5.31375 1
gene 1 3 11 2.00434 0 53 2.00434 1
gene 3 3 23 3.37496 0 57 3.37496 1
gene 3 23 4 -3.01826 0 58 -3.01826 1
genomeend 146

/* Organism #147 Fitness: 7.88699 Error: 1.19162 */
genomestart 147
trait 1 0.305506 0.90985 0 0 0.513572 0.862903 0 0.598528 
trait 2 0.2 0 0 0 0 0 0 0 
trait 3 0.3 0 0 0 0 0 0 0 
node 1 2 1 3
node 2 3 1 1
node 3 2 1 1
node 4 1 0 2
node 11 1 0 0
node 23 1 0 0
gene 3 1 4 2.36027 0 1 2.36027 1
gene 1 2 4 1.14103 0 2 1.14103 0
gene 3 3 4 -4.2088 0 3 -4.2088 0
gene 1 2 11 -1.04262 0 16 -1.04262 1
gene 1 11 4 6.27684 0 17 6.27684 1
gene 1 3 11 0.251162 0 53 0.251162 1
gene 3 3 23 1 0 57 0 1
gene 3 23 4 -4.2088 0 58 0 1
genomeend 147

/* Organism #148 Fitness: 4 Error: 2 */
genomestart 148
trait 1 0.305506 0.90985 0 0 0.513572 0.862903 0 0.598528 
trait 2 0.2 0 0 0 0 0 0 0 
trait 3 0.3 0 0 0 0 0 0 0 
node 1 2 1 3
node 2 3 1 1
node 3 2 1 1
node 4 1 0 2
node 11 1 0 0
node 23 1 0 0
gene 3 1 4 2.23124 0 1 2.23124 1
gene 1 2 4 0.391437 0 2 0.391437 0
gene 3 3 4 -4.19476 0 3 -4.19476 0
gene 1 2 11 0.383584 0 16 0.383584 1
gene 1 11 4 5.86497 0 17 5.86497 1
gene 1 3 11 -2.34299 0 53 -2.34299 1
gene 3 3 23 3.24072 0 57 3.24072 1
gene 3 23 4 -4.12399 0 58 -4.12399 1
genomeend 148

/* Species #11 : (Size 1) (AF 4.08263) (Age 1)  */


/* Organism #149 Fitness: 4.08263 Error: 1.97945 */
genomestart 149
trait 1 0.305506 0.860094 0.23003 0 0.756786 0.862903 0 0.598528 
trait 2 0.2 0 0 0 0 0 0 0 
trait 3 0.3 0 0 0 0 0 0 0 
node 1 2 1 3
node 2 3 1 1
node 3 2 1 1
node 4 1 0 2
node 11 1 0 0
gene 3 1 4 0.549232 0 1 0.549232 1
gene 1 2 4 2.60161 0 2 2.60161 0
gene 3 3 4 -1.57965 0 3 -1.57965 1
gene 1 2 11 -3.13163 0 16 -3.13163 1
gene 1 11 4 -1.6162 0 17 -1.6162 1
gene 1 3 11 -0.43045 0 53 -0.43045 1
gene 2 1 11 -0.651873 0 71 -0.651873 1
genomeend 149
