
/* Species #1 : (Size 13) (AF 8.13092) (Age 27)  */


/* Organism #0 Fitness: 9 Error: 1 */
genomestart 0
trait 1 0.1 0 0 0 0 0 0 0 
trait 2 0.2 0.145426 0 0.0100854 0 0.0458268 0 0 
trait 3 1 0 0 0.0354156 0 0.0155348 0 0.464681 
node 1 2 1 3
node 2 2 1 1
node 3 1 1 1
node 4 1 0 2
gene 3 1 4 -3.90557 0 1 -3.90557 1
gene 1 2 4 8 0 2 8 1
gene 1 3 4 8 0 3 8 1
genomeend 0

/* Organism #1 Fitness: 9 Error: 1 */
genomestart 1
trait 1 0.1 0 0 0.128404 0.0501054 0 0.170769 0 
trait 2 0.2 0.145426 0 0.0100854 0 0.0458268 0 0 
trait 3 0.95625 0 0 0.0354156 0 0.0155348 0 0.435638 
node 1 2 1 3
node 2 2 1 1
node 3 1 1 1
node 4 1 0 2
gene 3 1 4 -3.05015 0 1 -3.05015 1
gene 3 2 4 8 0 2 8 1
gene 1 3 4 8 0 3 8 1
genomeend 1

/* Organism #2 Fitness: 2.70203 Error: 2.35622 */
genomestart 2
trait 1 0.1 0 0 0.256807 0.100211 0 0.341538 0 
trait 2 0.2 0.145426 0 0.0100854 0 0.0458268 0 0 
trait 3 0.86875 0 0 0.0354156 0 0.0155348 0 0.377553 
node 1 2 1 3
node 2 2 1 1
node 3 1 1 1
node 4 1 0 2
gene 3 1 4 2.43525 0 1 2.43525 1
gene 1 2 4 5.08473 0 2 5.08473 1
gene 1 3 4 -2.31507 0 3 -2.31507 1
genomeend 2

/* Organism #3 Fitness: 9 Error: 1 */
genomestart 3
trait 1 0.1 0 0 0 0 0 0 0 
trait 2 0.2 0.145426 0 0.0100854 0 0.0458268 0 0 
trait 3 1 0 0 0.0354156 0 0.0155348 0 0.464681 
node 1 2 1 3
node 2 2 1 1
node 3 1 1 1
node 4 1 0 2
gene 3 1 4 -3.90557 0 1 -3.90557 1
gene 1 2 4 8 0 2 8 1
gene 1 3 4 8 0 3 8 1
genomeend 3

/* Organism #4 Fitness: 9 Error: 1 */
genomestart 4
trait 1 0.1 0 0 0.256807 0.100211 0 0.341538 0 
trait 2 0.2 0.145426 0 0.0100854 0 0.0458268 0 0 
trait 3 0.825 0 0 0.0354156 0 0.0155348 0 0.348511 
node 1 2 1 3
node 2 2 1 1
node 3 1 1 1
node 4 1 0 2
gene 3 1 4 -3.21657 0 1 -3.21657 1
gene 1 2 4 6.3584 0 2 6.3584 1
gene 1 3 4 8 0 3 8 1
genomeend 4

/* Organism #5 Fitness: 8.99997 Error: 1 */
genomestart 5
trait 1 0.1 0 0 0.128404 0.0501054 0 0.170769 0 
trait 2 0.2 0.145426 0 0.0100854 0 0.0458268 0 0 
trait 3 0.9125 0 0 0.0354156 0 0.0155348 0 0.406596 
node 1 2 1 3
node 2 2 1 1
node 3 1 1 1
node 4 1 0 2
gene 3 1 4 -2.4976 0 1 -2.4976 1
gene 1 2 4 8 0 2 8 1
gene 1 3 4 8 0 3 8 1
genomeend 5

/* Organism #6 Fitness: 8.99994 Error: 1.00001 */
genomestart 6
trait 1 0.1 0 0 0.256807 0.100211 0 0.341538 0 
trait 2 0.2 0.145426 0 0.0100854 0 0.0458268 0 0 
trait 3 0.825 0 0 0.0354156 0 0.0155348 0 0.348511 
node 1 2 1 3
node 2 2 1 1
node 3 1 1 1
node 4 1 0 2
gene 3 1 4 -3.3695 0 1 -3.3695 1
gene 1 2 4 5.69551 0 2 5.69551 1
gene 1 3 4 8 0 3 8 1
genomeend 6

/* Organism #7 Fitness: 9 Error: 1 */
genomestart 7
trait 1 0.1 0 0 0.128404 0.0501054 0 0.170769 0 
trait 2 0.2 0.145426 0 0.0100854 0 0.0458268 0 0 
trait 3 0.9125 0 0 0.0354156 0 0.0155348 0 0.406596 
node 1 2 1 3
node 2 2 1 1
node 3 1 1 1
node 4 1 0 2
gene 3 1 4 -3.90557 0 1 -3.90557 1
gene 1 2 4 7.70754 0 2 7.70754 1
gene 1 3 4 8 0 3 8 1
genomeend 7

/* Organism #8 Fitness: 4.00006 Error: 1.99998 */
genomestart 8
trait 1 0.1 0 0 0.128404 0.0501054 0 0.170769 0 
trait 2 0.2 0.145426 0 0.0100854 0 0.0458268 0 0 
trait 3 0.9125 0 0 0.0354156 0 0.0155348 0 0.406596 
node 1 2 1 3
node 2 2 1 1
node 3 1 1 1
node 4 1 0 2
gene 3 1 4 2.24045 0 1 2.24045 1
gene 1 2 4 0.847819 0 2 0.847819 1
gene 1 3 4 8 0 3 8 1
genomeend 8

/* Organism #9 Fitness: 9 Error: 1 */
genomestart 9
trait 1 0.1 0 0 0.128404 0.0501054 0 0.170769 0 
trait 2 0.2 0.145426 0 0.0100854 0 0.0458268 0 0 
trait 3 0.9125 0 0 0.0354156 0 0.0155348 0 0.406596 
node 1 2 1 3
node 2 2 1 1
node 3 1 1 1
node 4 1 0 2
gene 3 1 4 -3.90557 0 1 -3.90557 1
gene 1 2 4 8 0 2 8 1
gene 1 3 4 8 0 3 8 1
genomeend 9

/* Organism #10 Fitness: 9 Error: 1 */
genomestart 10
trait 1 0.1 0 0 0.256807 0.100211 0 0.341538 0 
trait 2 0.2 0.145426 0 0.0100854 0 0.0458268 0 0 
trait 3 0.9125 0 0 0.0354156 0 0.0155348 0 0.406596 
node 1 2 1 3
node 2 2 1 1
node 3 1 1 1
node 4 1 0 2
gene 3 1 4 -3.90557 0 1 -3.90557 1
gene 1 2 4 8 0 2 8 1
gene 1 3 4 8 0 3 8 1
genomeend 10

/* Organism #11 Fitness: 9 Error: 1 */
genomestart 11
trait 1 0.1 0 0 0.214872 0 0 0 0 
trait 2 0.2 0.288078 0 0.0556754 0 0.0907793 0 0 
trait 3 0.280664 0 0.0574017 0.0839806 0.00748879 0.0368374 0 0 
node 1 2 1 3
node 2 1 1 1
node 3 2 1 1
node 4 1 0 2
node 10 1 0 0
gene 3 1 4 -1.10669 0 1 -1.10669 1
gene 2 2 4 8 0 2 8 1
gene 1 3 4 5.66609 0 3 5.66609 1
gene 3 3 10 -6.85678 0 14 -6.85678 1
gene 1 10 4 -8 0 15 -8 1
genomeend 11

/* Organism #12 Fitness: 9 Error: 1 */
genomestart 12
trait 1 0.1 0 0 0.214872 0 0 0 0 
trait 2 0.2 0.288078 0 0.0556754 0 0.0907793 0 0 
trait 3 0.280664 0 0.0574017 0.0839806 0.00748879 0.0368374 0 0 
node 1 2 1 3
node 2 1 1 1
node 3 2 1 1
node 4 1 0 2
node 10 1 0 0
gene 3 1 4 -0.0111516 0 1 -0.0111516 1
gene 2 2 4 7.72148 0 2 7.72148 1
gene 1 3 4 5.46196 0 3 5.46196 1
gene 3 3 10 -7.9585 0 14 -7.9585 1
gene 1 10 4 -6.52638 0 15 -6.52638 1
genomeend 12

/* Species #2 : (Size 12) (AF 8.34439) (Age 24)  */


/* Organism #13 Fitness: 9 Error: 1 */
genomestart 13
trait 1 0.113565 0 0.445553 0 0.167568 0.0487615 0.114671 0.450191 
trait 2 0.2 0 0 0 0 0 0 0 
trait 3 0.803125 0.715812 0 0 0 0 0 0 
node 1 3 1 3
node 2 2 1 1
node 3 2 1 1
node 4 1 0 2
node 8 1 0 0
gene 2 1 4 3.6198 0 1 3.6198 1
gene 2 2 4 1.36219 0 2 1.36219 1
gene 3 3 4 -0.0606951 0 3 -0.0606951 1
gene 1 3 8 -7.77266 0 10 -7.77266 1
gene 1 8 4 -7.68194 0 11 -7.68194 1
gene 2 1 8 4.48552 0 36 4.48552 1
gene 1 2 8 5.84242 0 67 5.84242 1
genomeend 13

/* Organism #14 Fitness: 8.99992 Error: 1.00001 */
genomestart 14
trait 1 0.0567826 0 0.393534 0 0.167568 0.0243808 0.114671 0.225095 
trait 2 0.2 0 0 0 0 0 0 0 
trait 3 0.803125 0.715812 0 0 0 0 0 0 
node 1 3 1 3
node 2 2 1 1
node 3 2 1 1
node 4 1 0 2
node 8 1 0 0
gene 2 1 4 3.00817 0 1 3.00817 1
gene 2 2 4 -6.57484 0 2 -6.57484 1
gene 3 3 4 -0.723771 0 3 -0.723771 1
gene 1 3 8 -7.8118 0 10 -7.8118 1
gene 1 8 4 -8 0 11 -8 1
gene 2 1 8 4.93181 0 36 4.93181 1
gene 1 2 8 3.15413 0 67 3.15413 1
genomeend 14

/* Organism #15 Fitness: 4.00005 Error: 1.99999 */
genomestart 15
trait 1 0.113565 0 0.445553 0 0.167568 0.0487615 0.114671 0.450191 
trait 2 0.2 0 0 0 0 0 0 0 
trait 3 0.803125 0.715812 0 0 0 0 0 0 
node 1 3 1 3
node 2 2 1 1
node 3 2 1 1
node 4 1 0 2
node 8 1 0 0
gene 2 1 4 -2.45217 0 1 -2.45217 1
gene 2 2 4 -8 0 2 -8 1
gene 3 3 4 0.146582 0 3 0.146582 1
gene 1 3 8 -6.72955 0 10 -6.72955 1
gene 1 8 4 -8 0 11 -8 1
gene 2 1 8 0.719544 0 36 0.719544 1
gene 1 2 8 2.71873 0 67 2.71873 1
genomeend 15

/* Organism #16 Fitness: 8.99998 Error: 1 */
genomestart 16
trait 1 0 0 0.341515 0 0.167568 0 0.114671 0 
trait 2 0.2 0 0 0 0 0 0 0 
trait 3 0.803125 0.715812 0 0 0 0 0 0 
node 1 3 1 3
node 2 2 1 1
node 3 2 1 1
node 4 1 0 2
node 8 1 0 0
gene 2 1 4 1.46887 0 1 1.46887 1
gene 2 2 4 -7.20868 0 2 -7.20868 1
gene 3 3 4 4.10884 0 3 4.10884 1
gene 1 3 8 -8 0 10 -8 1
gene 1 8 4 -8 0 11 -8 1
gene 2 1 8 4.28715 0 36 4.28715 1
gene 1 2 8 3.29228 0 67 3.29228 1
genomeend 16

/* Organism #17 Fitness: 9 Error: 1 */
genomestart 17
trait 1 0.113565 0 0.445553 0 0.167568 0.0487615 0.114671 0.450191 
trait 2 0.2 0 0 0 0 0 0 0 
trait 3 0.803125 0.715812 0 0 0 0 0 0 
node 1 3 1 3
node 2 2 1 1
node 3 2 1 1
node 4 1 0 2
node 8 1 0 0
gene 2 1 4 2.80429 0 1 2.80429 1
gene 2 2 4 -7.66262 0 2 -7.66262 1
gene 3 3 4 2.43454 0 3 2.43454 1
gene 1 3 8 -7.77266 0 10 -7.77266 1
gene 1 8 4 -6.87597 0 11 -6.87597 1
gene 2 1 8 2.87173 0 36 2.87173 1
gene 1 2 8 4.66413 0 67 4.66413 1
genomeend 17

/* Organism #18 Fitness: 8.54253 Error: 1.07724 */
genomestart 18
trait 1 0.0567826 0 0.393534 0 0.167568 0.0243808 0.114671 0.225095 
trait 2 0.2 0 0 0 0 0 0 0 
trait 3 0.803125 0.715812 0 0 0 0 0 0 
node 1 3 1 3
node 2 2 1 1
node 3 2 1 1
node 4 1 0 2
node 8 1 0 0
gene 2 1 4 2.80429 0 1 2.80429 1
gene 2 2 4 -5.51831 0 2 -5.51831 1
gene 3 3 4 2.21078 0 3 2.21078 1
gene 1 3 8 -8 0 10 -8 1
gene 1 8 4 -8 0 11 -8 1
gene 2 1 8 2.87173 0 36 2.87173 1
gene 1 2 8 3.15413 0 67 3.15413 1
genomeend 18

/* Organism #19 Fitness: 8.99213 Error: 1.00131 */
genomestart 19
trait 1 0.0567826 0 0.393534 0 0.167568 0.0243808 0.114671 0.225095 
trait 2 0.2 0 0 0 0 0 0 0 
trait 3 0.803125 0.715812 0 0 0 0 0 0 
node 1 3 1 3
node 2 2 1 1
node 3 2 1 1
node 4 1 0 2
node 8 1 0 0
gene 2 1 4 0.679025 0 1 0.679025 1
gene 2 2 4 -5.26324 0 2 -5.26324 1
gene 3 3 4 0.703572 0 3 0.703572 1
gene 1 3 8 -7.51614 0 10 -7.51614 1
gene 1 8 4 -8 0 11 -8 1
gene 2 1 8 6.4146 0 36 6.4146 1
gene 1 2 8 0.769347 0 67 0.769347 1
genomeend 19

/* Organism #20 Fitness: 11.6236 Error: 0.590666 */
/* ##------$ WINNER 20 SPECIES #2 $------## */
genomestart 20
trait 1 0.113565 0 0.445553 0 0.167568 0.0487615 0.114671 0.450191 
trait 2 0.2 0 0 0 0 0 0 0 
trait 3 0.803125 0.715812 0 0 0 0 0 0 
node 1 3 1 3
node 2 2 1 1
node 3 2 1 1
node 4 1 0 2
node 8 1 0 0
gene 2 1 4 5.55777 0 1 5.55777 1
gene 2 2 4 2.60994 0 2 2.60994 1
gene 3 3 4 -0.447733 0 3 -0.447733 1
gene 1 3 8 -8 0 10 -8 1
gene 1 8 4 -8 0 11 -8 1
gene 2 1 8 2.27126 0 36 2.27126 1
gene 1 2 8 6.62799 0 67 6.62799 1
genomeend 20

/* Organism #21 Fitness: 8.99961 Error: 1.00006 */
genomestart 21
trait 1 0 0 0.341515 0 0.167568 0 0.114671 0 
trait 2 0.2 0 0 0 0 0 0 0 
trait 3 0.803125 0.715812 0 0 0 0 0 0 
node 1 3 1 3
node 2 2 1 1
node 3 2 1 1
node 4 1 0 2
node 8 1 0 0
gene 2 1 4 0.377306 0 1 0.377306 1
gene 2 2 4 -4.32999 0 2 -4.32999 1
gene 3 3 4 1.58168 0 3 1.58168 1
gene 1 3 8 -8 0 10 -8 1
gene 1 8 4 -8 0 11 -8 1
gene 2 1 8 5.41256 0 36 5.41256 1
gene 1 2 8 5.19547 0 67 5.19547 1
genomeend 21

/* Organism #22 Fitness: 9 Error: 1 */
genomestart 22
trait 1 0.113565 0 0.445553 0 0.167568 0.0487615 0.114671 0.450191 
trait 2 0.2 0 0 0 0 0 0 0 
trait 3 0.803125 0.715812 0 0 0 0 0 0 
node 1 3 1 3
node 2 2 1 1
node 3 2 1 1
node 4 1 0 2
node 8 1 0 0
gene 2 1 4 2.80429 0 1 2.80429 1
gene 2 2 4 -7.66262 0 2 -7.66262 1
gene 3 3 4 2.43454 0 3 2.43454 1
gene 1 3 8 -7.77266 0 10 -7.77266 1
gene 1 8 4 -6.87597 0 11 -6.87597 1
gene 2 1 8 2.87173 0 36 2.87173 1
gene 1 2 8 4.66413 0 67 4.66413 1
genomeend 22

/* Organism #23 Fitness: 4.00018 Error: 1.99996 */
genomestart 23
trait 1 0.113565 0 0.445553 0 0.167568 0.0487615 0.114671 0.450191 
trait 2 0.2 0 0 0 0.423151 0 0.712877 0 
trait 3 0.803125 0.715812 0 0 0 0 0 0 
node 1 3 1 3
node 2 2 1 1
node 3 2 1 1
node 4 1 0 2
node 8 1 0 0
gene 2 1 4 2.80429 0 1 2.80429 1
gene 2 2 4 -7.66262 0 2 -7.66262 1
gene 3 3 4 -0.0606951 0 3 -0.0606951 1
gene 1 3 8 -8 0 10 -8 1
gene 1 8 4 -0.775832 0 11 -0.775832 1
gene 2 1 8 2.87173 0 36 2.87173 1
gene 1 2 8 3.75357 0 67 3.75357 1
genomeend 23

/* Organism #24 Fitness: 8.97477 Error: 1.00421 */
genomestart 24
trait 1 0.188018 0 0.286802 0 0 0.0812692 0.235222 0 
trait 2 0.2 0 0 0 0 0 0 0 
trait 3 0.3 0 0 0 0 0 0 0 
node 1 3 1 3
node 2 3 1 1
node 3 2 1 1
node 4 1 0 2
node 8 1 0 0
gene 2 1 4 2.77878 0 1 2.77878 1
gene 2 2 4 8 0 2 8 1
gene 1 3 4 0.264489 0 3 0.264489 0
gene 1 3 8 -4.91737 0 10 -4.91737 1
gene 1 8 4 -7.77791 0 11 -7.77791 1
genomeend 24

/* Species #3 : (Size 9) (AF 8.09396) (Age 23)  */


/* Organism #25 Fitness: 9 Error: 1 */
genomestart 25
trait 1 0.1 0 0 0.214872 0 0 0 0 
trait 2 0.2 0.288078 0 0.0556754 0 0.0907793 0 0 
trait 3 0.280664 0 0.0574017 0.0839806 0.00748879 0.0368374 0 0 
node 1 2 1 3
node 2 1 1 1
node 3 2 1 1
node 4 1 0 2
node 10 1 0 0
gene 3 1 4 0.000543883 0 1 0.000543883 1
gene 2 2 4 7.71988 0 2 7.71988 1
gene 1 3 4 4.0743 0 3 4.0743 1
gene 3 3 10 -5.91891 0 14 -5.91891 1
gene 1 10 4 -7.87044 0 15 -7.87044 1
genomeend 25

/* Organism #26 Fitness: 8.99822 Error: 1.0003 */
genomestart 26
trait 1 0.1 0 0 0.176879 0 0 0 0 
trait 2 0.2 0.287989 0 0.0556891 0 0.0907511 0 0 
trait 3 0.28125 0 0.0556623 0.0841559 0.00726186 0.0369143 0 0 
node 1 2 1 3
node 2 1 1 1
node 3 2 1 1
node 4 1 0 2
node 10 1 0 0
gene 3 1 4 -0.801041 0 1 -0.801041 1
gene 2 2 4 6.18951 0 2 6.18951 1
gene 1 3 4 3.49964 0 3 3.49964 1
gene 3 3 10 -8 0 14 -8 1
gene 1 10 4 -7.47555 0 15 -7.47555 1
genomeend 26

/* Organism #27 Fitness: 9 Error: 1 */
genomestart 27
trait 1 0.1 0 0 0.214872 0 0 0 0 
trait 2 0.2 0.288078 0 0.0556754 0 0.0907793 0 0 
trait 3 0.280664 0 0.0574017 0.0839806 0.00748879 0.0368374 0 0 
node 1 2 1 3
node 2 1 1 1
node 3 2 1 1
node 4 1 0 2
node 10 1 0 0
gene 3 1 4 0.000543883 0 1 0.000543883 1
gene 2 2 4 7.71988 0 2 7.71988 1
gene 1 3 4 4.0743 0 3 4.0743 1
gene 3 3 10 -5.91891 0 14 -5.91891 1
gene 1 10 4 -7.87044 0 15 -7.87044 1
genomeend 27

/* Organism #28 Fitness: 9 Error: 1 */
genomestart 28
trait 1 0.1 0 0 0.214872 0 0 0 0 
trait 2 0.2 0.288078 0 0.0556754 0 0.0907793 0 0 
trait 3 0.280664 0 0.0574017 0.0839806 0.00748879 0.0368374 0 0 
node 1 2 1 3
node 2 1 1 1
node 3 2 1 1
node 4 1 0 2
node 10 1 0 0
gene 3 1 4 0.000543883 0 1 0.000543883 1
gene 2 2 4 7.71988 0 2 7.71988 1
gene 1 3 4 4.0743 0 3 4.0743 1
gene 3 3 10 -5.91891 0 14 -5.91891 1
gene 1 10 4 -7.87044 0 15 -7.87044 1
gene 3 2 10 -0.757279 0 204 -0.757279 1
genomeend 28

/* Organism #29 Fitness: 5.11421 Error: 1.73854 */
genomestart 29
trait 1 0.1 0 0 0.195876 0 0 0 0 
trait 2 0.2 0.288034 0 0.0556823 0 0.0907652 0 0 
trait 3 0.280957 0 0.056532 0.0840683 0.00737533 0.0368758 0 0 
node 1 2 1 3
node 2 1 1 1
node 3 2 1 1
node 4 1 0 2
node 10 1 0 0
gene 3 1 4 0.782356 0 1 0.782356 1
gene 2 2 4 5.95382 0 2 5.95382 1
gene 1 3 4 5.97723 0 3 5.97723 1
gene 3 3 10 -3.7691 0 14 -3.7691 1
gene 1 10 4 -1.14297 0 15 -1.14297 1
genomeend 29

/* Organism #30 Fitness: 9 Error: 1 */
genomestart 30
trait 1 0.1 0 0 0.195876 0 0 0 0 
trait 2 0.2 0.288034 0 0.0556823 0 0.0907652 0 0 
trait 3 0.280957 0 0.056532 0.0840683 0.00737533 0.0368758 0 0 
node 1 2 1 3
node 2 1 1 1
node 3 2 1 1
node 4 1 0 2
node 10 1 0 0
gene 3 1 4 0.000543883 0 1 0.000543883 1
gene 2 2 4 7.71988 0 2 7.71988 1
gene 1 3 4 4.0743 0 3 4.0743 1
gene 3 3 10 -5.91891 0 14 -5.91891 1
gene 1 10 4 -8 0 15 -8 1
genomeend 30

/* Organism #31 Fitness: 6.62946 Error: 1.42523 */
genomestart 31
trait 1 0.1 0 0 0.214872 0 0 0 0 
trait 2 0.2 0.288078 0 0.0556754 0 0.0907793 0 0 
trait 3 0.280664 0 0.0574017 0.0839806 0.00748879 0.0368374 0 0 
node 1 2 1 3
node 2 1 1 1
node 3 2 1 1
node 4 1 0 2
node 10 1 0 0
node 67 1 0 0
gene 3 1 4 0.000543883 0 1 0.000543883 1
gene 2 2 4 7.71988 0 2 7.71988 1
gene 1 3 4 4.0743 0 3 4.0743 1
gene 3 3 10 -5.91891 0 14 -5.91891 1
gene 1 10 4 -7.87044 0 15 -7.87044 0
gene 1 10 67 1 0 205 0 1
gene 1 67 4 -7.87044 0 206 0 1
genomeend 31

/* Organism #32 Fitness: 7.10385 Error: 1.33469 */
genomestart 32
trait 1 0.1 0 0 0.176879 0 0 0 0 
trait 2 0.2 0.287989 0 0.0556891 0 0.0907511 0 0 
trait 3 0.28125 0 0.0556623 0.0841559 0.00726186 0.0369143 0 0 
node 1 2 1 3
node 2 1 1 1
node 3 2 1 1
node 4 1 0 2
node 10 1 0 0
node 68 1 0 0
gene 3 1 4 0.000543883 0 1 0.000543883 1
gene 2 2 4 7.71988 0 2 7.71988 0
gene 1 3 4 4.0743 0 3 4.0743 1
gene 3 3 10 -5.91891 0 14 -5.91891 1
gene 1 10 4 -8 0 15 -8 1
gene 2 2 68 1 0 207 0 1
gene 2 68 4 7.71988 0 208 0 1
genomeend 32

/* Organism #33 Fitness: 8.99989 Error: 1.00002 */
genomestart 33
trait 1 0.1 0 0 0.176879 0 0 0 0 
trait 2 0.2 0.287989 0 0.0556891 0 0.0907511 0 0 
trait 3 0.28125 0 0.0556623 0.0841559 0.00726186 0.0369143 0 0 
node 1 2 1 3
node 2 1 1 1
node 3 3 1 1
node 4 1 0 2
node 10 1 0 0
gene 3 1 4 0.634836 0 1 0.634836 1
gene 2 2 4 8 0 2 8 1
gene 1 3 4 4.86409 0 3 4.86409 1
gene 3 3 10 -4.44693 0 14 -4.44693 1
gene 1 10 4 -5.71503 0 15 -5.71503 1
genomeend 33

/* Species #4 : (Size 11) (AF 7.74033) (Age 23)  */


/* Organism #34 Fitness: 9 Error: 1 */
genomestart 34
trait 1 0.1 0 0.247534 0.161371 0.115724 0 0 0.165485 
trait 2 0.2 0.162929 0 0.112255 0 0.0513421 0 0 
trait 3 0.3 0 0 0.179533 0 0.075316 0.292612 0.404784 
node 1 2 1 3
node 2 1 1 1
node 3 2 1 1
node 4 2 0 2
node 11 1 0 0
gene 3 1 4 -6.27578 0 1 -6.27578 1
gene 1 2 4 7.68947 0 2 7.68947 1
gene 1 3 4 -7.60677 0 3 -7.60677 1
gene 1 2 11 0.831844 0 16 0.831844 1
gene 1 11 4 3.42273 0 17 3.42273 1
gene 3 3 11 -1.58878 0 133 -1.58878 1
gene 3 1 11 -0.269023 0 149 -0.269023 1
genomeend 34

/* Organism #35 Fitness: 5.18084 Error: 1.72385 */
genomestart 35
trait 1 0.1 0 0.247534 0.161371 0.115724 0 0 0.165485 
trait 2 0.2 0.162929 0 0.112255 0 0.0513421 0 0 
trait 3 0.3 0 0 0.179533 0 0.075316 0.292612 0.404784 
node 1 2 1 3
node 2 1 1 1
node 3 2 1 1
node 4 2 0 2
node 11 1 0 0
gene 3 1 4 -5.91409 0 1 -5.91409 1
gene 1 2 4 7.52119 0 2 7.52119 1
gene 1 3 4 -5.29508 0 3 -5.29508 1
gene 1 2 11 2.22412 0 16 2.22412 1
gene 1 11 4 4.66767 0 17 4.66767 1
gene 3 3 11 -0.240083 0 133 -0.240083 1
gene 3 1 11 -1.65909 0 149 -1.65909 1
genomeend 35

/* Organism #36 Fitness: 8.99996 Error: 1.00001 */
genomestart 36
trait 1 0.1 0 0.247534 0.161371 0.115724 0 0 0.165485 
trait 2 0.2 0.162929 0 0.112255 0 0.0513421 0 0 
trait 3 0.3 0 0 0.179533 0 0.075316 0.292612 0.404784 
node 1 2 1 3
node 2 1 1 1
node 3 2 1 1
node 4 2 0 2
node 11 1 0 0
gene 3 1 4 -8 0 1 -8 1
gene 1 2 4 8 0 2 8 1
gene 1 3 4 -8 0 3 -8 1
gene 1 2 11 2.33394 0 16 2.33394 1
gene 1 11 4 5.60419 0 17 5.60419 1
gene 3 3 11 -0.0202948 0 133 -0.0202948 1
gene 3 1 11 -0.982303 0 149 -0.982303 1
genomeend 36

/* Organism #37 Fitness: 4.00151 Error: 1.99962 */
genomestart 37
trait 1 0.1 0 0.247534 0.161371 0.115724 0 0 0.165485 
trait 2 0.2 0.162929 0 0.112255 0 0.0513421 0 0 
trait 3 0.3 0 0 0.179533 0 0.0752946 0.294441 0.407314 
node 1 2 1 3
node 2 1 1 1
node 3 2 1 1
node 4 2 0 2
node 11 1 0 0
gene 3 1 4 -6.72737 0 1 -6.72737 1
gene 1 2 4 5.20153 0 2 5.20153 1
gene 1 3 4 -7.58329 0 3 -7.58329 1
gene 1 2 11 -1.0813 0 16 -1.0813 1
gene 1 11 4 -0.571015 0 17 -0.571015 1
gene 3 3 11 -3.90478 0 133 -3.90478 1
gene 3 1 11 0.695514 0 149 0.695514 1
genomeend 37

/* Organism #38 Fitness: 8.99986 Error: 1.00002 */
genomestart 38
trait 1 0.1 0 0.247534 0.161371 0.115724 0 0 0.165485 
trait 2 0.2 0.162929 0 0.112255 0 0.0513421 0 0 
trait 3 0.3 0 0 0.179533 0 0.0752946 0.294441 0.407314 
node 1 2 1 3
node 2 1 1 1
node 3 2 1 1
node 4 2 0 2
node 11 1 0 0
gene 3 1 4 -4.04288 0 1 -4.04288 1
gene 1 2 4 7.68947 0 2 7.68947 1
gene 1 3 4 -7.60677 0 3 -7.60677 1
gene 1 2 11 0.890109 0 16 0.890109 1
gene 1 11 4 1.6963 0 17 1.6963 1
gene 3 3 11 -1.58878 0 133 -1.58878 1
gene 3 1 11 1.99884 0 149 1.99884 1
genomeend 38

/* Organism #39 Fitness: 8.99956 Error: 1.00007 */
genomestart 39
trait 1 0.1 0 0.247534 0.161371 0.115724 0 0 0.165485 
trait 2 0.2 0.162929 0 0.112255 0 0.0513421 0 0 
trait 3 0.3 0 0 0.179533 0 0.075316 0.292612 0.404784 
node 1 2 1 3
node 2 1 1 1
node 3 2 1 1
node 4 2 0 2
node 11 1 0 0
gene 3 1 4 -5.91409 0 1 -5.91409 1
gene 1 2 4 7.84474 0 2 7.84474 1
gene 1 3 4 -6.19219 0 3 -6.19219 1
gene 1 2 11 0.537218 0 16 0.537218 1
gene 1 11 4 3.18956 0 17 3.18956 1
gene 3 3 11 -0.936407 0 133 -0.936407 1
gene 3 1 11 -2.13092 0 149 -2.13092 1
genomeend 39

/* Organism #40 Fitness: 8.96962 Error: 1.00507 */
genomestart 40
trait 1 0.1 0 0.247534 0.161371 0.115724 0 0 0.165485 
trait 2 0.2 0.162929 0 0.112255 0 0.0513421 0 0 
trait 3 0.3 0 0 0.179533 0 0.0752946 0.294441 0.407314 
node 1 2 1 3
node 2 1 1 1
node 3 2 1 1
node 4 2 0 2
node 11 1 0 0
gene 3 1 4 -3.88123 0 1 -3.88123 1
gene 1 2 4 5.21071 0 2 5.21071 1
gene 1 3 4 -6.12801 0 3 -6.12801 1
gene 1 2 11 2.73327 0 16 2.73327 1
gene 1 11 4 2.8372 0 17 2.8372 1
gene 3 3 11 -1.6992 0 133 -1.6992 1
gene 3 1 11 0.916822 0 149 0.916822 1
genomeend 40

/* Organism #41 Fitness: 8.99214 Error: 1.00131 */
genomestart 41
trait 1 0.1 0 0.247534 0.161371 0.115724 0 0 0.165485 
trait 2 0.2 0.162929 0 0.112255 0 0.0513421 0 0 
trait 3 0.3 0 0 0.179533 0 0.075316 0.292612 0.404784 
node 1 2 1 3
node 2 1 1 1
node 3 2 1 1
node 4 2 0 2
node 11 1 0 0
gene 3 1 4 -4.93184 0 1 -4.93184 1
gene 1 2 4 6.33336 0 2 6.33336 1
gene 1 3 4 -7.60677 0 3 -7.60677 1
gene 1 2 11 1.7521 0 16 1.7521 1
gene 1 11 4 3.58608 0 17 3.58608 1
gene 3 3 11 -3.04784 0 133 -3.04784 1
gene 3 1 11 1.51969 0 149 1.51969 1
genomeend 41

/* Organism #42 Fitness: 9 Error: 1 */
genomestart 42
trait 1 0.1 0 0.247534 0.161371 0.115724 0 0 0.165485 
trait 2 0.2 0.162929 0 0.112255 0 0.0513421 0 0 
trait 3 0.3 0 0 0.179533 0 0.075316 0.292612 0.404784 
node 1 2 1 3
node 2 1 1 1
node 3 2 1 1
node 4 2 0 2
node 11 1 0 0
gene 3 1 4 -6.27578 0 1 -6.27578 1
gene 1 2 4 7.84474 0 2 7.84474 1
gene 1 3 4 -6.19219 0 3 -6.19219 1
gene 1 2 11 0.537218 0 16 0.537218 1
gene 1 11 4 3.42273 0 17 3.42273 1
gene 3 3 11 -1.58878 0 133 -1.58878 1
gene 3 1 11 -0.269023 0 149 -0.269023 1
genomeend 42

/* Organism #43 Fitness: 4.00013 Error: 1.99997 */
genomestart 43
trait 1 0.1 0 0.247534 0.161371 0.115724 0 0 0.165485 
trait 2 0.2 0.162929 0 0.112255 0 0.0513421 0 0 
trait 3 0.3 0 0 0.179533 0 0.075316 0.292612 0.404784 
node 1 2 1 3
node 2 1 1 1
node 3 2 1 1
node 4 2 0 2
node 11 1 0 0
gene 3 1 4 -6.27578 0 1 -6.27578 1
gene 1 2 4 8 0 2 8 1
gene 1 3 4 -2.47058 0 3 -2.47058 1
gene 1 2 11 0.44827 0 16 0.44827 1
gene 1 11 4 2.8468 0 17 2.8468 1
gene 3 3 11 1.68854 0 133 1.68854 1
gene 3 1 11 0.195471 0 149 0.195471 1
genomeend 43

/* Organism #44 Fitness: 9 Error: 1 */
genomestart 44
trait 1 0.1 0 0.247534 0.161371 0.115724 0 0 0.165485 
trait 2 0.2 0.162929 0 0.112255 0 0.0513421 0 0 
trait 3 0.3 0 0 0.179533 0 0.075316 0.292612 0.404784 
node 1 2 1 3
node 2 1 1 1
node 3 2 1 1
node 4 2 0 2
node 11 1 0 0
gene 3 1 4 -5.91409 0 1 -5.91409 1
gene 1 2 4 7.68947 0 2 7.68947 1
gene 1 3 4 -6.19219 0 3 -6.19219 1
gene 1 2 11 0.537218 0 16 0.537218 1
gene 1 11 4 3.18956 0 17 3.18956 1
gene 3 3 11 -0.936407 0 133 -0.936407 1
gene 3 1 11 -0.269023 0 149 -0.269023 1
genomeend 44

/* Species #5 : (Size 10) (AF 6.48851) (Age 22)  */


/* Organism #45 Fitness: 9 Error: 1 */
genomestart 45
trait 1 0.0410461 0 0 0 0.2535 0 0.450456 0.474416 
trait 2 0.2 0 0 0.112255 0 0 0 0 
trait 3 0.3 0 0 0 0 0 0 0 
node 1 2 1 3
node 2 1 1 1
node 3 2 1 1
node 4 3 0 2
node 14 1 0 0
gene 2 1 4 -2.24013 0 1 -2.24013 1
gene 3 2 4 8 0 2 8 1
gene 3 3 4 -5.22356 0 3 -5.22356 1
gene 3 3 14 6.04669 0 23 6.04669 1
gene 3 14 4 -8 0 24 -8 1
gene 1 2 14 -2.07633 0 40 -2.07633 1
genomeend 45

/* Organism #46 Fitness: 4.00492 Error: 1.99877 */
genomestart 46
trait 1 0.0425262 0 0 0 0.247136 0 0.439147 0.462505 
trait 2 0.2 0 0 0.112255 0 0 0 0 
trait 3 0.3 0 0 0 0 0 0 0 
node 1 2 1 3
node 2 1 1 1
node 3 2 1 1
node 4 3 0 2
node 14 1 0 0
gene 2 1 4 -2.65937 0 1 -2.65937 1
gene 2 2 4 8 0 2 8 1
gene 3 3 4 -3.11988 0 3 -3.11988 1
gene 3 3 14 2.48803 0 23 2.48803 1
gene 3 14 4 -8 0 24 -8 1
gene 1 2 14 -2.91776 0 40 -2.91776 1
genomeend 46

/* Organism #47 Fitness: 8.74014 Error: 1.04363 */
genomestart 47
trait 1 0.0410461 0 0 0 0.2535 0 0.450456 0.474416 
trait 2 0.2 0 0 0.112255 0 0 0 0 
trait 3 0.3 0 0 0 0 0 0 0 
node 1 2 1 3
node 2 1 1 1
node 3 2 1 1
node 4 3 0 2
node 14 1 0 0
gene 2 1 4 -2.24013 0 1 -2.24013 1
gene 3 2 4 8 0 2 8 1
gene 3 3 4 -6.35835 0 3 -6.35835 1
gene 3 3 14 3.66791 0 23 3.66791 1
gene 3 14 4 -0.0285839 0 24 -0.0285839 1
gene 1 2 14 -1.13666 0 40 -1.13666 1
genomeend 47

/* Organism #48 Fitness: 9 Error: 1 */
genomestart 48
trait 1 0.0425262 0 0 0 0.247136 0 0.439147 0.462505 
trait 2 0.2 0 0 0.112255 0 0 0 0 
trait 3 0.3 0 0 0 0 0 0 0 
node 1 2 1 3
node 2 1 1 1
node 3 2 1 1
node 4 3 0 2
node 14 1 0 0
gene 2 1 4 -1.40534 0 1 -1.40534 1
gene 2 2 4 8 0 2 8 1
gene 3 3 4 -3.86189 0 3 -3.86189 1
gene 3 3 14 3.54787 0 23 3.54787 1
gene 3 14 4 -8 0 24 -8 1
gene 1 2 14 -2.84623 0 40 -2.84623 1
genomeend 48

/* Organism #49 Fitness: 4 Error: 2 */
genomestart 49
trait 1 0.0440063 0 0 0 0.240771 0 0.427837 0.450594 
trait 2 0.2 0 0 0.112255 0 0 0 0 
trait 3 0.3 0 0 0 0 0 0 0 
node 1 2 1 3
node 2 1 1 1
node 3 2 1 1
node 4 3 0 2
node 14 1 0 0
gene 2 1 4 -0.0354496 0 1 -0.0354496 1
gene 2 2 4 -1.52045 0 2 -1.52045 1
gene 3 3 4 -6.57294 0 3 -6.57294 1
gene 3 3 14 4.90202 0 23 4.90202 1
gene 3 14 4 -8 0 24 -8 1
gene 1 2 14 0.555213 0 40 0.555213 1
genomeend 49

/* Organism #50 Fitness: 4 Error: 2 */
genomestart 50
trait 1 0.0425262 0 0 0 0.247136 0 0.439147 0.462505 
trait 2 0.2 0 0.721702 0.112255 0.612069 0 0.620216 0 
trait 3 0.3 0 0 0 0 0 0 0 
node 1 2 1 3
node 2 1 1 1
node 3 2 1 1
node 4 1 0 2
node 14 1 0 0
gene 2 1 4 -2.24013 0 1 -2.24013 1
gene 2 2 4 -1.81504 0 2 -1.81504 1
gene 3 3 4 1.15547 0 3 1.15547 1
gene 3 3 14 1.69453 0 23 1.69453 1
gene 3 14 4 -8 0 24 -8 1
gene 1 2 14 -0.635624 0 40 -0.635624 1
genomeend 50

/* Organism #51 Fitness: 9 Error: 1 */
genomestart 51
trait 1 0.0425262 0 0 0 0.247136 0 0.439147 0.462505 
trait 2 0.2 0 0 0.112255 0.186718 0.15415 0 0 
trait 3 0.3 0 0 0 0 0 0 0 
node 1 2 1 3
node 2 1 1 1
node 3 2 1 1
node 4 3 0 2
node 14 1 0 0
gene 2 1 4 -2.24013 0 1 -2.24013 1
gene 2 2 4 8 0 2 8 1
gene 3 3 4 -5.22356 0 3 -5.22356 1
gene 3 3 14 3.73202 0 23 3.73202 1
gene 3 14 4 -7.53914 0 24 -7.53914 1
gene 1 2 14 -2.07633 0 40 -2.07633 1
genomeend 51

/* Organism #52 Fitness: 4.14002 Error: 1.9653 */
genomestart 52
trait 1 0.0425262 0 0 0 0.247136 0 0.439147 0.462505 
trait 2 0.2 0 0 0.112255 0 0 0 0 
trait 3 0.3 0 0 0 0 0 0 0 
node 1 2 1 3
node 2 1 1 1
node 3 2 1 1
node 4 3 0 2
node 14 1 0 0
gene 2 1 4 -1.38493 0 1 -1.38493 1
gene 2 2 4 5.91035 0 2 5.91035 1
gene 3 3 4 -3.40961 0 3 -3.40961 1
gene 3 3 14 1.49905 0 23 1.49905 1
gene 3 14 4 -8 0 24 -8 1
gene 1 2 14 -2.07633 0 40 -2.07633 1
genomeend 52

/* Organism #53 Fitness: 4 Error: 2 */
genomestart 53
trait 1 0.0417862 0 0 0 0.250318 0 0.444801 0.46846 
trait 2 0.2 0.689377 0 0.112255 0 0.724164 0 0 
trait 3 0.3 0 0 0 0 0 0 0 
node 1 2 1 3
node 2 1 1 1
node 3 2 1 1
node 4 3 0 2
node 14 1 0 0
gene 2 1 4 -4.73939 0 1 -4.73939 1
gene 3 2 4 -1.47217 0 2 -1.47217 1
gene 3 3 4 -6.52383 0 3 -6.52383 1
gene 3 3 14 5.32866 0 23 5.32866 1
gene 3 14 4 -5.58938 0 24 -5.58938 1
gene 1 2 14 0.104182 0 40 0.104182 1
genomeend 53

/* Organism #54 Fitness: 9 Error: 1 */
genomestart 54
trait 1 0.0425262 0 0 0 0.247136 0 0.439147 0.462505 
trait 2 0.2 0 0 0.112255 0 0 0 0 
trait 3 0.3 0 0 0 0 0 0 0 
node 1 2 1 3
node 2 1 1 1
node 3 2 1 1
node 4 3 0 2
node 14 1 0 0
gene 2 1 4 -2.24013 0 1 -2.24013 1
gene 2 2 4 8 0 2 8 1
gene 3 3 4 -5.22356 0 3 -5.22356 1
gene 3 3 14 3.73202 0 23 3.73202 1
gene 3 14 4 -7.53914 0 24 -7.53914 1
gene 1 2 14 -2.07633 0 40 -2.07633 1
genomeend 54

/* Species #6 : (Size 12) (AF 7.74988) (Age 19)  */


/* Organism #55 Fitness: 9 Error: 1 */
genomestart 55
trait 1 0.1 0 0.495067 0.322742 0.0800768 0 0 0 
trait 2 0.2 0.162929 0 0.112255 0 0.0513421 0 0 
trait 3 0 0 0 0.179533 0 1 0 0 
node 1 2 1 3
node 2 1 1 1
node 3 2 1 1
node 4 3 0 2
node 11 1 0 0
gene 3 1 4 -3.78276 0 1 -3.78276 1
gene 1 2 4 -6.65533 0 2 -6.65533 0
gene 1 3 4 6.62536 0 3 6.62536 1
gene 1 2 11 6.53808 0 16 6.53808 1
gene 1 11 4 8 0 17 8 1
gene 3 3 11 7.62816 0 33 7.62816 1
gene 1 1 11 -3.95982 0 49 -3.95982 1
genomeend 55

/* Organism #56 Fitness: 4 Error: 2 */
genomestart 56
trait 1 0.1 0 0.495067 0.322742 0.0800768 0 0 0 
trait 2 0.2 0.162929 0 0.112255 0 0.0513421 0 0 
trait 3 0 0 0 0.179533 0 1 0 0 
node 1 2 1 3
node 2 1 1 1
node 3 2 1 1
node 4 3 0 2
node 11 1 0 0
gene 3 1 4 -2.13157 0 1 -2.13157 1
gene 1 2 4 -5.38622 0 2 -5.38622 0
gene 1 3 4 5.20877 0 3 5.20877 1
gene 1 2 11 4.64215 0 16 4.64215 1
gene 1 11 4 8 0 17 8 1
gene 3 3 11 7.62816 0 33 7.62816 1
gene 1 1 11 0.827717 0 49 0.827717 1
genomeend 56

/* Organism #57 Fitness: 4 Error: 2 */
genomestart 57
trait 1 0.1 0 0.495067 0.322742 0.0800768 0 0 0 
trait 2 0.2 0.162929 0 0.112255 0 0.0513421 0 0 
trait 3 0 0 0 0.179533 0 1 0 0 
node 1 2 1 3
node 2 1 1 1
node 3 2 1 1
node 4 3 0 2
node 11 1 0 0
gene 3 1 4 -5.22613 0 1 -5.22613 1
gene 1 2 4 -6.2364 0 2 -6.2364 0
gene 1 3 4 5.61658 0 3 5.61658 1
gene 1 2 11 2.86706 0 16 2.86706 1
gene 1 11 4 8 0 17 8 1
gene 3 3 11 6.64725 0 33 6.64725 1
gene 1 1 11 -3.41145 0 49 -3.41145 1
genomeend 57

/* Organism #58 Fitness: 9 Error: 1 */
genomestart 58
trait 1 0.1 0 0.495067 0.322742 0.0800768 0 0 0 
trait 2 0.2 0.162929 0 0.112255 0 0.0513421 0 0 
trait 3 0 0 0 0.179533 0 1 0 0 
node 1 2 1 3
node 2 1 1 1
node 3 2 1 1
node 4 1 0 2
node 11 1 0 0
gene 3 1 4 -5.12929 0 1 -5.12929 1
gene 1 2 4 -4.49672 0 2 -4.49672 0
gene 1 3 4 7.07164 0 3 7.07164 1
gene 1 2 11 3.58639 0 16 3.58639 1
gene 1 11 4 8 0 17 8 1
gene 3 3 11 6.70686 0 33 6.70686 1
gene 1 1 11 -0.395524 0 49 -0.395524 1
genomeend 58

/* Organism #59 Fitness: 8.99999 Error: 1 */
genomestart 59
trait 1 0.1 0 0.495067 0.322742 0.0800768 0 0 0 
trait 2 0.2 0.162929 0 0.112255 0 0.0513421 0 0 
trait 3 0 0 0 0.179533 0 1 0 0 
node 1 2 1 3
node 2 1 1 1
node 3 2 1 1
node 4 1 0 2
node 11 1 0 0
gene 3 1 4 -3.44887 0 1 -3.44887 1
gene 1 2 4 -8 0 2 -8 0
gene 1 3 4 6.7819 0 3 6.7819 1
gene 1 2 11 5.27084 0 16 5.27084 1
gene 1 11 4 6.23709 0 17 6.23709 1
gene 3 3 11 0.0652737 0 33 0.0652737 1
gene 1 1 11 -1.84105 0 49 -1.84105 1
genomeend 59

/* Organism #60 Fitness: 9 Error: 1 */
genomestart 60
trait 1 0.1 0 0.495067 0.322742 0.0800768 0 0 0 
trait 2 0.2 0.162929 0 0.112255 0 0.0513421 0 0 
trait 3 0 0 0 0.179533 0 1 0 0 
node 1 2 1 3
node 2 1 1 1
node 3 2 1 1
node 4 3 0 2
node 11 1 0 0
gene 3 1 4 -3.44508 0 1 -3.44508 1
gene 1 2 4 0.43902 0 2 0.43902 0
gene 1 3 4 -2.31831 0 3 -2.31831 1
gene 1 2 11 6.05268 0 16 6.05268 1
gene 1 11 4 7.68313 0 17 7.68313 1
gene 3 3 11 6.9301 0 33 6.9301 1
gene 1 1 11 -3.44171 0 49 -3.44171 1
genomeend 60

/* Organism #61 Fitness: 8.99906 Error: 1.00016 */
genomestart 61
trait 1 0.1 0 0.495067 0.322742 0.0800768 0 0 0 
trait 2 0.2 0.162929 0 0.112255 0 0.0513421 0 0 
trait 3 0 0 0 0.179533 0 1 0 0 
node 1 2 1 3
node 2 1 1 1
node 3 2 1 1
node 4 3 0 2
node 11 1 0 0
gene 3 1 4 -5.6464 0 1 -5.6464 1
gene 1 2 4 -5.87206 0 2 -5.87206 0
gene 2 3 4 4.85359 0 3 4.85359 1
gene 1 2 11 4.16737 0 16 4.16737 1
gene 1 11 4 8 0 17 8 1
gene 3 3 11 8 0 33 8 1
gene 1 1 11 -3.64737 0 49 -3.64737 1
genomeend 61

/* Organism #62 Fitness: 8.99958 Error: 1.00007 */
genomestart 62
trait 1 0.1 0 0.495067 0.322742 0.0800768 0 0 0 
trait 2 0.2 0.162929 0 0.112255 0 0.0513421 0 0 
trait 3 0 0 0 0.179533 0 1 0 0 
node 1 2 1 3
node 2 1 1 1
node 3 2 1 1
node 4 3 0 2
node 11 1 0 0
gene 3 1 4 -4.09283 0 1 -4.09283 1
gene 1 2 4 -5.4625 0 2 -5.4625 0
gene 1 3 4 7.40507 0 3 7.40507 1
gene 1 2 11 8 0 16 8 1
gene 1 11 4 6.03574 0 17 6.03574 1
gene 3 3 11 6.39637 0 33 6.39637 1
gene 1 1 11 -6.2827 0 49 -6.2827 1
genomeend 62

/* Organism #63 Fitness: 8.99991 Error: 1.00001 */
genomestart 63
trait 1 0.1 0 0.495067 0.322742 0.0800768 0 0 0 
trait 2 0.2 0.162929 0 0.112255 0 0.0513421 0 0 
trait 3 0 0 0 0.179533 0 1 0 0 
node 1 2 1 3
node 2 1 1 1
node 3 2 1 1
node 4 1 0 2
node 11 1 0 0
gene 3 1 4 -2.26841 0 1 -2.26841 1
gene 1 2 4 -6.49964 0 2 -6.49964 0
gene 1 3 4 5.12316 0 3 5.12316 1
gene 1 2 11 6.6639 0 16 6.6639 1
gene 1 11 4 8 0 17 8 1
gene 3 3 11 6.0153 0 33 6.0153 1
gene 1 1 11 -1.4299 0 49 -1.4299 1
genomeend 63

/* Organism #64 Fitness: 9 Error: 1 */
genomestart 64
trait 1 0.1 0 0.495067 0.322742 0.0800768 0 0 0.669757 
trait 2 0.2 0.162929 0 0.112255 0 0.0513421 0 0 
trait 3 0 0 0 0.179533 0 1 0 0 
node 1 2 1 3
node 2 1 1 1
node 3 2 1 1
node 4 1 0 2
node 11 1 0 0
gene 3 1 4 -3.86052 0 1 -3.86052 1
gene 1 2 4 0.277955 0 2 0.277955 0
gene 1 3 4 5.78425 0 3 5.78425 1
gene 1 2 11 7.23099 0 16 7.23099 1
gene 1 11 4 8 0 17 8 1
gene 3 3 11 5.44692 0 33 5.44692 1
gene 1 1 11 -2.23577 0 49 -2.23577 1
genomeend 64

/* Organism #65 Fitness: 4 Error: 2 */
genomestart 65
trait 1 0.1 0 0.495067 0.322742 0.0800768 0 0 0 
trait 2 0.2 0.162929 0 0.112255 0 0.0513421 0 0 
trait 3 0 0 0 0.179533 0 1 0 0 
node 1 2 1 3
node 2 1 1 1
node 3 1 1 1
node 4 3 0 2
node 11 1 0 0
gene 3 1 4 -5.60729 0 1 -5.60729 1
gene 1 2 4 -7.0007 0 2 -7.0007 0
gene 1 3 4 -0.145259 0 3 -0.145259 1
gene 1 2 11 2.73347 0 16 2.73347 1
gene 1 11 4 -1.02609 0 17 -1.02609 1
gene 3 3 11 8 0 33 8 1
gene 1 1 11 0.0615039 0 49 0.0615039 1
genomeend 65

/* Organism #66 Fitness: 9 Error: 1 */
genomestart 66
trait 1 0.1 0 0.495067 0.322742 0.0800768 0 0 0 
trait 2 0.2 0.162929 0 0.112255 0 0.0513421 0 0 
trait 3 0 0 0 0.179533 0 1 0 0 
node 1 2 1 3
node 2 1 1 1
node 3 2 1 1
node 4 1 0 2
node 11 1 0 0
gene 3 1 4 -3.61581 0 1 -3.61581 1
gene 1 2 4 -7.32766 0 2 -7.32766 0
gene 1 3 4 7.21606 0 3 7.21606 1
gene 1 2 11 5.63775 0 16 5.63775 1
gene 1 11 4 7.69928 0 17 7.69928 1
gene 3 3 11 7.41982 0 33 7.41982 1
gene 1 1 11 -3.17446 0 49 -3.17446 1
genomeend 66

/* Species #7 : (Size 7) (AF 5.86866) (Age 19)  */


/* Organism #67 Fitness: 8.9933 Error: 1.00112 */
genomestart 67
trait 1 0.1 0 0 0 0 0 0 0 
trait 2 0.2 0 0 0.112255 0 0 0 0 
trait 3 0.3 0 0 0 0 0 0 0 
node 1 2 1 3
node 2 1 1 1
node 3 2 1 1
node 4 3 0 2
node 14 1 0 0
node 23 1 0 0
gene 2 1 4 4.75399 0 1 4.75399 1
gene 2 2 4 3.04259 0 2 3.04259 1
gene 3 3 4 -5.47495 0 3 -5.47495 1
gene 3 3 14 -0.097808 0 23 -0.097808 1
gene 3 14 4 -6.31919 0 24 -6.31919 1
gene 3 3 23 -0.571371 0 56 -0.571371 1
gene 3 23 14 0.0495328 0 57 0.0495328 1
gene 3 1 14 1.04171 0 98 1.04171 1
genomeend 67

/* Organism #68 Fitness: 4.00206 Error: 1.99948 */
genomestart 68
trait 1 0.1 0 0 0 0 0 0 0 
trait 2 0.2 0 0 0.112255 0 0 0 0 
trait 3 0.3 0 0 0 0 0 0 0 
node 1 2 1 3
node 2 1 1 1
node 3 2 1 1
node 4 3 0 2
node 14 1 0 0
node 23 1 0 0
gene 2 1 4 4.29364 0 1 4.29364 1
gene 2 2 4 0.550935 0 2 0.550935 1
gene 3 3 4 -0.302474 0 3 -0.302474 1
gene 3 3 14 1.21919 0 23 1.21919 1
gene 3 14 4 -6.31767 0 24 -6.31767 1
gene 3 3 23 0.781032 0 56 0.781032 1
gene 3 23 14 1.44079 0 57 1.44079 1
gene 3 1 14 0.994851 0 98 0.994851 1
genomeend 68

/* Organism #69 Fitness: 2.09885 Error: 2.55126 */
genomestart 69
trait 1 0.1 0 0 0 0 0 0 0 
trait 2 0.2 0 0 0.112255 0 0 0 0 
trait 3 0.3 0 0 0 0 0 0 0 
node 1 2 1 3
node 2 1 1 1
node 3 2 1 1
node 4 3 0 2
node 14 1 0 0
node 23 1 0 0
gene 2 1 4 3.08079 0 1 3.08079 1
gene 2 2 4 3.06515 0 2 3.06515 1
gene 3 3 4 -6.10416 0 3 -6.10416 1
gene 3 3 14 -2.2171 0 23 -2.2171 1
gene 3 14 4 -4.04327 0 24 -4.04327 1
gene 3 3 23 -0.571371 0 56 -0.571371 1
gene 3 23 14 -0.951994 0 57 -0.951994 1
gene 3 1 14 -0.870924 0 98 -0.870924 1
genomeend 69

/* Organism #70 Fitness: 3.99977 Error: 2.00006 */
genomestart 70
trait 1 0.1 0 0 0 0 0 0 0 
trait 2 0.2 0 0 0.112255 0 0 0 0 
trait 3 0.3 0.545225 0 0 0 0 0 0.91532 
node 1 2 1 3
node 2 1 1 1
node 3 2 1 1
node 4 3 0 2
node 14 1 0 0
node 23 1 0 0
gene 2 1 4 2.58768 0 1 2.58768 1
gene 2 2 4 3.04259 0 2 3.04259 1
gene 3 3 4 -7.10735 0 3 -7.10735 1
gene 3 3 14 0.7457 0 23 0.7457 1
gene 3 14 4 -7.50871 0 24 -7.50871 1
gene 3 3 23 1.52862 0 56 1.52862 1
gene 3 23 14 0.0495328 0 57 0.0495328 1
gene 3 1 14 -1.33449 0 98 -1.33449 1
genomeend 70

/* Organism #71 Fitness: 4.00003 Error: 1.99999 */
genomestart 71
trait 1 0.1 0 0 0 0 0 0 0 
trait 2 0.2 0 0 0.112255 0 0 0 0 
trait 3 0.3 0 0 0 0 0 0 0 
node 1 2 1 3
node 2 1 1 1
node 3 2 1 1
node 4 3 0 2
node 14 1 0 0
node 23 1 0 0
gene 2 1 4 6.58482 0 1 6.58482 1
gene 2 2 4 1.03898 0 2 1.03898 1
gene 3 3 4 0.594325 0 3 0.594325 1
gene 3 3 14 1.37554 0 23 1.37554 1
gene 3 14 4 -4.22615 0 24 -4.22615 1
gene 3 3 23 -2.37904 0 56 -2.37904 1
gene 3 23 14 0.77465 0 57 0.77465 1
gene 3 1 14 1.74531 0 98 1.74531 1
genomeend 71

/* Organism #72 Fitness: 8.9933 Error: 1.00112 */
genomestart 72
trait 1 0.1 0 0 0 0 0 0 0 
trait 2 0.2 0 0 0.112255 0 0 0 0 
trait 3 0.3 0 0 0 0 0 0 0 
node 1 2 1 3
node 2 1 1 1
node 3 2 1 1
node 4 3 0 2
node 14 1 0 0
node 23 1 0 0
gene 2 1 4 4.75399 0 1 4.75399 1
gene 2 2 4 3.04259 0 2 3.04259 1
gene 3 3 4 -5.47495 0 3 -5.47495 1
gene 3 3 14 -0.097808 0 23 -0.097808 1
gene 3 14 4 -6.31919 0 24 -6.31919 1
gene 3 3 23 -0.571371 0 56 -0.571371 1
gene 3 23 14 0.0495328 0 57 0.0495328 1
gene 3 1 14 1.04171 0 98 1.04171 1
genomeend 72

/* Organism #73 Fitness: 8.9933 Error: 1.00112 */
genomestart 73
trait 1 0.1 0 0 0 0 0 0 0 
trait 2 0.2 0 0 0.112255 0 0 0 0 
trait 3 0.3 0 0 0 0 0 0 0 
node 1 2 1 3
node 2 1 1 1
node 3 2 1 1
node 4 3 0 2
node 14 1 0 0
node 23 1 0 0
gene 2 1 4 4.75399 0 1 4.75399 1
gene 2 2 4 3.04259 0 2 3.04259 1
gene 3 3 4 -5.47495 0 3 -5.47495 1
gene 3 3 14 -0.097808 0 23 -0.097808 1
gene 3 14 4 -6.31919 0 24 -6.31919 1
gene 3 3 23 -0.571371 0 56 -0.571371 1
gene 1 23 14 0.0495328 0 57 0.0495328 1
gene 3 1 14 1.04171 0 98 1.04171 1
genomeend 73

/* Species #8 : (Size 10) (AF 8.05447) (Age 17)  */


/* Organism #74 Fitness: 9 Error: 1 */
genomestart 74
trait 1 0.05 0 0 0 0.365518 0 0 0.661939 
trait 2 0.192969 0.0941931 0 0.108309 0 0.0278771 0 0 
trait 3 0.3 0 0 0.179533 0 0.0787504 0 0 
node 1 2 1 3
node 2 1 1 1
node 3 2 1 1
node 4 3 0 2
node 11 1 0 0
gene 3 1 4 -3.84092 0 1 -3.84092 1
gene 1 2 4 -0.596391 0 2 -0.596391 0
gene 1 3 4 -4.25861 0 3 -4.25861 1
gene 1 2 11 5.52733 0 16 5.52733 1
gene 1 11 4 8 0 17 8 1
gene 2 1 11 -3.04074 0 68 -3.04074 1
gene 3 3 11 -5.3214 0 76 -5.3214 1
genomeend 74

/* Organism #75 Fitness: 4.5472 Error: 1.86758 */
genomestart 75
trait 1 0.05 0 0 0 0.365518 0 0 0.661939 
trait 2 1 0 0.160109 0.108309 0 0.555424 0 0 
trait 3 0.3 0 0 0.179533 0 0.0787504 0 0 
node 1 2 1 3
node 2 1 1 1
node 3 2 1 1
node 4 3 0 2
node 11 1 0 0
gene 3 1 4 -4.4781 0 1 -4.4781 1
gene 1 2 4 -1.60814 0 2 -1.60814 0
gene 1 3 4 -2.6877 0 3 -2.6877 1
gene 1 2 11 5.23707 0 16 5.23707 1
gene 1 11 4 7.56786 0 17 7.56786 1
gene 2 1 11 -1.05788 0 68 -1.05788 1
gene 3 3 11 -2.97763 0 76 -2.97763 1
genomeend 75

/* Organism #76 Fitness: 8.99997 Error: 1 */
genomestart 76
trait 1 0.05 0 0 0 0.365518 0 0 0.661939 
trait 2 0.192969 0.0941931 0 0.108309 0 0.0278771 0 0 
trait 3 0.3 0 0 0.179533 0 0.0787504 0 0 
node 1 2 1 3
node 2 1 1 1
node 3 2 1 1
node 4 3 0 2
node 11 1 0 0
gene 3 1 4 -3.8934 0 1 -3.8934 1
gene 1 2 4 1.83532 0 2 1.83532 0
gene 1 3 4 -6.18593 0 3 -6.18593 1
gene 1 2 11 6.97466 0 16 6.97466 1
gene 1 11 4 6.3955 0 17 6.3955 1
gene 2 1 11 -3.04074 0 68 -3.04074 1
gene 3 3 11 -3.55609 0 76 -3.55609 1
genomeend 76

/* Organism #77 Fitness: 8.99925 Error: 1.00013 */
genomestart 77
trait 1 0.05 0 0 0 0.365518 0 0 0.661939 
trait 2 0.192969 0.0941931 0 0.108309 0 0.0278771 0 0 
trait 3 0.3 0 0 0.179533 0 0.0787504 0 0 
node 1 2 1 3
node 2 1 1 1
node 3 2 1 1
node 4 3 0 2
node 11 1 0 0
gene 3 1 4 -6.13734 0 1 -6.13734 1
gene 1 2 4 -0.292379 0 2 -0.292379 0
gene 1 3 4 -2.43717 0 3 -2.43717 1
gene 1 2 11 5.0329 0 16 5.0329 1
gene 1 11 4 8 0 17 8 1
gene 2 1 11 -3.94905 0 68 -3.94905 1
gene 3 3 11 -6.11273 0 76 -6.11273 1
genomeend 77

/* Organism #78 Fitness: 8.99911 Error: 1.00015 */
genomestart 78
trait 1 0.05 0 0 0 0.365518 0 0 0.661939 
trait 2 0.192969 0.0941931 0 0.108309 0 0.0278771 0 0 
trait 3 0.3 0 0 0.179533 0 0.0787504 0 0 
node 1 2 1 3
node 2 1 1 1
node 3 2 1 1
node 4 3 0 2
node 11 1 0 0
gene 3 1 4 -1.8017 0 1 -1.8017 1
gene 1 2 4 -0.501755 0 2 -0.501755 0
gene 1 3 4 -2.73904 0 3 -2.73904 1
gene 1 2 11 4.31745 0 16 4.31745 1
gene 1 11 4 8 0 17 8 1
gene 2 1 11 -1.32407 0 68 -1.32407 1
gene 3 3 11 -5.03774 0 76 -5.03774 1
genomeend 78

/* Organism #79 Fitness: 9 Error: 1 */
genomestart 79
trait 1 0.05 0 0 0 0.365518 0 0 0.661939 
trait 2 0.192969 0.0941931 0 0.108309 0 0.0278771 0 0 
trait 3 0.3 0 0 0.179533 0 0.0787504 0 0 
node 1 2 1 3
node 2 1 1 1
node 3 2 1 1
node 4 3 0 2
node 11 1 0 0
gene 3 1 4 -3.36847 0 1 -3.36847 1
gene 1 2 4 -0.596391 0 2 -0.596391 0
gene 1 3 4 -3.23486 0 3 -3.23486 1
gene 1 2 11 6.26928 0 16 6.26928 1
gene 1 11 4 8 0 17 8 1
gene 2 1 11 -3.04074 0 68 -3.04074 1
gene 3 3 11 -5.71446 0 76 -5.71446 1
genomeend 79

/* Organism #80 Fitness: 8.99999 Error: 1 */
genomestart 80
trait 1 0.05 0 0 0 0.365518 0 0 0.661939 
trait 2 0.192969 0.0941931 0 0.108309 0 0.0278771 0 0 
trait 3 0.3 0 0 0.179533 0 0.0787504 0 0 
node 1 2 1 3
node 2 1 1 1
node 3 2 1 1
node 4 3 0 2
node 11 1 0 0
gene 3 1 4 -4.95836 0 1 -4.95836 1
gene 1 2 4 0.194465 0 2 0.194465 0
gene 1 3 4 -6.61741 0 3 -6.61741 1
gene 1 2 11 3.71414 0 16 3.71414 1
gene 1 11 4 7.79561 0 17 7.79561 1
gene 2 1 11 -0.901828 0 68 -0.901828 1
gene 3 3 11 -4.07575 0 76 -4.07575 1
genomeend 80

/* Organism #81 Fitness: 4 Error: 2 */
genomestart 81
trait 1 0.05 0 0 0 0.365518 0 0 0.661939 
trait 2 0.192969 0.0941931 0 0.108309 0 0.0278771 0 0 
trait 3 0.3 0 0 0.179533 0 0.0787504 0 0 
node 1 2 1 3
node 2 1 1 1
node 3 2 1 1
node 4 1 0 2
node 11 1 0 0
gene 3 1 4 -2.42033 0 1 -2.42033 1
gene 1 2 4 -0.430148 0 2 -0.430148 0
gene 1 3 4 -5.21934 0 3 -5.21934 1
gene 1 2 11 6.44694 0 16 6.44694 1
gene 1 11 4 -0.283289 0 17 -0.283289 1
gene 2 1 11 0.26533 0 68 0.26533 1
gene 3 3 11 -5.21523 0 76 -5.21523 1
genomeend 81

/* Organism #82 Fitness: 9 Error: 1 */
genomestart 82
trait 1 0.05 0 0 0 0.365518 0 0 0.661939 
trait 2 0.192969 0.0941931 0 0.108309 0 0.0278771 0 0 
trait 3 0.3 0 0 0.179533 0 0.0787504 0 0 
node 1 2 1 3
node 2 3 1 1
node 3 2 1 1
node 4 3 0 2
node 11 1 0 0
gene 3 1 4 -4.49591 0 1 -4.49591 1
gene 1 2 4 -2.41547 0 2 -2.41547 0
gene 1 3 4 -2.65903 0 3 -2.65903 1
gene 1 2 11 3.55632 0 16 3.55632 1
gene 1 11 4 8 0 17 8 1
gene 2 1 11 -1.5513 0 68 -1.5513 1
gene 3 3 11 -5.9349 0 76 -5.9349 1
genomeend 82

/* Organism #83 Fitness: 8.99921 Error: 1.00013 */
genomestart 83
trait 1 0.05 0 0 0 0.365518 0 0 0.661939 
trait 2 0.192969 0.0941931 0 0.108309 0 0.0278771 0 0 
trait 3 0.3 0 0 0.179533 0 0.0787504 0 0 
node 1 2 1 3
node 2 1 1 1
node 3 2 1 1
node 4 3 0 2
node 11 1 0 0
gene 3 1 4 -1.81346 0 1 -1.81346 1
gene 1 2 4 0.84376 0 2 0.84376 0
gene 1 3 4 -2.3762 0 3 -2.3762 1
gene 1 2 11 3.58 0 16 3.58 1
gene 1 11 4 8 0 17 8 1
gene 2 1 11 -3.32867 0 68 -3.32867 1
gene 3 3 11 -4.03034 0 76 -4.03034 1
genomeend 83

/* Species #9 : (Size 8) (AF 6.18778) (Age 16)  */


/* Organism #84 Fitness: 8.99922 Error: 1.00013 */
genomestart 84
trait 1 0.188018 0 0.286802 0 0 0.0812692 0.235222 0 
trait 2 0.2 0 0 0 0 0 0 0 
trait 3 0.3 0 0 0 0 0 0 0 
node 1 3 1 3
node 2 3 1 1
node 3 2 1 1
node 4 1 0 2
node 8 1 0 0
gene 2 1 4 1.8642 0 1 1.8642 1
gene 2 2 4 8 0 2 8 1
gene 1 3 4 -3.91574 0 3 -3.91574 0
gene 1 3 8 -2.53914 0 10 -2.53914 1
gene 1 8 4 -8 0 11 -8 1
genomeend 84

/* Organism #85 Fitness: 4.00072 Error: 1.99982 */
genomestart 85
trait 1 0.188018 0 0.286802 0 0 0.0812692 0.235222 0 
trait 2 0.2 0 0 0 0 0 0 0 
trait 3 0.3 0 0 0 0 0 0 0 
node 1 3 1 3
node 2 3 1 1
node 3 2 1 1
node 4 1 0 2
node 8 1 0 0
gene 2 1 4 -1.15123 0 1 -1.15123 1
gene 2 2 4 8 0 2 8 1
gene 1 3 4 2.38073 0 3 2.38073 1
gene 1 3 8 -0.0916673 0 10 -0.0916673 1
gene 1 8 4 -7.66112 0 11 -7.66112 1
genomeend 85

/* Organism #86 Fitness: 4.37879 Error: 1.90744 */
genomestart 86
trait 1 0.188018 0 0.286802 0 0 0.0812692 0.235222 0 
trait 2 0.2 0 0 0 0 0 0 0 
trait 3 0.3 0 0 0 0.0104822 0 0 0 
node 1 3 1 3
node 2 3 1 1
node 3 2 1 1
node 4 1 0 2
node 8 1 0 0
gene 2 1 4 3.33328 0 1 3.33328 1
gene 2 2 4 7.89816 0 2 7.89816 1
gene 1 3 4 0.685013 0 3 0.685013 0
gene 1 3 8 -3.22812 0 10 -3.22812 1
gene 1 8 4 -5.73938 0 11 -5.73938 1
genomeend 86

/* Organism #87 Fitness: 3.75799 Error: 2.06145 */
genomestart 87
trait 1 0 0 0 0 0 0.0812692 0.235222 0 
trait 2 0.2 0 0 0 0 0 0 0 
trait 3 0.3 0 0 0 0 0 0 0 
node 1 3 1 3
node 2 3 1 1
node 3 2 1 1
node 4 1 0 2
node 8 2 0 0
gene 2 1 4 2.01168 0 1 2.01168 1
gene 2 2 4 8 0 2 8 1
gene 1 3 4 -0.42397 0 3 -0.42397 0
gene 1 3 8 0.224791 0 10 0.224791 1
gene 1 8 4 -5.1298 0 11 -5.1298 1
genomeend 87

/* Organism #88 Fitness: 8.99964 Error: 1.00006 */
genomestart 88
trait 1 0.188018 0 0.286802 0 0 0.0812692 0.235222 0 
trait 2 0.2 0 0 0 0 0 0 0 
trait 3 0.3 0 0 0 0 0 0 0 
node 1 3 1 3
node 2 3 1 1
node 3 2 1 1
node 4 1 0 2
node 8 2 0 0
gene 2 1 4 1.41499 0 1 1.41499 1
gene 2 2 4 6.53938 0 2 6.53938 1
gene 1 3 4 3.03961 0 3 3.03961 1
gene 1 3 8 -1.32254 0 10 -1.32254 1
gene 1 8 4 -6.77536 0 11 -6.77536 1
genomeend 88

/* Organism #89 Fitness: 7.67952 Error: 1.2288 */
genomestart 89
trait 1 0.188018 0 0.286802 0 0 0.0812692 0.235222 0 
trait 2 0.2 0 0 0 0 0 0 0 
trait 3 1 0 0 0 0 0 0.386231 0 
node 1 3 1 3
node 2 3 1 1
node 3 2 1 1
node 4 1 0 2
node 8 1 0 0
gene 2 1 4 3.75306 0 1 3.75306 1
gene 2 2 4 7.93686 0 2 7.93686 1
gene 1 3 4 -5.65904 0 3 -5.65904 0
gene 1 3 8 -0.225455 0 10 -0.225455 1
gene 1 8 4 -8 0 11 -8 1
genomeend 89

/* Organism #90 Fitness: 3.98439 Error: 2.00391 */
genomestart 90
trait 1 0.188018 0 0.286802 0 0 0.0812692 0.235222 0 
trait 2 0.2 0 0 0 0 0 0 0 
trait 3 0.3 0 0 0 0 0 0 0 
node 1 3 1 3
node 2 3 1 1
node 3 2 1 1
node 4 1 0 2
node 8 1 0 0
gene 2 1 4 -1.95908 0 1 -1.95908 1
gene 2 2 4 7.035 0 2 7.035 1
gene 1 3 4 0.591692 0 3 0.591692 1
gene 1 3 8 -1.19965 0 10 -1.19965 1
gene 1 8 4 -8 0 11 -8 1
genomeend 90

/* Organism #91 Fitness: 7.70198 Error: 1.22476 */
genomestart 91
trait 1 0.188018 0 0.286802 0 0 0.0812692 0.235222 0 
trait 2 0.2 0 0 0 0 0 0 0 
trait 3 0.3 0 0 0 0 0 0 0 
node 1 3 1 3
node 2 3 1 1
node 3 1 1 1
node 4 1 0 2
node 8 2 0 0
gene 2 1 4 0.251608 0 1 0.251608 1
gene 2 2 4 5.5442 0 2 5.5442 1
gene 1 3 4 -1.49672 0 3 -1.49672 0
gene 1 3 8 -4.2699 0 10 -4.2699 1
gene 1 8 4 -8 0 11 -8 1
genomeend 91

/* Species #10 : (Size 10) (AF 6.5606) (Age 15)  */


/* Organism #92 Fitness: 8.99883 Error: 1.0002 */
genomestart 92
trait 1 0.05 0 0 0 0.214999 0 0.382041 0.402362 
trait 2 0.2 0 0 0.112255 0 0 0 0 
trait 3 0.3 0 0 0 0 0 0 0 
node 1 2 1 3
node 2 1 1 1
node 3 2 1 1
node 4 3 0 2
node 14 1 0 0
node 28 1 0 0
gene 2 1 4 -0.388794 0 1 -0.388794 1
gene 2 2 4 8 0 2 8 1
gene 3 3 4 3.41259 0 3 3.41259 0
gene 3 3 14 -1.90252 0 23 -1.90252 1
gene 3 14 4 -5.27767 0 24 -5.27767 1
gene 1 2 14 0.282148 0 40 0.282148 1
gene 3 3 28 0.90068 0 80 0.90068 1
gene 3 28 4 2.27782 0 81 2.27782 1
genomeend 92

/* Organism #93 Fitness: 4.00666 Error: 1.99834 */
genomestart 93
trait 1 0.05 0 0 0 0.214999 0 0.382041 0.402362 
trait 2 0.2 0 0 0.112255 0 0 0 0 
trait 3 0.3 0 0 0 0 0 0 0 
node 1 2 1 3
node 2 1 1 1
node 3 2 1 1
node 4 3 0 2
node 14 1 0 0
node 28 1 0 0
gene 2 1 4 0.861056 0 1 0.861056 1
gene 2 2 4 6.41833 0 2 6.41833 1
gene 3 3 4 -0.792381 0 3 -0.792381 0
gene 3 3 14 -0.329401 0 23 -0.329401 1
gene 3 14 4 -1.21307 0 24 -1.21307 1
gene 1 2 14 -0.98357 0 40 -0.98357 1
gene 3 3 28 2.39358 0 80 2.39358 1
gene 3 28 4 2.08882 0 81 2.08882 1
genomeend 93

/* Organism #94 Fitness: 4.0026 Error: 1.99935 */
genomestart 94
trait 1 0.05 0 0 0 0.214999 0 0.382041 0.402362 
trait 2 0.2 0 0 0.112255 0 0 0 0 
trait 3 0.3 0 0 0 0 0 0 0 
node 1 2 1 3
node 2 1 1 1
node 3 2 1 1
node 4 3 0 2
node 14 1 0 0
node 28 1 0 0
gene 2 1 4 -0.505177 0 1 -0.505177 1
gene 2 2 4 4.30413 0 2 4.30413 1
gene 3 3 4 0.0896243 0 3 0.0896243 0
gene 3 3 14 -0.314184 0 23 -0.314184 1
gene 3 14 4 1.87415 0 24 1.87415 1
gene 1 2 14 -0.0855884 0 40 -0.0855884 1
gene 3 3 28 3.50557 0 80 3.50557 1
gene 3 28 4 2.06298 0 81 2.06298 1
genomeend 94

/* Organism #95 Fitness: 8.99442 Error: 1.00093 */
genomestart 95
trait 1 0.05 0 0 0 0.214999 0 0.382041 0.402362 
trait 2 0.2 0 0 0.112255 0 0 0 0 
trait 3 0.3 0 0 0 0 0 0 0 
node 1 2 1 3
node 2 1 1 1
node 3 2 1 1
node 4 3 0 2
node 14 1 0 0
node 28 1 0 0
gene 2 1 4 -0.848304 0 1 -0.848304 1
gene 2 2 4 6.22258 0 2 6.22258 1
gene 3 3 4 3.41259 0 3 3.41259 0
gene 3 3 14 -1.27163 0 23 -1.27163 1
gene 3 14 4 -5.27767 0 24 -5.27767 1
gene 1 2 14 -0.0855884 0 40 -0.0855884 1
gene 3 3 28 3.50557 0 80 3.50557 1
gene 3 28 4 2.27782 0 81 2.27782 1
genomeend 95

/* Organism #96 Fitness: 3.99381 Error: 2.00155 */
genomestart 96
trait 1 0.05 0 0 0 0.214999 0 0.382041 0.402362 
trait 2 0.2 0 0 0.112255 0 0 0 0 
trait 3 0.3 0 0 0 0 0 0 0 
node 1 2 1 3
node 2 1 1 1
node 3 2 1 1
node 4 3 0 2
node 14 1 0 0
node 28 1 0 0
gene 2 1 4 -3.32021 0 1 -3.32021 1
gene 2 2 4 3.96809 0 2 3.96809 1
gene 3 3 4 0.595693 0 3 0.595693 1
gene 3 3 14 -1.64167 0 23 -1.64167 1
gene 3 14 4 -4.90705 0 24 -4.90705 1
gene 1 2 14 0.940774 0 40 0.940774 1
gene 3 3 28 5.57397 0 80 5.57397 1
gene 3 28 4 4.03703 0 81 4.03703 1
genomeend 96

/* Organism #97 Fitness: 4.63634 Error: 1.84678 */
genomestart 97
trait 1 0.05 0 0 0 0.214999 0 0.382041 0.402362 
trait 2 0.2 0 0 0.112255 0 0 0 0 
trait 3 0.3 0 0 0 0 0 0 0 
node 1 2 1 3
node 2 1 1 1
node 3 2 1 1
node 4 3 0 2
node 14 1 0 0
node 28 1 0 0
gene 2 1 4 1.61815 0 1 1.61815 1
gene 2 2 4 6.22258 0 2 6.22258 1
gene 3 3 4 -0.312024 0 3 -0.312024 0
gene 3 3 14 -2.00027 0 23 -2.00027 1
gene 3 14 4 -6.60564 0 24 -6.60564 1
gene 1 2 14 -2.48329 0 40 -2.48329 1
gene 3 3 28 -0.0424205 0 80 -0.0424205 1
gene 2 28 4 4.0637 0 81 4.0637 1
genomeend 97

/* Organism #98 Fitness: 8.99883 Error: 1.0002 */
genomestart 98
trait 1 0.05 0 0 0 0.214999 0 0.382041 0.402362 
trait 2 0.2 0 0 0.112255 0 0 0 0 
trait 3 0.3 0 0 0 0 0 0 0 
node 1 2 1 3
node 2 1 1 1
node 3 2 1 1
node 4 3 0 2
node 14 1 0 0
node 28 2 0 0
gene 2 1 4 -0.388794 0 1 -0.388794 1
gene 2 2 4 8 0 2 8 1
gene 3 3 4 3.41259 0 3 3.41259 0
gene 3 3 14 -1.90252 0 23 -1.90252 1
gene 3 14 4 -5.27767 0 24 -5.27767 1
gene 1 2 14 0.282148 0 40 0.282148 1
gene 3 3 28 0.90068 0 80 0.90068 1
gene 3 28 4 2.27782 0 81 2.27782 1
genomeend 98

/* Organism #99 Fitness: 3.99788 Error: 2.00053 */
genomestart 99
trait 1 0.05 0 0 0 0.214999 0 0.382041 0.402362 
trait 2 0.2 0 0 0.112255 0 0 0 0 
trait 3 0.3 0 0 0 0 0 0 0 
node 1 2 1 3
node 2 1 1 1
node 3 2 1 1
node 4 3 0 2
node 14 1 0 0
node 28 1 0 0
gene 2 1 4 -2.24466 0 1 -2.24466 1
gene 2 2 4 5.58042 0 2 5.58042 1
gene 3 3 4 1.2161 0 3 1.2161 0
gene 3 3 14 -3.67433 0 23 -3.67433 1
gene 3 14 4 -3.2303 0 24 -3.2303 1
gene 1 2 14 2.57155 0 40 2.57155 1
gene 3 3 28 -2.18133 0 80 -2.18133 1
gene 3 28 4 4.6631 0 81 4.6631 1
genomeend 99

/* Organism #100 Fitness: 8.98201 Error: 1.003 */
genomestart 100
trait 1 0.05 0 0 0 0.214999 0 0.382041 0.402362 
trait 2 0.2 0 0 0.112255 0 0 0 0 
trait 3 0.3 0 0 0 0 0 0 0 
node 1 2 1 3
node 2 1 1 1
node 3 2 1 1
node 4 3 0 2
node 14 1 0 0
node 28 1 0 0
gene 2 1 4 -0.600329 0 1 -0.600329 1
gene 2 2 4 8 0 2 8 1
gene 3 3 4 0.352907 0 3 0.352907 0
gene 3 3 14 -3.6323 0 23 -3.6323 1
gene 3 14 4 -4.51652 0 24 -4.51652 1
gene 1 2 14 2.16583 0 40 2.16583 1
gene 3 3 28 3.75329 0 80 3.75329 1
gene 3 28 4 3.35873 0 81 3.35873 1
genomeend 100

/* Organism #101 Fitness: 8.99461 Error: 1.0009 */
genomestart 101
trait 1 0.05 0 0 0 0.214999 0 0.382041 0.402362 
trait 2 0.2 0 0 0.112255 0 0 0 0 
trait 3 0.3 0 0 0 0 0 0 0 
node 1 2 1 3
node 2 1 1 1
node 3 2 1 1
node 4 3 0 2
node 14 2 0 0
node 28 1 0 0
gene 2 1 4 -0.910554 0 1 -0.910554 1
gene 2 2 4 5.59941 0 2 5.59941 1
gene 3 3 4 -2.34212 0 3 -2.34212 0
gene 3 3 14 -3.6169 0 23 -3.6169 1
gene 3 14 4 -4.78843 0 24 -4.78843 1
gene 1 2 14 2.21767 0 40 2.21767 1
gene 3 3 28 4.57082 0 80 4.57082 1
gene 3 28 4 3.65691 0 81 3.65691 1
genomeend 101

/* Species #12 : (Size 8) (AF 5.76546) (Age 13)  */


/* Organism #102 Fitness: 8.99852 Error: 1.00025 */
genomestart 102
trait 1 0.1 0 0 0.17327 0 0 0 0 
trait 2 0.2 0.285125 0 0.0561276 0 0.0898486 0 0 
trait 3 0.3 0 0 0.0897663 0 0.0393752 0 0 
node 1 2 1 3
node 2 1 1 1
node 3 2 1 1
node 4 3 0 2
node 10 1 0 0
node 34 1 0 0
gene 3 1 4 -1.76993 0 1 -1.76993 1
gene 1 2 4 6.36575 0 2 6.36575 1
gene 1 3 4 1.10041 0 3 1.10041 0
gene 3 3 10 -2.08548 0 14 -2.08548 1
gene 3 10 4 -5.80106 0 15 -5.80106 1
gene 1 2 34 -2.36418 0 96 -2.36418 1
gene 1 34 4 4.62686 0 97 4.62686 1
gene 2 3 34 1.89588 0 171 1.89588 1
genomeend 102

/* Organism #103 Fitness: 2.78404 Error: 2.33146 */
genomestart 103
trait 1 0.1 0 0 0.17327 0 0 0 0 
trait 2 0.2 0.285125 0 0.0561276 0 0.0898486 0 0 
trait 3 0.3 0 0 0.0897663 0 0.0393752 0 0 
node 1 2 1 3
node 2 1 1 1
node 3 2 1 1
node 4 3 0 2
node 10 1 0 0
node 34 1 0 0
gene 3 1 4 -2.97385 0 1 -2.97385 1
gene 1 2 4 5.26336 0 2 5.26336 1
gene 1 3 4 -4.14005 0 3 -4.14005 0
gene 3 3 10 -0.96562 0 14 -0.96562 1
gene 3 10 4 -5.11967 0 15 -5.11967 1
gene 1 2 34 -1.9282 0 96 -1.9282 1
gene 1 34 4 2.98458 0 97 2.98458 1
gene 2 3 34 2.12761 0 171 2.12761 1
genomeend 103

/* Organism #104 Fitness: 8.96484 Error: 1.00587 */
genomestart 104
trait 1 0.1 0 0 0.17327 0 0 0 0 
trait 2 0.2 0.285125 0 0.0561276 0 0.0898486 0 0 
trait 3 0.3 0 0 0.0897663 0 0.0393752 0 0 
node 1 2 1 3
node 2 1 1 1
node 3 2 1 1
node 4 3 0 2
node 10 1 0 0
node 34 1 0 0
gene 3 1 4 -0.551694 0 1 -0.551694 1
gene 1 2 4 4.2767 0 2 4.2767 1
gene 1 3 4 1.70756 0 3 1.70756 0
gene 3 3 10 -2.9945 0 14 -2.9945 1
gene 3 10 4 -3.60709 0 15 -3.60709 1
gene 1 2 34 -3.16915 0 96 -3.16915 1
gene 1 34 4 2.61765 0 97 2.61765 1
gene 2 3 34 1.94211 0 171 1.94211 1
genomeend 104

/* Organism #105 Fitness: 4.37746 Error: 1.90776 */
genomestart 105
trait 1 0.1 0 0 0.17327 0 0 0 0 
trait 2 0.2 0.285125 0 0.0561276 0 0.0898486 0 0 
trait 3 0.3 0 0 0.0897663 0 0.0393752 0 0 
node 1 2 1 3
node 2 1 1 1
node 3 2 1 1
node 4 3 0 2
node 10 1 0 0
node 34 1 0 0
gene 3 1 4 -2.699 0 1 -2.699 1
gene 1 2 4 4.33648 0 2 4.33648 1
gene 1 3 4 -3.35378 0 3 -3.35378 0
gene 3 3 10 -0.542675 0 14 -0.542675 1
gene 3 10 4 -4.2031 0 15 -4.2031 1
gene 1 2 34 -2.19527 0 96 -2.19527 1
gene 1 34 4 6.07514 0 97 6.07514 1
gene 2 3 34 2.60467 0 171 2.60467 1
genomeend 105

/* Organism #106 Fitness: 8.96209 Error: 1.00633 */
genomestart 106
trait 1 0.1 0 0 0.17327 0 0 0 0 
trait 2 0.2 0.285125 0 0.0561276 0 0.0898486 0 0 
trait 3 0.3 0 0 0.0897663 0 0.0393752 0 0 
node 1 2 1 3
node 2 1 1 1
node 3 2 1 1
node 4 3 0 2
node 10 1 0 0
node 34 1 0 0
gene 3 1 4 -0.677028 0 1 -0.677028 1
gene 1 2 4 6.36575 0 2 6.36575 1
gene 1 3 4 -6.32595 0 3 -6.32595 0
gene 3 3 10 -2.08548 0 14 -2.08548 1
gene 3 10 4 -5.32678 0 15 -5.32678 1
gene 1 2 34 -2.293 0 96 -2.293 1
gene 1 34 4 4.62686 0 97 4.62686 1
gene 2 3 34 0.192012 0 171 0.192012 1
genomeend 106

/* Organism #107 Fitness: 3.99909 Error: 2.00023 */
genomestart 107
trait 1 0.1 0 0 0.17327 0 0 0 0 
trait 2 0.2 0.285125 0 0.0561276 0 0.0898486 0 0 
trait 3 0.3 0 0 0.0897663 0 0.0393752 0 0 
node 1 2 1 3
node 2 1 1 1
node 3 2 1 1
node 4 3 0 2
node 10 1 0 0
node 34 1 0 0
gene 3 1 4 -0.847779 0 1 -0.847779 1
gene 1 2 4 5.64301 0 2 5.64301 1
gene 1 3 4 -6.32595 0 3 -6.32595 0
gene 3 3 10 -0.0402665 0 14 -0.0402665 1
gene 3 10 4 -6.28126 0 15 -6.28126 1
gene 1 2 34 -3.79588 0 96 -3.79588 1
gene 1 34 4 0.727279 0 97 0.727279 1
gene 2 3 34 -2.22027 0 171 -2.22027 1
genomeend 107

/* Organism #108 Fitness: 4.02539 Error: 1.99366 */
genomestart 108
trait 1 0.1 0 0 0.17327 0 0 0 0 
trait 2 0.2 0.285125 0 0.0561276 0 0.0898486 0 0 
trait 3 0.3 0 0 0.0897663 0 0.0393752 0 0 
node 1 2 1 3
node 2 1 1 1
node 3 2 1 1
node 4 3 0 2
node 10 1 0 0
node 34 1 0 0
gene 3 1 4 -0.298605 0 1 -0.298605 1
gene 1 2 4 3.83959 0 2 3.83959 1
gene 1 3 4 1.57347 0 3 1.57347 0
gene 3 3 10 -0.0407267 0 14 -0.0407267 1
gene 3 10 4 -4.21703 0 15 -4.21703 1
gene 1 2 34 2.13938 0 96 2.13938 1
gene 1 34 4 1.17399 0 97 1.17399 1
gene 2 3 34 2.26202 0 171 2.26202 1
genomeend 108

/* Organism #109 Fitness: 4.01222 Error: 1.99695 */
genomestart 109
trait 1 0.1 0 0 0.17327 0 0 0 0 
trait 2 0.2 0.285125 0 0.0561276 0 0.0898486 0 0 
trait 3 0.3 0 0 0.0897663 0 0.0393752 0 0 
node 1 2 1 3
node 2 1 1 1
node 3 2 1 1
node 4 3 0 2
node 10 1 0 0
node 34 1 0 0
gene 3 1 4 -1.25751 0 1 -1.25751 1
gene 1 2 4 5.28764 0 2 5.28764 1
gene 1 3 4 -6.32595 0 3 -6.32595 0
gene 3 3 10 -0.1327 0 14 -0.1327 1
gene 3 10 4 -1.0118 0 15 -1.0118 1
gene 1 2 34 -1.50938 0 96 -1.50938 1
gene 1 34 4 5.87779 0 97 5.87779 1
gene 2 3 34 1.89599 0 171 1.89599 1
genomeend 109

/* Species #13 : (Size 7) (AF 7.76877) (Age 13)  */


/* Organism #110 Fitness: 9 Error: 1 */
genomestart 110
trait 1 0.05 0 0 0 0.214999 0 0.382041 0.402362 
trait 2 0.2 0 0 0.112255 0 0 0 0 
trait 3 0.3 0 0 0 0 0 0 0 
node 1 2 1 3
node 2 2 1 1
node 3 2 1 1
node 4 3 0 2
node 14 1 0 0
node 28 1 0 0
node 36 1 0 0
gene 2 1 4 0.874539 0 1 0.874539 1
gene 2 2 4 6.00518 0 2 6.00518 1
gene 3 3 4 -1.3925 0 3 -1.3925 0
gene 3 3 14 3.76144 0 23 3.76144 1
gene 3 14 4 -8 0 24 -8 1
gene 1 2 14 -1.86977 0 40 -1.86977 1
gene 3 3 28 1.79511 0 80 1.79511 0
gene 3 28 4 -2.99393 0 81 -2.99393 1
gene 2 2 28 -1.33896 0 95 -1.33896 1
gene 3 3 36 2.38756 0 101 2.38756 1
gene 3 36 28 2.49719 0 102 2.49719 1
genomeend 110

/* Organism #111 Fitness: 8.9998 Error: 1.00003 */
genomestart 111
trait 1 0.0311118 0 0.369242 0 0.307123 0 0.553476 0.402362 
trait 2 0.2 0 0 0.112255 0 0 0 0 
trait 3 0.3 0 0 0 0 0 0 0 
node 1 2 1 3
node 2 2 1 1
node 3 2 1 1
node 4 3 0 2
node 14 1 0 0
node 28 1 0 0
node 36 1 0 0
gene 2 1 4 -0.242452 0 1 -0.242452 1
gene 2 2 4 6.79757 0 2 6.79757 1
gene 3 3 4 -1.72469 0 3 -1.72469 0
gene 3 3 14 3.79238 0 23 3.79238 1
gene 3 14 4 -7.02275 0 24 -7.02275 1
gene 1 2 14 -1.76344 0 40 -1.76344 1
gene 3 3 28 0.668646 0 80 0.668646 0
gene 3 28 4 -1.79745 0 81 -1.79745 1
gene 2 2 28 -1.88401 0 95 -1.88401 1
gene 3 3 36 2.475 0 101 2.475 1
gene 3 36 28 2.34079 0 102 2.34079 1
genomeend 111

/* Organism #112 Fitness: 8.99946 Error: 1.00009 */
genomestart 112
trait 1 0.0122236 0 0.738484 0 0.399247 0 0.72491 0.402362 
trait 2 0.2 0 0 0.112255 0 0 0 0 
trait 3 0.3 0 0 0 0 0 0 0 
node 1 2 1 3
node 2 2 1 1
node 3 2 1 1
node 4 3 0 2
node 14 1 0 0
node 28 1 0 0
node 36 1 0 0
gene 2 1 4 -1.35944 0 1 -1.35944 1
gene 2 2 4 7.58996 0 2 7.58996 1
gene 3 3 4 -2.05687 0 3 -2.05687 1
gene 3 3 14 3.82332 0 23 3.82332 1
gene 3 14 4 -6.0455 0 24 -6.0455 1
gene 1 2 14 -1.6571 0 40 -1.6571 1
gene 3 3 28 -0.457813 0 80 -0.457813 1
gene 3 28 4 -0.60096 0 81 -0.60096 1
gene 2 2 28 -2.42905 0 95 -2.42905 1
gene 3 3 36 2.56243 0 101 2.56243 1
gene 3 36 28 2.18438 0 102 2.18438 1
genomeend 112

/* Organism #113 Fitness: 5.23138 Error: 1.71278 */
genomestart 113
trait 1 0.0311118 0 0.369242 0 0.307123 0 0.553476 0.402362 
trait 2 0.2 0 0 0.112255 0 0 0 0 
trait 3 0.3 0 0 0 0 0 0 0 
node 1 2 1 3
node 2 2 1 1
node 3 2 1 1
node 4 3 0 2
node 14 1 0 0
node 28 1 0 0
node 36 1 0 0
gene 2 1 4 0.482827 0 1 0.482827 1
gene 2 2 4 6.58577 0 2 6.58577 1
gene 3 3 4 -0.91464 0 3 -0.91464 1
gene 3 3 14 5.14364 0 23 5.14364 1
gene 3 14 4 -5.96932 0 24 -5.96932 1
gene 1 2 14 -2.72058 0 40 -2.72058 1
gene 3 3 28 2.74991 0 80 2.74991 0
gene 3 28 4 -0.587486 0 81 -0.587486 1
gene 2 2 28 -3.46858 0 95 -3.46858 1
gene 3 3 36 2.475 0 101 2.475 1
gene 3 36 28 1.69712 0 102 1.69712 1
genomeend 113

/* Organism #114 Fitness: 9 Error: 1 */
genomestart 114
trait 1 0.0122236 0 0.738484 0 0.399247 0 0.72491 0.402362 
trait 2 0.2 0 0 0.112255 0 0 0 0 
trait 3 0.3 0 0 0 0 0 0 0 
node 1 2 1 3
node 2 2 1 1
node 3 2 1 1
node 4 3 0 2
node 14 1 0 0
node 28 1 0 0
node 36 1 0 0
gene 2 1 4 -1.96182 0 1 -1.96182 1
gene 2 2 4 8 0 2 8 1
gene 3 3 4 -4.36226 0 3 -4.36226 1
gene 3 3 14 4.70038 0 23 4.70038 1
gene 3 14 4 -5.95041 0 24 -5.95041 1
gene 1 2 14 -3.02115 0 40 -3.02115 1
gene 3 3 28 -0.289687 0 80 -0.289687 1
gene 3 28 4 1.21237 0 81 1.21237 1
gene 2 2 28 -1.87794 0 95 -1.87794 1
gene 3 3 36 1.36916 0 101 1.36916 1
gene 3 36 28 0.0560323 0 102 0.0560323 1
genomeend 114

/* Organism #115 Fitness: 8.97525 Error: 1.00413 */
genomestart 115
trait 1 0.0311118 0 0.369242 0 0.307123 0 0.553476 0.402362 
trait 2 0.2 0 0 0.112255 0 0 0 0 
trait 3 0.3 0 0 0 0 0 0 0 
node 1 2 1 3
node 2 2 1 1
node 3 2 1 1
node 4 3 0 2
node 14 1 0 0
node 28 1 0 0
node 36 1 0 0
gene 2 1 4 1.09986 0 1 1.09986 1
gene 2 2 4 0.249866 0 2 0.249866 1
gene 3 3 4 -3.41057 0 3 -3.41057 0
gene 3 3 14 4.12724 0 23 4.12724 1
gene 3 14 4 -4.85722 0 24 -4.85722 1
gene 1 2 14 -0.639728 0 40 -0.639728 1
gene 3 3 28 -0.854065 0 80 -0.854065 1
gene 3 28 4 -0.778246 0 81 -0.778246 1
gene 2 2 28 -1.74782 0 95 -1.74782 1
gene 3 3 36 0.723387 0 101 0.723387 1
gene 3 36 28 2.24922 0 102 2.24922 1
genomeend 115

/* Organism #116 Fitness: 4.1755 Error: 1.9566 */
genomestart 116
trait 1 0.0122236 0 0.738484 0 0.399247 0 0.72491 0.402362 
trait 2 0.2 0 0 0.112255 0 0 0 0 
trait 3 0.3 0 0 0 0 0 0 0 
node 1 2 1 3
node 2 2 1 1
node 3 2 1 1
node 4 3 0 2
node 14 1 0 0
node 28 1 0 0
node 36 1 0 0
gene 1 1 4 -1.87677 0 1 -1.87677 1
gene 2 2 4 8 0 2 8 1
gene 3 3 4 -1.62519 0 3 -1.62519 1
gene 3 3 14 2.24248 0 23 2.24248 1
gene 3 14 4 -3.87419 0 24 -3.87419 1
gene 1 2 14 -0.95302 0 40 -0.95302 1
gene 3 3 28 -1.23364 0 80 -1.23364 1
gene 3 28 4 -0.39119 0 81 -0.39119 1
gene 2 2 28 -0.771367 0 95 -0.771367 1
gene 3 3 36 2.56243 0 101 2.56243 1
gene 3 36 28 0.982285 0 102 0.982285 1
genomeend 116

/* Species #14 : (Size 10) (AF 7.97897) (Age 12)  */


/* Organism #117 Fitness: 9 Error: 1 */
genomestart 117
trait 1 0.0421875 0 0 0 0.248592 0 0.441735 0.465231 
trait 2 0.2 0 0 0.112255 0 0 0 0 
trait 3 0.3 0.429808 0 0 0.447311 0 0 0.404373 
node 1 2 1 3
node 2 1 1 1
node 3 2 1 1
node 4 3 0 2
node 14 1 0 0
node 37 1 0 0
gene 2 1 4 2.58109 0 1 2.58109 1
gene 2 2 4 8 0 2 8 1
gene 3 3 4 -4.5287 0 3 -4.5287 1
gene 3 3 14 5.58474 0 23 5.58474 1
gene 3 14 4 -6.23167 0 24 -6.23167 1
gene 1 2 14 -4.51185 0 40 -4.51185 1
gene 3 1 14 0.750893 0 98 0.750893 1
gene 3 3 37 0.438984 0 103 0.438984 1
gene 3 37 4 -7.44172 0 104 -7.44172 1
genomeend 117

/* Organism #118 Fitness: 9 Error: 1 */
genomestart 118
trait 1 0.0421875 0 0 0 0.248592 0 0.441735 0.465231 
trait 2 0.2 0 0 0.112255 0 0 0 0 
trait 3 0.3 0.429808 0 0 0.447311 0 0 0.404373 
node 1 2 1 3
node 2 1 1 1
node 3 2 1 1
node 4 3 0 2
node 14 1 0 0
node 37 1 0 0
gene 2 1 4 3.74706 0 1 3.74706 1
gene 2 2 4 7.84596 0 2 7.84596 1
gene 3 3 4 -3.12357 0 3 -3.12357 1
gene 3 3 14 3.12378 0 23 3.12378 1
gene 3 14 4 -6.82796 0 24 -6.82796 1
gene 1 2 14 -3.53974 0 40 -3.53974 1
gene 3 1 14 1.04084 0 98 1.04084 1
gene 3 3 37 2.19907 0 103 2.19907 1
gene 3 37 4 -6.90753 0 104 -6.90753 1
genomeend 118

/* Organism #119 Fitness: 8.99867 Error: 1.00022 */
genomestart 119
trait 1 0.0421875 0 0 0 0.248592 0 0.441735 0.465231 
trait 2 0.2 0 0 0.112255 0 0 0 0 
trait 3 0.3 0.429808 0 0 0.447311 0 0 0.404373 
node 1 2 1 3
node 2 1 1 1
node 3 2 1 1
node 4 3 0 2
node 14 1 0 0
node 37 1 0 0
gene 2 1 4 -0.610026 0 1 -0.610026 1
gene 2 2 4 6.02373 0 2 6.02373 1
gene 3 3 4 -0.719822 0 3 -0.719822 1
gene 3 3 14 3.12979 0 23 3.12979 1
gene 3 14 4 -6.40298 0 24 -6.40298 1
gene 1 2 14 -4.78223 0 40 -4.78223 1
gene 3 1 14 3.52651 0 98 3.52651 1
gene 3 3 37 -1.42067 0 103 -1.42067 1
gene 3 37 4 -5.93049 0 104 -5.93049 1
genomeend 119

/* Organism #120 Fitness: 9 Error: 1 */
genomestart 120
trait 1 0.0421875 0 0 0 0.248592 0 0.441735 0.465231 
trait 2 0.2 0 0 0.112255 0 0 0 0 
trait 3 0.3 0.429808 0 0 0.447311 0 0 0.404373 
node 1 2 1 3
node 2 1 1 1
node 3 2 1 1
node 4 3 0 2
node 14 1 0 0
node 37 1 0 0
gene 2 1 4 0.669261 0 1 0.669261 1
gene 2 2 4 7.66872 0 2 7.66872 1
gene 3 3 4 -2.15868 0 3 -2.15868 1
gene 3 3 14 4.31054 0 23 4.31054 1
gene 3 14 4 -7.59022 0 24 -7.59022 1
gene 1 2 14 -3.07723 0 40 -3.07723 1
gene 3 1 14 1.69941 0 98 1.69941 1
gene 3 3 37 1.0066 0 103 1.0066 1
gene 3 37 4 -5.84213 0 104 -5.84213 1
genomeend 120

/* Organism #121 Fitness: 9 Error: 1 */
genomestart 121
trait 1 0.0421875 0 0 0 0.248592 0 0.441735 0.465231 
trait 2 0.2 0 0 0.112255 0 0 0 0 
trait 3 0.3 0.429808 0 0 0.447311 0 0 0.404373 
node 1 2 1 3
node 2 1 1 1
node 3 2 1 1
node 4 3 0 2
node 14 1 0 0
node 37 1 0 0
gene 2 1 4 0.669261 0 1 0.669261 1
gene 2 2 4 7.66872 0 2 7.66872 1
gene 2 3 4 -2.15868 0 3 -2.15868 1
gene 3 3 14 4.31054 0 23 4.31054 1
gene 3 14 4 -7.59022 0 24 -7.59022 1
gene 1 2 14 -3.07723 0 40 -3.07723 1
gene 3 1 14 1.69941 0 98 1.69941 1
gene 3 3 37 1.0066 0 103 1.0066 1
gene 3 37 4 -5.84213 0 104 -5.84213 1
genomeend 121

/* Organism #122 Fitness: 9 Error: 1 */
genomestart 122
trait 1 0.0421875 0 0 0 0.248592 0 0.441735 0.465231 
trait 2 0.2 0 0 0.112255 0 0 0 0 
trait 3 0.3 0.429808 0 0 0.447311 0 0 0.404373 
node 1 2 1 3
node 2 1 1 1
node 3 2 1 1
node 4 3 0 2
node 14 1 0 0
node 37 1 0 0
gene 2 1 4 0.669261 0 1 0.669261 1
gene 2 2 4 7.66872 0 2 7.66872 1
gene 3 3 4 -2.15868 0 3 -2.15868 1
gene 3 3 14 4.31054 0 23 4.31054 1
gene 1 14 4 -7.59022 0 24 -7.59022 1
gene 1 2 14 -3.07723 0 40 -3.07723 1
gene 3 1 14 1.69941 0 98 1.69941 1
gene 3 3 37 1.0066 0 103 1.0066 1
gene 3 37 4 -5.84213 0 104 -5.84213 1
genomeend 122

/* Organism #123 Fitness: 4.04149 Error: 1.98965 */
genomestart 123
trait 1 0.0421875 0 0 0 0.248592 0 0.441735 0.465231 
trait 2 0.2 0 0 0.112255 0 0 0 0 
trait 3 0.3 0.429808 0 0 0.447311 0 0 0.404373 
node 1 2 1 3
node 2 1 1 1
node 3 2 1 1
node 4 3 0 2
node 14 1 0 0
node 37 1 0 0
gene 2 1 4 -0.819818 0 1 -0.819818 1
gene 2 2 4 8 0 2 8 1
gene 3 3 4 -0.304415 0 3 -0.304415 1
gene 3 3 14 4.46847 0 23 4.46847 1
gene 3 14 4 -5.94258 0 24 -5.94258 1
gene 1 2 14 -3.07723 0 40 -3.07723 1
gene 3 1 14 2.39674 0 98 2.39674 1
gene 3 3 37 -1.42355 0 103 -1.42355 1
gene 3 37 4 -7.75929 0 104 -7.75929 1
genomeend 123

/* Organism #124 Fitness: 3.74958 Error: 2.06362 */
genomestart 124
trait 1 0.0421875 0 0 0 0.248592 0 0.441735 0.465231 
trait 2 0.2 0 0 0.112255 0 0 0 0 
trait 3 0.3 0.429808 0 0 0.447311 0 0 0.404373 
node 1 2 1 3
node 2 1 1 1
node 3 2 1 1
node 4 3 0 2
node 14 1 0 0
node 37 1 0 0
gene 2 1 4 1.44495 0 1 1.44495 1
gene 2 2 4 8 0 2 8 1
gene 3 3 4 -1.6405 0 3 -1.6405 1
gene 3 3 14 7.21362 0 23 7.21362 1
gene 3 14 4 -3.85713 0 24 -3.85713 1
gene 1 2 14 -3.23643 0 40 -3.23643 1
gene 3 1 14 -0.708264 0 98 -0.708264 1
gene 3 3 37 -1.19352 0 103 -1.19352 1
gene 3 37 4 -3.75326 0 104 -3.75326 1
genomeend 124

/* Organism #125 Fitness: 9 Error: 1 */
genomestart 125
trait 1 0.0421875 0 0 0 0.248592 0 0.441735 0.465231 
trait 2 0.2 0 0 0.112255 0 0 0 0 
trait 3 0.3 0.429808 0 0 0.447311 0 0 0.404373 
node 1 2 1 3
node 2 1 1 1
node 3 2 1 1
node 4 3 0 2
node 14 1 0 0
node 37 1 0 0
gene 2 1 4 2.58109 0 1 2.58109 1
gene 2 2 4 8 0 2 8 1
gene 3 3 4 -2.15868 0 3 -2.15868 1
gene 3 3 14 4.31054 0 23 4.31054 1
gene 3 14 4 -6.23167 0 24 -6.23167 1
gene 1 2 14 -4.51185 0 40 -4.51185 1
gene 3 1 14 1.69941 0 98 1.69941 1
gene 3 3 37 1.0066 0 103 1.0066 1
gene 3 37 4 -7.44172 0 104 -7.44172 1
genomeend 125

/* Organism #126 Fitness: 9 Error: 1 */
genomestart 126
trait 1 0.0421875 0 0 0 0.913827 0 0.441735 0.465231 
trait 2 0.2 0 0 0.112255 0 0 0 0 
trait 3 0.3 0.429808 0 0 0.447311 0 0 0.404373 
node 1 2 1 3
node 2 1 1 1
node 3 2 1 1
node 4 3 0 2
node 14 1 0 0
node 37 1 0 0
gene 2 1 4 1.21319 0 1 1.21319 1
gene 2 2 4 7.10929 0 2 7.10929 1
gene 3 3 4 -6.63091 0 3 -6.63091 1
gene 3 3 14 3.83474 0 23 3.83474 1
gene 3 14 4 -6.01897 0 24 -6.01897 1
gene 1 2 14 -5.03669 0 40 -5.03669 1
gene 3 1 14 2.16921 0 98 2.16921 1
gene 3 3 37 2.30287 0 103 2.30287 1
gene 3 37 4 -4.18979 0 104 -4.18979 1
genomeend 126

/* Species #15 : (Size 9) (AF 5.60618) (Age 9)  */


/* Organism #127 Fitness: 8.98424 Error: 1.00263 */
genomestart 127
trait 1 0.0421875 0 0 0 0.248592 0 0.441735 0.465231 
trait 2 0.2 0 0 0.112255 0 0 0 0 
trait 3 0.3 0 0 0 0 0 0 0 
node 1 2 1 3
node 2 1 1 1
node 3 2 1 1
node 4 3 0 2
node 14 1 0 0
node 37 1 0 0
node 44 1 0 0
gene 2 1 4 2.18054 0 1 2.18054 1
gene 2 2 4 3.03578 0 2 3.03578 1
gene 3 3 4 -8 0 3 -8 0
gene 3 3 14 2.86227 0 23 2.86227 0
gene 3 14 4 -3.36714 0 24 -3.36714 1
gene 1 2 14 0.323905 0 40 0.323905 1
gene 3 1 14 -4.34284 0 98 -4.34284 1
gene 3 3 37 3.03105 0 103 3.03105 1
gene 2 37 4 -8 0 104 -8 1
gene 3 3 44 -1.95995 0 127 -1.95995 1
gene 3 44 14 1.9589 0 128 1.9589 1
genomeend 127

/* Organism #128 Fitness: 5.364 Error: 1.68397 */
genomestart 128
trait 1 0.0421875 0 0 0 0.248592 0 0.441735 0.465231 
trait 2 0.2 0 0 0.112255 0 0 0 0 
trait 3 0.3 0 0 0 0 0 0 0 
node 1 2 1 3
node 2 1 1 1
node 3 2 1 1
node 4 3 0 2
node 14 1 0 0
node 37 1 0 0
node 44 1 0 0
gene 2 1 4 3.88909 0 1 3.88909 1
gene 2 2 4 2.00113 0 2 2.00113 1
gene 3 3 4 -8 0 3 -8 0
gene 3 3 14 3.05571 0 23 3.05571 0
gene 3 14 4 -3.87949 0 24 -3.87949 1
gene 1 2 14 0.0517733 0 40 0.0517733 1
gene 3 1 14 -3.72118 0 98 -3.72118 1
gene 3 3 37 3.84645 0 103 3.84645 1
gene 2 37 4 -7.46154 0 104 -7.46154 1
gene 3 3 44 0.720189 0 127 0.720189 1
gene 3 44 14 4.26419 0 128 4.26419 1
genomeend 128

/* Organism #129 Fitness: 1.00342 Error: 2.99829 */
genomestart 129
trait 1 0.0421875 0 0 0 0.248592 0 0.441735 0.465231 
trait 2 0.2 0 0 0.112255 0 0 0 0 
trait 3 0.3 0 0 0 0 0 0 0 
node 1 2 1 3
node 2 1 1 1
node 3 2 1 1
node 4 3 0 2
node 14 1 0 0
node 37 1 0 0
node 44 1 0 0
gene 2 1 4 5.59763 0 1 5.59763 1
gene 2 2 4 3.03578 0 2 3.03578 1
gene 3 3 4 -8 0 3 -8 0
gene 3 3 14 3.24915 0 23 3.24915 0
gene 3 14 4 -4.39183 0 24 -4.39183 1
gene 1 2 14 0.323905 0 40 0.323905 1
gene 3 1 14 -3.09953 0 98 -3.09953 1
gene 3 3 37 3.03105 0 103 3.03105 1
gene 2 37 4 -6.92309 0 104 -6.92309 1
gene 3 3 44 -1.95995 0 127 -1.95995 1
gene 3 44 14 1.9589 0 128 1.9589 1
genomeend 129

/* Organism #130 Fitness: 4.00051 Error: 1.99987 */
genomestart 130
trait 1 0.0421875 0 0 0 0.248592 0 0.441735 0.465231 
trait 2 0.2 0 0 0.112255 0 0 0 0 
trait 3 0.3 0 0 0 0 0 0 0 
node 1 2 1 3
node 2 1 1 1
node 3 2 1 1
node 4 3 0 2
node 14 1 0 0
node 37 1 0 0
node 44 1 0 0
node 69 1 0 0
gene 2 1 4 5.59763 0 1 5.59763 1
gene 2 2 4 0.966486 0 2 0.966486 1
gene 3 3 4 -8 0 3 -8 0
gene 3 3 14 3.24915 0 23 3.24915 0
gene 3 14 4 -4.39183 0 24 -4.39183 1
gene 1 2 14 -0.220359 0 40 -0.220359 1
gene 3 1 14 -3.09953 0 98 -3.09953 1
gene 3 3 37 4.66185 0 103 4.66185 1
gene 2 37 4 -6.92309 0 104 -6.92309 0
gene 3 3 44 3.40032 0 127 3.40032 1
gene 3 44 14 6.56948 0 128 6.56948 1
gene 2 37 69 1 0 209 0 1
gene 2 69 4 -6.92309 0 210 0 1
genomeend 130

/* Organism #131 Fitness: 1.2951 Error: 2.86198 */
genomestart 131
trait 1 0.0421875 0 0 0 0.248592 0 0.441735 0.465231 
trait 2 0.2 0 0 0.112255 0 0 0 0 
trait 3 0.3 0 0 0 0 0 0 0 
node 1 2 1 3
node 2 1 1 1
node 3 2 1 1
node 4 3 0 2
node 14 1 0 0
node 37 1 0 0
node 44 1 0 0
gene 2 1 4 3.20729 0 1 3.20729 1
gene 2 2 4 3.00612 0 2 3.00612 1
gene 3 3 4 -7.0913 0 3 -7.0913 0
gene 3 3 14 2.79558 0 23 2.79558 0
gene 3 14 4 -1.15544 0 24 -1.15544 1
gene 1 2 14 1.89624 0 40 1.89624 1
gene 3 1 14 -5.3791 0 98 -5.3791 1
gene 3 3 37 4.87664 0 103 4.87664 1
gene 2 37 4 -5.53737 0 104 -5.53737 1
gene 3 3 44 -1.95995 0 127 -1.95995 1
gene 3 44 14 2.5877 0 128 2.5877 1
genomeend 131

/* Organism #132 Fitness: 4.15621 Error: 1.96132 */
genomestart 132
trait 1 0.0421875 0 0 0 0.248592 0 0.441735 0.465231 
trait 2 0.2 0 0 0.112255 0 0 0 0 
trait 3 0.3 0 0 0 0 0 0 0 
node 1 2 1 3
node 2 1 1 1
node 3 2 1 1
node 4 3 0 2
node 14 1 0 0
node 37 1 0 0
node 44 1 0 0
gene 2 1 4 5.25742 0 1 5.25742 1
gene 2 2 4 -0.409981 0 2 -0.409981 1
gene 3 3 4 1.32154 0 3 1.32154 0
gene 3 3 14 4.04718 0 23 4.04718 0
gene 3 14 4 -3.94538 0 24 -3.94538 1
gene 1 2 14 -0.220359 0 40 -0.220359 1
gene 3 1 14 -0.662003 0 98 -0.662003 1
gene 3 3 37 0.53364 0 103 0.53364 1
gene 2 37 4 -6.11791 0 104 -6.11791 1
gene 3 3 44 -1.41279 0 127 -1.41279 1
gene 3 44 14 5.47674 0 128 5.47674 1
genomeend 132

/* Organism #133 Fitness: 8.53566 Error: 1.07841 */
genomestart 133
trait 1 0.0421875 0 0 0 0.248592 0 0.441735 0.465231 
trait 2 0.2 0 0 0.112255 0 0 0 0 
trait 3 0.3 0 0 0 0 0 0 0 
node 1 2 1 3
node 2 1 1 1
node 3 2 1 1
node 4 3 0 2
node 14 1 0 0
node 37 1 0 0
node 44 1 0 0
node 68 1 0 0
gene 2 1 4 5.59763 0 1 5.59763 1
gene 2 2 4 0.966486 0 2 0.966486 0
gene 3 3 4 -8 0 3 -8 0
gene 3 3 14 3.24915 0 23 3.24915 1
gene 3 14 4 -4.39183 0 24 -4.39183 1
gene 1 2 14 -0.220359 0 40 -0.220359 1
gene 3 1 14 -3.09953 0 98 -3.09953 1
gene 3 3 37 4.66185 0 103 4.66185 1
gene 2 37 4 -6.92309 0 104 -6.92309 1
gene 3 3 44 3.40032 0 127 3.40032 1
gene 3 44 14 6.56948 0 128 6.56948 1
gene 2 2 68 1 0 207 0 1
gene 2 68 4 0.966486 0 208 0 1
genomeend 133

/* Organism #134 Fitness: 8.9292 Error: 1.01182 */
genomestart 134
trait 1 0.0421875 0 0 0 0.248592 0 0.441735 0.465231 
trait 2 0.2 0 0 0.112255 0 0 0 0 
trait 3 0.3 0 0 0 0 0 0 0 
node 1 2 1 3
node 2 1 1 1
node 3 2 1 1
node 4 3 0 2
node 14 1 0 0
node 37 1 0 0
node 44 1 0 0
gene 2 1 4 5.59763 0 1 5.59763 1
gene 2 2 4 0.966486 0 2 0.966486 1
gene 3 3 4 -8 0 3 -8 0
gene 3 3 14 3.24915 0 23 3.24915 0
gene 3 14 4 -4.39183 0 24 -4.39183 1
gene 1 2 14 -0.220359 0 40 -0.220359 1
gene 3 1 14 -3.09953 0 98 -3.09953 1
gene 3 3 37 4.66185 0 103 4.66185 1
gene 2 37 4 -6.92309 0 104 -6.92309 1
gene 3 3 44 3.40032 0 127 3.40032 1
gene 3 44 14 6.56948 0 128 6.56948 1
genomeend 134

/* Organism #135 Fitness: 8.18726 Error: 1.13866 */
genomestart 135
trait 1 0.0421875 0 0 0 0.248592 0 0.441735 0.465231 
trait 2 0.2 0 0 0.112255 0 0 0 0 
trait 3 0.3 0 0 0 0 0 0 0 
node 1 2 1 3
node 2 1 1 1
node 3 2 1 1
node 4 3 0 2
node 14 1 0 0
node 37 1 0 0
node 44 1 0 0
gene 2 1 4 3.09428 0 1 3.09428 1
gene 2 2 4 4.51409 0 2 4.51409 1
gene 3 3 4 -8 0 3 -8 0
gene 3 3 14 2.41658 0 23 2.41658 0
gene 3 14 4 -2.10687 0 24 -2.10687 1
gene 1 2 14 2.47849 0 40 2.47849 1
gene 3 1 14 -6.27585 0 98 -6.27585 1
gene 3 3 37 1.93956 0 103 1.93956 1
gene 2 37 4 -8 0 104 -8 1
gene 3 3 44 -2.3499 0 127 -2.3499 1
gene 3 44 14 1.11646 0 128 1.11646 1
genomeend 135

/* Species #16 : (Size 8) (AF 8.31631) (Age 8)  */


/* Organism #136 Fitness: 9 Error: 1 */
genomestart 136
trait 1 0.103631 0 0.172081 0 0.299809 0.0487615 0.0705667 0 
trait 2 0.2 0 0 0 0 0 0 0 
trait 3 0.803125 0.715812 0 0 0 0 0 0 
node 1 3 1 3
node 2 2 1 1
node 3 2 1 1
node 4 1 0 2
node 8 1 0 0
node 45 1 0 0
node 47 1 0 0
gene 2 1 4 -1.66759 0 1 -1.66759 1
gene 2 2 4 -6.78301 0 2 -6.78301 1
gene 3 3 4 6.92575 0 3 6.92575 1
gene 1 3 8 -6.42872 0 10 -6.42872 1
gene 1 8 4 -4.26291 0 11 -4.26291 0
gene 2 1 8 3.03885 0 36 3.03885 1
gene 1 2 8 0.938306 0 67 0.938306 1
gene 3 3 45 2.16353 0 130 2.16353 1
gene 3 45 4 -1.17539 0 131 -1.17539 1
gene 1 8 47 2.7003 0 138 2.7003 1
gene 1 47 4 -1.92378 0 139 -1.92378 1
gene 2 47 45 0.57823 0 191 0.57823 1
genomeend 136

/* Organism #137 Fitness: 8.64226 Error: 1.06023 */
genomestart 137
trait 1 0.103631 0 0.172081 0 0.299809 0.0487615 0.0705667 0 
trait 2 0.2 0 0 0 0 0 0 0 
trait 3 0.803125 0.715812 0 0 0 0 0 0 
node 1 3 1 3
node 2 2 1 1
node 3 2 1 1
node 4 1 0 2
node 8 1 0 0
node 45 1 0 0
node 47 1 0 0
gene 2 1 4 -2.77616 0 1 -2.77616 1
gene 2 2 4 -1.72996 0 2 -1.72996 1
gene 3 3 4 5.75771 0 3 5.75771 1
gene 1 3 8 0.062793 0 10 0.062793 1
gene 1 8 4 -6.13635 0 11 -6.13635 0
gene 2 1 8 3.42922 0 36 3.42922 1
gene 1 2 8 1.34943 0 67 1.34943 1
gene 3 3 45 -1.43248 0 130 -1.43248 1
gene 3 45 4 -1.54569 0 131 -1.54569 1
gene 1 8 47 2.28374 0 138 2.28374 1
gene 1 47 4 -0.471552 0 139 -0.471552 1
gene 2 47 45 1.8249 0 191 1.8249 1
genomeend 137

/* Organism #138 Fitness: 8.99989 Error: 1.00002 */
genomestart 138
trait 1 0.103631 0 0.172081 0 0.299809 0.0487615 0.0705667 0 
trait 2 0.2 0 0 0 0 0 0 0 
trait 3 0.803125 0.715812 0 0 0 0 0 0 
node 1 3 1 3
node 2 2 1 1
node 3 2 1 1
node 4 1 0 2
node 8 1 0 0
node 45 1 0 0
node 47 1 0 0
gene 2 1 4 -1.89868 0 1 -1.89868 1
gene 2 2 4 -5.55728 0 2 -5.55728 1
gene 3 3 4 8 0 3 8 1
gene 1 3 8 -6.4632 0 10 -6.4632 1
gene 1 8 4 -4.80814 0 11 -4.80814 0
gene 2 1 8 3.49613 0 36 3.49613 1
gene 1 2 8 -0.970364 0 67 -0.970364 1
gene 3 3 45 2.22442 0 130 2.22442 1
gene 3 45 4 -1.80561 0 131 -1.80561 1
gene 1 8 47 3.00136 0 138 3.00136 1
gene 1 47 4 -1.92378 0 139 -1.92378 1
gene 2 47 45 0.57823 0 191 0.57823 1
genomeend 138

/* Organism #139 Fitness: 9 Error: 1 */
genomestart 139
trait 1 0.103631 0 0.172081 0 0.299809 0.0487615 0.0705667 0 
trait 2 0.2 0 0 0 0 0 0 0 
trait 3 0.803125 0.715812 0 0 0 0 0 0 
node 1 3 1 3
node 2 2 1 1
node 3 2 1 1
node 4 1 0 2
node 8 1 0 0
node 45 1 0 0
node 47 1 0 0
gene 2 1 4 0.893746 0 1 0.893746 1
gene 2 2 4 -6.66715 0 2 -6.66715 1
gene 3 3 4 5.55587 0 3 5.55587 1
gene 1 3 8 -3.89641 0 10 -3.89641 1
gene 1 8 4 -3.78151 0 11 -3.78151 1
gene 2 1 8 2.93583 0 36 2.93583 1
gene 1 2 8 -0.334804 0 67 -0.334804 1
gene 3 3 45 1.16447 0 130 1.16447 1
gene 3 45 4 -1.54569 0 131 -1.54569 1
gene 1 8 47 2.60607 0 138 2.60607 1
gene 1 47 4 -2.21842 0 139 -2.21842 1
genomeend 139

/* Organism #140 Fitness: 9 Error: 1 */
genomestart 140
trait 1 0.103631 0 0.172081 0 0.299809 0.0487615 0.0705667 0 
trait 2 0.2 0 0 0 0 0 0 0 
trait 3 0.803125 0.715812 0 0 0 0 0 0 
node 1 3 1 3
node 2 2 1 1
node 3 2 1 1
node 4 1 0 2
node 8 1 0 0
node 45 1 0 0
node 47 1 0 0
gene 2 1 4 0.406225 0 1 0.406225 1
gene 2 2 4 -8 0 2 -8 1
gene 3 3 4 6.2081 0 3 6.2081 1
gene 1 3 8 -3.89641 0 10 -3.89641 1
gene 1 8 4 -4.80274 0 11 -4.80274 1
gene 2 1 8 2.93583 0 36 2.93583 1
gene 1 2 8 -2.02385 0 67 -2.02385 1
gene 3 3 45 3.08996 0 130 3.08996 1
gene 3 45 4 -4.04302 0 131 -4.04302 1
gene 1 8 47 2.60607 0 138 2.60607 1
gene 1 47 4 1.82251 0 139 1.82251 1
genomeend 140

/* Organism #141 Fitness: 8.60791 Error: 1.06608 */
genomestart 141
trait 1 0.103631 0 0.172081 0 0.299809 0.0487615 0.0705667 0 
trait 2 0.2 0 0 0 0 0 0 0 
trait 3 0.803125 0.715812 0 0 0 0 0 0 
node 1 3 1 3
node 2 2 1 1
node 3 2 1 1
node 4 1 0 2
node 8 1 0 0
node 45 1 0 0
node 47 1 0 0
gene 2 1 4 3.04284 0 1 3.04284 1
gene 2 2 4 -6.38309 0 2 -6.38309 1
gene 3 3 4 5.2122 0 3 5.2122 1
gene 1 3 8 -2.8409 0 10 -2.8409 1
gene 1 8 4 -3.78151 0 11 -3.78151 1
gene 2 1 8 0.553947 0 36 0.553947 1
gene 1 2 8 -0.644041 0 67 -0.644041 1
gene 3 3 45 1.16447 0 130 1.16447 1
gene 3 45 4 -3.01321 0 131 -3.01321 1
gene 1 8 47 2.09933 0 138 2.09933 1
gene 1 47 4 1.10599 0 139 1.10599 1
genomeend 141

/* Organism #142 Fitness: 4.28041 Error: 1.93109 */
genomestart 142
trait 1 0.103631 0 0.172081 0 0.299809 0.0487615 0.0705667 0 
trait 2 0.2 0 0 0 0 0 0 0 
trait 3 0.803125 0.715812 0 0 0 0 0 0 
node 1 3 1 3
node 2 2 1 1
node 3 2 1 1
node 4 1 0 2
node 8 1 0 0
node 45 1 0 0
node 47 1 0 0
gene 2 1 4 0.560734 0 1 0.560734 1
gene 2 2 4 -5.88822 0 2 -5.88822 1
gene 3 3 4 6.28091 0 3 6.28091 1
gene 1 3 8 -7.13988 0 10 -7.13988 1
gene 1 8 4 -3.62461 0 11 -3.62461 0
gene 2 1 8 1.3534 0 36 1.3534 1
gene 1 2 8 0.675898 0 67 0.675898 1
gene 3 3 45 1.47736 0 130 1.47736 1
gene 3 45 4 0.588637 0 131 0.588637 1
gene 1 8 47 0.554463 0 138 0.554463 1
gene 1 47 4 -2.0711 0 139 -2.0711 1
gene 2 47 45 0.145679 0 191 0.145679 1
genomeend 142

/* Organism #143 Fitness: 9 Error: 1 */
genomestart 143
trait 1 0.103631 0 0.172081 0 0.299809 0.0487615 0.0705667 0 
trait 2 0.2 0 0 0 0 0 0 0 
trait 3 0.803125 0.715812 0 0 0 0 0 0 
node 1 3 1 3
node 2 2 1 1
node 3 2 1 1
node 4 1 0 2
node 8 1 0 0
node 45 1 0 0
node 47 1 0 0
node 70 1 0 0
gene 2 1 4 -0.386922 0 1 -0.386922 1
gene 2 2 4 -6.72508 0 2 -6.72508 1
gene 3 3 4 6.24081 0 3 6.24081 1
gene 1 3 8 -5.16256 0 10 -5.16256 1
gene 1 8 4 -4.02221 0 11 -4.02221 0
gene 2 1 8 2.98734 0 36 2.98734 1
gene 1 2 8 0.301751 0 67 0.301751 1
gene 3 3 45 1.664 0 130 1.664 1
gene 3 45 4 -1.36054 0 131 -1.36054 0
gene 1 8 47 2.65318 0 138 2.65318 1
gene 1 47 4 -2.0711 0 139 -2.0711 1
gene 2 47 45 0.57823 0 191 0.57823 1
gene 3 45 70 1 0 211 0 1
gene 3 70 4 -1.36054 0 212 0 1
genomeend 143

/* Species #17 : (Size 6) (AF 3.37238) (Age 6)  */


/* Organism #144 Fitness: 4.8001 Error: 1.80909 */
genomestart 144
trait 1 0.05 0 0 0 0.214999 0 0.382041 0.402362 
trait 2 0.2 0 0 0.112255 0 0 0 0 
trait 3 0.3 0 0 0 0 0 0 0 
node 1 2 1 3
node 2 1 1 1
node 3 2 1 1
node 4 3 0 2
node 14 1 0 0
node 28 1 0 0
node 36 1 0 0
node 51 1 0 0
gene 2 1 4 1.35085 0 1 1.35085 1
gene 2 2 4 4.50231 0 2 4.50231 0
gene 3 3 4 -3.29255 0 3 -3.29255 0
gene 3 3 14 6.01455 0 23 6.01455 1
gene 3 14 4 -1.10271 0 24 -1.10271 1
gene 3 2 14 -4.72806 0 40 -4.72806 1
gene 3 3 28 -0.213404 0 80 -0.213404 0
gene 3 28 4 -3.69451 0 81 -3.69451 1
gene 2 2 28 0.288948 0 95 0.288948 1
gene 3 3 36 -3.07086 0 101 -3.07086 1
gene 3 36 28 -2.78458 0 102 -2.78458 1
gene 2 2 51 -1.63248 0 152 -1.63248 1
gene 2 51 4 -1.84461 0 153 -1.84461 1
gene 3 36 14 -0.806074 0 176 -0.806074 1
genomeend 144

/* Organism #145 Fitness: 4.02623 Error: 1.99345 */
genomestart 145
trait 1 0.05 0 0 0 0.214999 0 0.382041 0.402362 
trait 2 0.2 0 0 0.112255 0 0 0 0 
trait 3 0.3 0 0 0 0 0 0 0 
node 1 2 1 3
node 2 1 1 1
node 3 2 1 1
node 4 3 0 2
node 14 1 0 0
node 28 1 0 0
node 36 1 0 0
node 51 1 0 0
gene 2 1 4 -0.953246 0 1 -0.953246 1
gene 2 2 4 3.4036 0 2 3.4036 0
gene 3 3 4 -2.87179 0 3 -2.87179 0
gene 3 3 14 5.04003 0 23 5.04003 1
gene 3 14 4 -3.12965 0 24 -3.12965 1
gene 3 2 14 -3.42805 0 40 -3.42805 1
gene 3 3 28 1.05563 0 80 1.05563 1
gene 3 28 4 -1.56817 0 81 -1.56817 1
gene 2 2 28 -0.443664 0 95 -0.443664 1
gene 3 3 36 -5.02026 0 101 -5.02026 1
gene 3 36 28 -4.14426 0 102 -4.14426 1
gene 2 2 51 -0.620891 0 152 -0.620891 1
gene 2 51 4 0.538523 0 153 0.538523 1
gene 3 36 14 -0.719567 0 176 -0.719567 1
genomeend 145

/* Organism #146 Fitness: 4.0698 Error: 1.98263 */
genomestart 146
trait 1 0.05 0 0 0 0.214999 0 0.382041 0.402362 
trait 2 0.2 0 0 0.112255 0 0 0 0 
trait 3 0.3 0 0 0 0 0 0 0 
node 1 2 1 3
node 2 1 1 1
node 3 2 1 1
node 4 3 0 2
node 14 1 0 0
node 28 1 0 0
node 36 1 0 0
node 51 1 0 0
gene 2 1 4 -0.313505 0 1 -0.313505 1
gene 2 2 4 2.60897 0 2 2.60897 0
gene 3 3 4 -5.49853 0 3 -5.49853 0
gene 3 3 14 5.3397 0 23 5.3397 1
gene 3 14 4 -2.27698 0 24 -2.27698 1
gene 3 2 14 -5.94237 0 40 -5.94237 1
gene 3 3 28 -2.57114 0 80 -2.57114 0
gene 3 28 4 -1.94204 0 81 -1.94204 1
gene 2 2 28 0.695478 0 95 0.695478 1
gene 3 3 36 -4.33861 0 101 -4.33861 1
gene 3 36 28 -1.81561 0 102 -1.81561 1
gene 2 2 51 -1.78114 0 152 -1.78114 1
gene 2 51 4 -3.16753 0 153 -3.16753 1
gene 3 36 14 -0.806074 0 176 -0.806074 1
genomeend 146

/* Organism #147 Fitness: 1.04232 Error: 2.97906 */
genomestart 147
trait 1 0.05 0 0 0 0.214999 0 0.382041 0.402362 
trait 2 0.1 0 0 0.0561276 0 0 0 0 
trait 3 0.3 0 0 0 0 0 0 0 
node 1 2 1 3
node 2 1 1 1
node 3 2 1 1
node 4 3 0 2
node 14 1 0 0
node 28 1 0 0
node 36 1 0 0
node 51 1 0 0
gene 2 1 4 0.246488 0 1 0.246488 1
gene 2 2 4 5.29231 0 2 5.29231 0
gene 3 3 4 -1.86823 0 3 -1.86823 0
gene 3 3 14 3.42329 0 23 3.42329 1
gene 3 14 4 -3.29042 0 24 -3.29042 1
gene 3 2 14 -5.92204 0 40 -5.92204 1
gene 3 3 28 0.34544 0 80 0.34544 0
gene 3 28 4 -3.4124 0 81 -3.4124 1
gene 2 2 28 2.37014 0 95 2.37014 1
gene 3 3 36 -4.85468 0 101 -4.85468 1
gene 3 36 28 -5.18296 0 102 -5.18296 1
gene 2 2 51 1.20033 0 152 1.20033 1
gene 2 51 4 7.9361 0 153 7.9361 1
gene 3 36 14 0.401946 0 176 0.401946 1
genomeend 147

/* Organism #148 Fitness: 2.29335 Error: 2.48562 */
genomestart 148
trait 1 0.05 0 0 0 0.214999 0 0.382041 0.402362 
trait 2 0.1 0 0 0.0561276 0 0 0 0 
trait 3 0.3 0 0 0 0 0 0 0 
node 1 2 1 3
node 2 1 1 1
node 3 2 1 1
node 4 3 0 2
node 14 1 0 0
node 28 1 0 0
node 36 1 0 0
node 51 1 0 0
gene 2 1 4 1.11711 0 1 1.11711 1
gene 2 2 4 3.474 0 2 3.474 0
gene 3 3 4 -2.11613 0 3 -2.11613 0
gene 3 3 14 -1.34119 0 23 -1.34119 1
gene 3 14 4 0.840726 0 24 0.840726 1
gene 3 2 14 -1.81935 0 40 -1.81935 1
gene 3 3 28 0.0622399 0 80 0.0622399 0
gene 3 28 4 -4.77363 0 81 -4.77363 1
gene 2 2 28 2.47939 0 95 2.47939 1
gene 3 3 36 -1.882 0 101 -1.882 1
gene 3 36 28 -3.22666 0 102 -3.22666 1
gene 2 2 51 -2.79887 0 152 -2.79887 1
gene 2 51 4 2.55692 0 153 2.55692 1
gene 3 36 14 -1.62929 0 176 -1.62929 1
genomeend 148

/* Organism #149 Fitness: 4.00248 Error: 1.99938 */
genomestart 149
trait 1 0.05 0 0 0 0.214999 0 0.382041 0.402362 
trait 2 0.1 0 0 0.0561276 0 0 0 0 
trait 3 0.3 0 0 0 0 0 0 0 
node 1 2 1 3
node 2 1 1 1
node 3 2 1 1
node 4 3 0 2
node 14 1 0 0
node 28 1 0 0
node 36 1 0 0
node 51 1 0 0
gene 2 1 4 2.67907 0 1 2.67907 1
gene 2 2 4 5.3191 0 2 5.3191 0
gene 3 3 4 -3.29255 0 3 -3.29255 0
gene 3 3 14 6.01455 0 23 6.01455 1
gene 3 14 4 1.8353 0 24 1.8353 1
gene 3 2 14 -3.43511 0 40 -3.43511 1
gene 3 3 28 0.278482 0 80 0.278482 0
gene 3 28 4 -3.06912 0 81 -3.06912 1
gene 2 2 28 0.288948 0 95 0.288948 1
gene 3 3 36 -0.753163 0 101 -0.753163 1
gene 3 36 28 -2.78458 0 102 -2.78458 1
gene 2 2 51 -0.0896155 0 152 -0.0896155 1
gene 2 51 4 -1.84461 0 153 -1.84461 1
gene 3 36 14 -0.806074 0 176 -0.806074 1
genomeend 149
