
/* Species #3 : (Size 9) (AF 7.61079) (Age 32)  */


/* Organism #0 Fitness: 9 Error: 1 */
genomestart 0
trait 1 0.1 0 0 0 0 0 0 0 
trait 2 0.230694 0.00141962 0 0.45253 0.0274106 0.454689 0 0 
trait 3 0.378873 0 0 0 0 0 0 0.115248 
node 1 2 1 3
node 2 1 1 1
node 3 1 1 1
node 4 1 0 2
node 9 1 0 0
gene 1 1 4 -3.05197 0 1 -3.05197 1
gene 1 2 4 -6.41126 0 2 -6.41126 1
gene 1 3 4 8 0 3 8 1
gene 1 2 9 5.88424 0 12 5.88424 1
gene 1 9 4 -4.77484 0 13 -4.77484 1
gene 3 3 9 -2.14967 0 27 -2.14967 1
gene 1 1 9 -0.0494677 0 107 -0.0494677 1
genomeend 0

/* Organism #1 Fitness: 8.99999 Error: 1 */
genomestart 1
trait 1 0.989666 0 0 0 0 0 0 0 
trait 2 0.230694 0.00141962 0 0.45253 0.0274106 0.454689 0 0 
trait 3 0.378873 0 0 0 0 0 0 0.115248 
node 1 2 1 3
node 2 1 1 1
node 3 1 1 1
node 4 1 0 2
node 9 1 0 0
gene 1 1 4 -2.21093 0 1 -2.21093 1
gene 1 2 4 -5.35963 0 2 -5.35963 1
gene 1 3 4 5.8895 0 3 5.8895 1
gene 1 2 9 7.92575 0 12 7.92575 1
gene 1 9 4 -5.39795 0 13 -5.39795 1
gene 3 3 9 -1.43109 0 27 -1.43109 1
gene 2 1 9 1.14301 0 107 1.14301 1
genomeend 1

/* Organism #2 Fitness: 6.93006 Error: 1.3675 */
genomestart 2
trait 1 0.1 0 0 0 0 0 0 0 
trait 2 0.230694 0.00141962 0 0.45253 0.0274106 0.454689 0 0 
trait 3 0.378873 0 0 0 0 0 0 0.115248 
node 1 2 1 3
node 2 1 1 1
node 3 1 1 1
node 4 1 0 2
node 9 1 0 0
gene 1 1 4 -3.32049 0 1 -3.32049 1
gene 1 2 4 -5.45118 0 2 -5.45118 1
gene 1 3 4 7.58846 0 3 7.58846 1
gene 1 2 9 4.22617 0 12 4.22617 1
gene 1 9 4 -4.1577 0 13 -4.1577 1
gene 3 3 9 1.75024 0 27 1.75024 1
gene 2 1 9 1.43171 0 107 1.43171 1
genomeend 2

/* Organism #3 Fitness: 4 Error: 2 */
genomestart 3
trait 1 0.1 0 0 0 0 0 0 0 
trait 2 0.230694 0.00141962 0 0.45253 0.0274106 0.454689 0 0 
trait 3 0.378873 0 0 0 0 0 0 0.115248 
node 1 2 1 3
node 2 1 1 1
node 3 1 1 1
node 4 1 0 2
node 9 1 0 0
gene 1 1 4 -5.72053 0 1 -5.72053 1
gene 1 2 4 -2.6569 0 2 -2.6569 1
gene 1 3 4 7.2214 0 3 7.2214 1
gene 1 2 9 6.4521 0 12 6.4521 1
gene 1 9 4 -7.70091 0 13 -7.70091 1
gene 3 3 9 0.746146 0 27 0.746146 1
gene 2 1 9 0.795736 0 107 0.795736 1
genomeend 3

/* Organism #4 Fitness: 9 Error: 1 */
genomestart 4
trait 1 0.1 0 0.443902 0 0 0.329617 0 0.59457 
trait 2 0.230694 0.00141962 0 0.45253 0.0274106 0.454689 0 0 
trait 3 0.378873 0 0 0 0 0 0 0.115248 
node 1 2 1 3
node 2 1 1 1
node 3 1 1 1
node 4 1 0 2
node 9 1 0 0
gene 1 1 4 -3.58902 0 1 -3.58902 1
gene 1 2 4 -4.03866 0 2 -4.03866 1
gene 1 3 4 7.8973 0 3 7.8973 1
gene 1 2 9 5.57838 0 12 5.57838 1
gene 1 9 4 -7.47754 0 13 -7.47754 1
gene 3 3 9 -0.0573971 0 27 -0.0573971 1
gene 2 1 9 -0.675396 0 107 -0.675396 1
genomeend 4

/* Organism #5 Fitness: 4 Error: 2 */
genomestart 5
trait 1 0.1 0 0 0 0 0 0 0 
trait 2 0.230694 0.00141962 0 0.45253 0.0274106 0.454689 0 0 
trait 3 0.378873 0 0 0 0 0 0 0.115248 
node 1 2 1 3
node 2 1 1 1
node 3 1 1 1
node 4 1 0 2
node 9 1 0 0
gene 1 1 4 -3.58902 0 1 -3.58902 1
gene 1 2 4 -4.9017 0 2 -4.9017 1
gene 1 3 4 5.53839 0 3 5.53839 1
gene 1 2 9 5.28407 0 12 5.28407 1
gene 1 9 4 -7.47754 0 13 -7.47754 1
gene 3 3 9 1.74716 0 27 1.74716 1
gene 2 1 9 0.458737 0 107 0.458737 1
genomeend 5

/* Organism #6 Fitness: 8.56724 Error: 1.07302 */
genomestart 6
trait 1 0.1 0 0 0 0 0 0 0 
trait 2 0.230694 0.00141962 0 0.45253 0.0274106 0.454689 0 0 
trait 3 0.378873 0 0.769544 0 0.088411 0 0 0 
node 1 2 1 3
node 2 1 1 1
node 3 1 1 1
node 4 1 0 2
node 9 1 0 0
gene 1 1 4 -5.59696 0 1 -5.59696 1
gene 1 2 4 -4.49696 0 2 -4.49696 1
gene 1 3 4 6.1921 0 3 6.1921 1
gene 1 2 9 4.08873 0 12 4.08873 1
gene 1 9 4 -6.25436 0 13 -6.25436 1
gene 3 3 9 0.532117 0 27 0.532117 1
gene 2 1 9 -1.41711 0 107 -1.41711 1
genomeend 6

/* Organism #7 Fitness: 9 Error: 1 */
genomestart 7
trait 1 0.1 0 0 0 0 0 0 0 
trait 2 0.230694 0.00141962 0 0.45253 0.0274106 0.454689 0 0 
trait 3 0.378873 0 0 0 0 0 0 0.115248 
node 1 2 1 3
node 2 1 1 1
node 3 1 1 1
node 4 1 0 2
node 9 1 0 0
gene 1 1 4 -3.05197 0 1 -3.05197 1
gene 1 2 4 -6.41126 0 2 -6.41126 1
gene 1 3 4 8 0 3 8 1
gene 1 2 9 5.88424 0 12 5.88424 1
gene 1 9 4 -4.77484 0 13 -4.77484 1
gene 3 3 9 -2.14967 0 27 -2.14967 1
gene 1 1 9 -0.0494677 0 107 -0.0494677 1
genomeend 7

/* Organism #8 Fitness: 8.9998 Error: 1.00003 */
genomestart 8
trait 1 0.1 0 0 0 0 0 0 0 
trait 2 0.230694 0.00141962 0 0.45253 0.0274106 0.454689 0 0 
trait 3 0.378873 0 0 0 0 0 0 0.115248 
node 1 2 1 3
node 2 1 1 1
node 3 1 1 1
node 4 1 0 2
node 9 1 0 0
node 88 1 0 0
gene 1 1 4 -3.58902 0 1 -3.58902 1
gene 1 2 4 -4.03866 0 2 -4.03866 0
gene 1 3 4 7.8973 0 3 7.8973 1
gene 1 2 9 5.57838 0 12 5.57838 1
gene 1 9 4 -7.47754 0 13 -7.47754 1
gene 3 3 9 -0.0573971 0 27 -0.0573971 1
gene 2 1 9 -0.675396 0 107 -0.675396 1
gene 1 2 88 1 0 287 0 1
gene 1 88 4 -4.03866 0 288 0 1
genomeend 8

/* Species #4 : (Size 11) (AF 7.44827) (Age 29)  */


/* Organism #9 Fitness: 9 Error: 1 */
genomestart 9
trait 1 0.1 0 0 0 0 0 0 0 
trait 2 0.2 0 0 0 0 0 0 0 
trait 3 0.3 0 0 0 0 0 0 0 
node 1 3 1 3
node 2 1 1 1
node 3 1 1 1
node 4 1 0 2
node 9 1 0 0
node 18 1 0 0
gene 1 1 4 5.1255 0 1 5.1255 1
gene 1 2 4 -4.14169 0 2 -4.14169 0
gene 3 3 4 -3.35755 0 3 -3.35755 0
gene 1 2 9 -2.53096 0 12 -2.53096 1
gene 1 9 4 -6.0726 0 13 -6.0726 1
gene 3 3 18 5.03211 0 33 5.03211 1
gene 3 18 4 -8 0 34 -8 1
gene 2 18 9 2.65266 0 90 2.65266 1
gene 2 2 18 -4.27343 0 166 -4.27343 1
genomeend 9

/* Organism #10 Fitness: 9 Error: 1 */
genomestart 10
trait 1 0.1 0 0 0 0 0 0 0 
trait 2 0.2 0 0 0 0 0 0 0 
trait 3 0.3 0 0 0 0 0 0 0 
node 1 3 1 3
node 2 1 1 1
node 3 1 1 1
node 4 1 0 2
node 9 1 0 0
node 18 1 0 0
gene 1 1 4 5.00579 0 1 5.00579 1
gene 1 2 4 -3.26591 0 2 -3.26591 0
gene 3 3 4 -3.25736 0 3 -3.25736 1
gene 1 2 9 -2.47583 0 12 -2.47583 1
gene 1 9 4 -7.0363 0 13 -7.0363 1
gene 3 3 18 4.83425 0 33 4.83425 1
gene 3 18 4 -6.23079 0 34 -6.23079 1
gene 2 18 9 2.86849 0 90 2.86849 1
gene 2 2 18 -2.52278 0 166 -2.52278 1
genomeend 10

/* Organism #11 Fitness: 8.93151 Error: 1.01144 */
genomestart 11
trait 1 0.1 0 0 0 0 0 0 0 
trait 2 0.2 0 0 0 0 0 0 0 
trait 3 0.3 0 0 0 0 0 0 0 
node 1 3 1 3
node 2 1 1 1
node 3 1 1 1
node 4 1 0 2
node 9 1 0 0
node 18 1 0 0
gene 1 1 4 6.54656 0 1 6.54656 1
gene 1 2 4 -5.33657 0 2 -5.33657 0
gene 3 3 4 -3.476 0 3 -3.476 0
gene 1 2 9 -2.98541 0 12 -2.98541 1
gene 1 9 4 -8 0 13 -8 1
gene 3 3 18 3.14254 0 33 3.14254 1
gene 3 18 4 -8 0 34 -8 1
gene 2 18 9 0.33019 0 90 0.33019 1
gene 2 2 18 -2.61247 0 166 -2.61247 1
genomeend 11

/* Organism #12 Fitness: 8.78224 Error: 1.03652 */
genomestart 12
trait 1 0.1 0 0 0 0 0 0 0 
trait 2 0.2 0 0 0 0 0 0 0 
trait 3 0.3 0 0 0 0 0 0 0 
node 1 3 1 3
node 2 1 1 1
node 3 1 1 1
node 4 1 0 2
node 9 1 0 0
node 18 1 0 0
gene 1 1 4 3.6551 0 1 3.6551 1
gene 1 2 4 -2.09953 0 2 -2.09953 0
gene 3 3 4 -5.26899 0 3 -5.26899 0
gene 1 2 9 0.020166 0 12 0.020166 1
gene 1 9 4 -5.69825 0 13 -5.69825 1
gene 3 3 18 4.67065 0 33 4.67065 1
gene 3 18 4 -8 0 34 -8 1
gene 2 18 9 0.940548 0 90 0.940548 1
gene 2 2 18 -3.11124 0 166 -3.11124 1
genomeend 12

/* Organism #13 Fitness: 9 Error: 1 */
genomestart 13
trait 1 0.1 0 0 0 0 0 0 0 
trait 2 0.2 0 0 0 0 0 0 0 
trait 3 0.3 0 0 0 0 0 0 0 
node 1 3 1 3
node 2 1 1 1
node 3 1 1 1
node 4 1 0 2
node 9 1 0 0
node 18 1 0 0
gene 1 1 4 5.1255 0 1 5.1255 1
gene 1 2 4 -4.14169 0 2 -4.14169 0
gene 3 3 4 -3.35755 0 3 -3.35755 0
gene 1 2 9 -2.53096 0 12 -2.53096 1
gene 1 9 4 -6.0726 0 13 -6.0726 1
gene 3 3 18 5.03211 0 33 5.03211 1
gene 3 18 4 -8 0 34 -8 1
gene 2 18 9 2.65266 0 90 2.65266 1
gene 2 2 18 -4.27343 0 166 -4.27343 1
gene 2 1 9 -0.507656 0 289 -0.507656 1
genomeend 13

/* Organism #14 Fitness: 7.21351 Error: 1.3142 */
genomestart 14
trait 1 0.1 0 0 0 0 0 0 0 
trait 2 0.2 0 0 0 0 0 0 0 
trait 3 0.3 0 0 0 0 0 0 0 
node 1 3 1 3
node 2 1 1 1
node 3 1 1 1
node 4 1 0 2
node 9 1 0 0
node 18 1 0 0
gene 1 1 4 5.91603 0 1 5.91603 1
gene 1 2 4 -2.75891 0 2 -2.75891 0
gene 3 3 4 -1.96086 0 3 -1.96086 0
gene 1 2 9 0.74939 0 12 0.74939 1
gene 1 9 4 -5.83029 0 13 -5.83029 1
gene 3 3 18 0.958162 0 33 0.958162 1
gene 3 18 4 -8 0 34 -8 1
gene 2 18 9 0.724349 0 90 0.724349 1
gene 2 2 18 -0.974839 0 166 -0.974839 1
genomeend 14

/* Organism #15 Fitness: 4.0025 Error: 1.99938 */
genomestart 15
trait 1 0.1 0 0 0 0 0 0 0 
trait 2 0.2 0 0 0 0 0 0 0 
trait 3 0.3 0 0 0 0 0 0 0 
node 1 3 1 3
node 2 1 1 1
node 3 1 1 1
node 4 1 0 2
node 9 1 0 0
node 18 1 0 0
gene 1 1 4 3.72909 0 1 3.72909 1
gene 1 2 4 -1.03044 0 2 -1.03044 0
gene 3 3 4 -5.00628 0 3 -5.00628 1
gene 1 2 9 -0.243995 0 12 -0.243995 1
gene 1 9 4 -1.61612 0 13 -1.61612 1
gene 3 3 18 5.18292 0 33 5.18292 1
gene 3 18 4 -3.84535 0 34 -3.84535 1
gene 2 18 9 -0.587436 0 90 -0.587436 1
gene 2 2 18 -0.772129 0 166 -0.772129 1
genomeend 15

/* Organism #16 Fitness: 9 Error: 1 */
genomestart 16
trait 1 0.1 0 0 0 0 0 0 0 
trait 2 0 0 0 0 0 0 0.315892 0 
trait 3 0.3 0 0 0 0 0 0 0 
node 1 3 1 3
node 2 1 1 1
node 3 1 1 1
node 4 1 0 2
node 9 1 0 0
node 18 1 0 0
gene 1 1 4 3.16048 0 1 3.16048 1
gene 1 2 4 -1.60703 0 2 -1.60703 0
gene 3 3 4 -3.60771 0 3 -3.60771 1
gene 1 2 9 -2.4207 0 12 -2.4207 1
gene 1 9 4 -8 0 13 -8 1
gene 3 3 18 3.80191 0 33 3.80191 1
gene 3 18 4 -2.03148 0 34 -2.03148 1
gene 2 18 9 3.82321 0 90 3.82321 1
gene 1 2 18 -1.59934 0 166 -1.59934 1
genomeend 16

/* Organism #17 Fitness: 9 Error: 1 */
genomestart 17
trait 1 0.1 0 0 0 0 0 0 0 
trait 2 0.2 0 0 0 0 0 0 0 
trait 3 0.3 0 0 0 0 0 0 0 
node 1 3 1 3
node 2 1 1 1
node 3 1 1 1
node 4 1 0 2
node 9 1 0 0
node 18 1 0 0
gene 1 1 4 4.88607 0 1 4.88607 1
gene 1 2 4 -4.14169 0 2 -4.14169 0
gene 3 3 4 -3.35755 0 3 -3.35755 0
gene 1 2 9 -2.4207 0 12 -2.4207 1
gene 1 9 4 -8 0 13 -8 1
gene 3 3 18 5.03211 0 33 5.03211 1
gene 3 18 4 -4.46157 0 34 -4.46157 1
gene 2 18 9 2.65266 0 90 2.65266 1
gene 2 2 18 -4.27343 0 166 -4.27343 1
genomeend 17

/* Organism #18 Fitness: 4 Error: 2 */
genomestart 18
trait 1 0.1 0 0 0 0 0 0 0 
trait 2 0.2 0 0 0 0 0 0 0 
trait 3 0.3 0 0 0 0 0 0 0 
node 1 3 1 3
node 2 1 1 1
node 3 1 1 1
node 4 1 0 2
node 9 1 0 0
node 18 1 0 0
gene 1 1 4 5.04446 0 1 5.04446 1
gene 1 2 4 -5.19824 0 2 -5.19824 0
gene 3 3 4 -1.90481 0 3 -1.90481 0
gene 1 2 9 -0.745356 0 12 -0.745356 1
gene 1 9 4 -8 0 13 -8 1
gene 3 3 18 4.67034 0 33 4.67034 1
gene 3 18 4 -7.32515 0 34 -7.32515 1
gene 2 18 9 3.21303 0 90 3.21303 1
gene 2 2 18 0.381808 0 166 0.381808 1
genomeend 18

/* Organism #19 Fitness: 4.0012 Error: 1.9997 */
genomestart 19
trait 1 0.0982322 0.0123984 0.0216603 0.00854053 0.0325688 0 0.0305103 0 
trait 2 0.2 0 0 0 0 0 0 0 
trait 3 0.3 0 0 0 0 0 0 0 
node 1 3 1 3
node 2 1 1 1
node 3 1 1 1
node 4 1 0 2
node 9 1 0 0
node 18 1 0 0
gene 1 1 4 5.82955 0 1 5.82955 1
gene 1 2 4 -1.66356 0 2 -1.66356 0
gene 3 3 4 6.33344 0 3 6.33344 0
gene 1 2 9 -2.35134 0 12 -2.35134 1
gene 1 9 4 -8 0 13 -8 1
gene 3 3 18 2.66217 0 33 2.66217 1
gene 3 18 4 -6.85049 0 34 -6.85049 1
gene 2 18 9 2.65266 0 90 2.65266 1
gene 2 2 18 0.283544 0 166 0.283544 1
genomeend 19

/* Species #5 : (Size 8) (AF 5.39951) (Age 28)  */


/* Organism #20 Fitness: 9 Error: 1 */
genomestart 20
trait 1 0.1 0 0 0 0 0 0 0 
trait 2 0 0 0 0.2945 0 0 0 0 
trait 3 0.3 0 0 0 0 0 0 0 
node 1 1 1 3
node 2 1 1 1
node 3 1 1 1
node 4 1 0 2
node 9 1 0 0
node 19 1 0 0
gene 1 1 4 2.19431 0 1 2.19431 1
gene 1 2 4 7.51669 0 2 7.51669 0
gene 3 3 4 -5.92118 0 3 -5.92118 1
gene 1 2 9 -4.15426 0 12 -4.15426 1
gene 1 9 4 8 0 13 8 1
gene 3 3 19 -1.53924 0 36 -1.53924 1
gene 2 19 4 6.01322 0 37 6.01322 1
gene 2 1 9 0.958543 0 154 0.958543 1
genomeend 20

/* Organism #21 Fitness: 4 Error: 2 */
genomestart 21
trait 1 0.1 0 0 0 0 0 0 0 
trait 2 0 0 0.0138393 0.2945 0 0 0 0 
trait 3 0.3 0 0 0 0 0 0 0 
node 1 1 1 3
node 2 1 1 1
node 3 1 1 1
node 4 1 0 2
node 9 1 0 0
node 19 1 0 0
gene 1 1 4 -0.0590911 0 1 -0.0590911 1
gene 1 2 4 5.94066 0 2 5.94066 0
gene 3 3 4 -5.08707 0 3 -5.08707 1
gene 1 2 9 -2.68201 0 12 -2.68201 1
gene 1 9 4 8 0 13 8 1
gene 3 3 19 -1.96813 0 36 -1.96813 1
gene 2 19 4 8 0 37 8 1
gene 2 1 9 -0.6342 0 154 -0.6342 1
genomeend 21

/* Organism #22 Fitness: 9 Error: 1 */
genomestart 22
trait 1 0.1 0 0 0 0 0 0 0 
trait 2 0 0 0 0.2945 0 0 0 0 
trait 3 1 0 0.396074 0 0 0 0 0 
node 1 1 1 3
node 2 1 1 1
node 3 1 1 1
node 4 1 0 2
node 9 1 0 0
node 19 1 0 0
gene 1 1 4 1.89779 0 1 1.89779 1
gene 1 2 4 7.61599 0 2 7.61599 0
gene 3 3 4 -5.62756 0 3 -5.62756 1
gene 1 2 9 -3.89649 0 12 -3.89649 1
gene 1 9 4 8 0 13 8 1
gene 3 3 19 -1.69498 0 36 -1.69498 1
gene 2 19 4 5.55739 0 37 5.55739 1
gene 2 1 9 1.41345 0 154 1.41345 1
genomeend 22

/* Organism #23 Fitness: 3.19647 Error: 2.21213 */
genomestart 23
trait 1 0.1 0 0 0 0 0 0 0 
trait 2 0 0 0 0.2945 0 0 0 0 
trait 3 0.3 0 0 0 0 0 0 0 
node 1 1 1 3
node 2 1 1 1
node 3 1 1 1
node 4 1 0 2
node 9 1 0 0
node 19 1 0 0
gene 1 1 4 0.259404 0 1 0.259404 1
gene 1 2 4 7.66368 0 2 7.66368 0
gene 3 3 4 2.22437 0 3 2.22437 1
gene 1 2 9 -1.8152 0 12 -1.8152 1
gene 1 9 4 8 0 13 8 1
gene 3 3 19 -2.38883 0 36 -2.38883 1
gene 2 19 4 -1.48763 0 37 -1.48763 1
gene 2 1 9 0.388046 0 154 0.388046 1
gene 1 2 19 -2.14016 0 276 -2.14016 1
genomeend 23

/* Organism #24 Fitness: 4 Error: 2 */
genomestart 24
trait 1 0.1 0 0 0 0 0 0 0 
trait 2 0 0 0 0.2945 0 0 0 0 
trait 3 0.3 0 0 0 0 0 0 0 
node 1 1 1 3
node 2 1 1 1
node 3 1 1 1
node 4 1 0 2
node 9 1 0 0
node 19 1 0 0
gene 1 1 4 3.06515 0 1 3.06515 1
gene 1 2 4 7.66822 0 2 7.66822 0
gene 3 3 4 -4.26814 0 3 -4.26814 1
gene 1 2 9 -2.24129 0 12 -2.24129 1
gene 1 9 4 8 0 13 8 1
gene 3 3 19 -0.659096 0 36 -0.659096 1
gene 2 19 4 4.54773 0 37 4.54773 1
gene 2 1 9 1.41713 0 154 1.41713 1
gene 1 2 19 1.21278 0 276 1.21278 1
genomeend 24

/* Organism #25 Fitness: 1.00002 Error: 2.99999 */
genomestart 25
trait 1 0.1 0 0 0 0 0 0 0 
trait 2 0 0 0 0.2945 0 0 0 0 
trait 3 0.3 0 0 0 0 0 0 0 
node 1 1 1 3
node 2 1 1 1
node 3 1 1 1
node 4 1 0 2
node 9 1 0 0
node 19 1 0 0
gene 1 1 4 -0.0343442 0 1 -0.0343442 1
gene 1 2 4 7.33046 0 2 7.33046 1
gene 3 3 4 -6.4128 0 3 -6.4128 1
gene 1 2 9 -4.03972 0 12 -4.03972 1
gene 1 9 4 6.68953 0 13 6.68953 1
gene 3 3 19 -0.705636 0 36 -0.705636 1
gene 2 19 4 3.51931 0 37 3.51931 1
gene 2 1 9 0.0787659 0 154 0.0787659 1
gene 1 2 19 0.811341 0 276 0.811341 1
genomeend 25

/* Organism #26 Fitness: 3.99959 Error: 2.0001 */
genomestart 26
trait 1 0.1 0 0 0 0 0 0 0 
trait 2 0 0 0 0.2945 0 0 0 0 
trait 3 0.3 0 0 0 0 0 0 0 
node 1 1 1 3
node 2 1 1 1
node 3 1 1 1
node 4 1 0 2
node 9 1 0 0
node 19 1 0 0
gene 1 1 4 -0.185195 0 1 -0.185195 1
gene 1 2 4 6.71198 0 2 6.71198 0
gene 3 3 4 -5.92118 0 3 -5.92118 1
gene 1 2 9 -2.65621 0 12 -2.65621 1
gene 1 9 4 8 0 13 8 1
gene 3 3 19 0.142911 0 36 0.142911 1
gene 2 19 4 3.97557 0 37 3.97557 1
gene 2 1 9 -0.318842 0 154 -0.318842 1
genomeend 26

/* Organism #27 Fitness: 9 Error: 1 */
genomestart 27
trait 1 0.1 0 0 0 0 0 0 0 
trait 2 0 0 0 0.2945 0 0 0 0 
trait 3 0.3 0 0 0 0 0 0 0 
node 1 1 1 3
node 2 1 1 1
node 3 1 1 1
node 4 1 0 2
node 9 1 0 0
node 19 1 0 0
gene 1 1 4 1.60127 0 1 1.60127 1
gene 1 2 4 7.71529 0 2 7.71529 0
gene 3 3 4 -5.92118 0 3 -5.92118 1
gene 1 2 9 -4.15426 0 12 -4.15426 1
gene 1 9 4 8 0 13 8 1
gene 3 3 19 -1.85072 0 36 -1.85072 1
gene 2 19 4 6.01322 0 37 6.01322 1
gene 2 1 9 1.86835 0 154 1.86835 1
genomeend 27

/* Species #7 : (Size 10) (AF 8.02748) (Age 25)  */


/* Organism #28 Fitness: 9 Error: 1 */
genomestart 28
trait 1 0.1 0 0 0 0 0 0 0 
trait 2 0.2 0.00263588 0 0 0.0410057 0.0374024 0 0 
trait 3 0.3 0 0 0 0 0 0 0 
node 1 2 1 3
node 2 1 1 1
node 3 1 1 1
node 4 2 0 2
node 9 1 0 0
node 29 1 0 0
gene 1 1 4 0.116364 0 1 0.116364 1
gene 1 2 4 -5.81716 0 2 -5.81716 1
gene 3 3 4 5.80863 0 3 5.80863 1
gene 2 2 9 3.70425 0 12 3.70425 1
gene 1 9 4 -1.33797 0 13 -1.33797 1
gene 3 3 9 -1.53195 0 27 -1.53195 1
gene 3 1 9 0.341214 0 53 0.341214 1
gene 1 9 29 7.25752 0 73 7.25752 1
gene 1 29 4 -3.49482 0 74 -3.49482 1
genomeend 28

/* Organism #29 Fitness: 8.99483 Error: 1.00086 */
genomestart 29
trait 1 0.1 0 0 0 0 0 0 0 
trait 2 0.2 0.00263588 0 0 0.0410057 0.0374024 0 0 
trait 3 0.3 0 0 0 0 0 0 0 
node 1 2 1 3
node 2 1 1 1
node 3 1 1 1
node 4 2 0 2
node 9 1 0 0
node 29 1 0 0
gene 1 1 4 -1.5488 0 1 -1.5488 1
gene 1 2 4 -6.57761 0 2 -6.57761 1
gene 3 3 4 5.50764 0 3 5.50764 1
gene 2 2 9 3.51708 0 12 3.51708 1
gene 1 9 4 -3.4767 0 13 -3.4767 1
gene 3 3 9 1.52248 0 27 1.52248 1
gene 3 1 9 1.13685 0 53 1.13685 1
gene 1 9 29 5.61722 0 73 5.61722 1
gene 1 29 4 0.950616 0 74 0.950616 1
genomeend 29

/* Organism #30 Fitness: 4 Error: 2 */
genomestart 30
trait 1 0.1 0 0 0 0 0 0 0 
trait 2 0.2 0.00263588 0 0 0.0410057 0.0374024 0 0 
trait 3 0.3 0 0 0 0 0 0 0 
node 1 2 1 3
node 2 1 1 1
node 3 1 1 1
node 4 2 0 2
node 9 1 0 0
node 29 1 0 0
gene 1 1 4 -0.493049 0 1 -0.493049 1
gene 1 2 4 -6.64916 0 2 -6.64916 1
gene 3 3 4 -2.19972 0 3 -2.19972 1
gene 2 2 9 3.85086 0 12 3.85086 1
gene 1 9 4 1.38563 0 13 1.38563 1
gene 3 3 9 -1.58299 0 27 -1.58299 1
gene 3 1 9 1.30697 0 53 1.30697 1
gene 1 9 29 7.97955 0 73 7.97955 1
gene 1 29 4 -5.50497 0 74 -5.50497 1
genomeend 30

/* Organism #31 Fitness: 9 Error: 1 */
genomestart 31
trait 1 0.1 0 0 0 0 0 0 0 
trait 2 0.2 0.00263588 0 0 0.0410057 0.0374024 0 0 
trait 3 0.3 0 0 0 0 0 0 0 
node 1 2 1 3
node 2 1 1 1
node 3 1 1 1
node 4 2 0 2
node 9 1 0 0
node 29 1 0 0
gene 1 1 4 0.409134 0 1 0.409134 1
gene 1 2 4 -5.66103 0 2 -5.66103 1
gene 3 3 4 5.20665 0 3 5.20665 1
gene 2 2 9 3.99747 0 12 3.99747 1
gene 1 9 4 -0.786896 0 13 -0.786896 1
gene 3 3 9 -2.68689 0 27 -2.68689 1
gene 3 1 9 0.867893 0 53 0.867893 1
gene 1 9 29 5.44311 0 73 5.44311 1
gene 1 29 4 -3.46739 0 74 -3.46739 1
genomeend 31

/* Organism #32 Fitness: 8.99576 Error: 1.00071 */
genomestart 32
trait 1 0.1 0 0 0 0 0 0 0 
trait 2 0.2 0.00263588 0 0 0.0410057 0.0374024 0 0 
trait 3 0.3 0 0 0 0 0 0 0 
node 1 2 1 3
node 2 1 1 1
node 3 1 1 1
node 4 2 0 2
node 9 1 0 0
node 29 1 0 0
gene 1 1 4 2.46627 0 1 2.46627 1
gene 1 2 4 -6.5 0 2 -6.5 1
gene 3 3 4 6.0707 0 3 6.0707 1
gene 2 2 9 5.73845 0 12 5.73845 1
gene 1 9 4 -0.851954 0 13 -0.851954 1
gene 3 3 9 -3.63229 0 27 -3.63229 1
gene 3 1 9 2.23869 0 53 2.23869 1
gene 1 9 29 8 0 73 8 1
gene 1 29 4 -3.11062 0 74 -3.11062 1
genomeend 32

/* Organism #33 Fitness: 8.99998 Error: 1 */
genomestart 33
trait 1 0.1 0 0 0 0 0 0 0 
trait 2 0.2 0.00263588 0 0 0.0410057 0.0374024 0 0 
trait 3 0.3 0 0 0 0 0 0 0 
node 1 2 1 3
node 2 1 1 1
node 3 1 1 1
node 4 2 0 2
node 9 1 0 0
node 29 1 0 0
gene 1 1 4 1.23023 0 1 1.23023 1
gene 1 2 4 -6.02621 0 2 -6.02621 1
gene 3 3 4 4.02288 0 3 4.02288 1
gene 2 2 9 2.96174 0 12 2.96174 1
gene 1 9 4 -0.277102 0 13 -0.277102 1
gene 3 3 9 -2.06129 0 27 -2.06129 1
gene 3 1 9 0.341214 0 53 0.341214 1
gene 1 9 29 5.64602 0 73 5.64602 1
gene 1 29 4 -5.35364 0 74 -5.35364 1
genomeend 33

/* Organism #34 Fitness: 9 Error: 1 */
genomestart 34
trait 1 0.1 0 0 0 0 0 0 0 
trait 2 0.2 0.00263588 0 0 0.0410057 0.0374024 0 0 
trait 3 0.3 0 0 0 0 0 0 0 
node 1 2 1 3
node 2 1 1 1
node 3 1 1 1
node 4 2 0 2
node 9 1 0 0
node 29 1 0 0
gene 1 1 4 0.116364 0 1 0.116364 1
gene 1 2 4 -5.81716 0 2 -5.81716 1
gene 3 3 4 5.80863 0 3 5.80863 1
gene 2 2 9 3.70425 0 12 3.70425 1
gene 1 9 4 -1.33797 0 13 -1.33797 1
gene 3 3 9 -1.53195 0 27 -1.53195 1
gene 3 1 9 0.341214 0 53 0.341214 1
gene 1 9 29 7.25752 0 73 7.25752 1
gene 1 29 4 -3.49482 0 74 -3.49482 1
genomeend 34

/* Organism #35 Fitness: 9 Error: 1 */
genomestart 35
trait 1 0.1 0 0 0 0 0 0 0 
trait 2 0.2 0.00263588 0 0 0.0410057 0.0374024 0 0 
trait 3 0.3 0 0 0 0 0 0 0 
node 1 2 1 3
node 2 1 1 1
node 3 1 1 1
node 4 2 0 2
node 9 1 0 0
node 29 1 0 0
gene 1 1 4 0.409134 0 1 0.409134 1
gene 1 2 4 -5.66103 0 2 -5.66103 1
gene 3 3 4 5.20665 0 3 5.20665 1
gene 2 2 9 3.99747 0 12 3.99747 1
gene 1 9 4 -0.786896 0 13 -0.786896 1
gene 3 3 9 -2.68689 0 27 -2.68689 1
gene 3 1 9 0.867893 0 53 0.867893 1
gene 1 9 29 5.44311 0 73 5.44311 1
gene 1 29 4 -3.46739 0 74 -3.46739 1
gene 1 2 29 -0.121258 0 290 -0.121258 1
genomeend 35

/* Organism #36 Fitness: 4.28667 Error: 1.92957 */
genomestart 36
trait 1 0.1 0 0 0 0 0 0 0 
trait 2 0.2 0.00263588 0 0 0.0410057 0.0374024 0 0 
trait 3 0.3 0 0 0 0 0 0 0 
node 1 2 1 3
node 2 1 1 1
node 3 1 1 1
node 4 2 0 2
node 9 1 0 0
node 29 1 0 0
gene 1 1 4 0.116364 0 1 0.116364 1
gene 1 2 4 -6.13294 0 2 -6.13294 1
gene 3 3 4 0.323566 0 3 0.323566 1
gene 2 2 9 0.0925144 0 12 0.0925144 1
gene 1 9 4 -1.33797 0 13 -1.33797 1
gene 3 3 9 -1.96017 0 27 -1.96017 1
gene 3 1 9 -0.796331 0 53 -0.796331 1
gene 1 9 29 6.0354 0 73 6.0354 1
gene 1 29 4 -1.90458 0 74 -1.90458 1
genomeend 36

/* Organism #37 Fitness: 8.99758 Error: 1.0004 */
genomestart 37
trait 1 0.1 0 0 0 0 0 0 0 
trait 2 0.2 0.00263588 0 0 0.0410057 0.0374024 0 0 
trait 3 0.3 0 0 0 0 0 0 0 
node 1 2 1 3
node 2 1 1 1
node 3 1 1 1
node 4 2 0 2
node 9 1 0 0
node 29 1 0 0
gene 1 1 4 -2.07493 0 1 -2.07493 1
gene 1 2 4 -4.20078 0 2 -4.20078 1
gene 3 3 4 8 0 3 8 1
gene 2 2 9 3.36878 0 12 3.36878 1
gene 1 9 4 -1.42561 0 13 -1.42561 1
gene 3 3 9 -3.2812 0 27 -3.2812 1
gene 3 1 9 1.74195 0 53 1.74195 1
gene 1 9 29 1.96403 0 73 1.96403 1
gene 1 29 4 -1.8858 0 74 -1.8858 1
genomeend 37

/* Species #8 : (Size 9) (AF 7.08325) (Age 23)  */


/* Organism #38 Fitness: 9 Error: 1 */
genomestart 38
trait 1 0.853949 0 0 0.0683242 1 0 0 0.521174 
trait 2 0.2 0 0 0 0 0 0 0 
trait 3 0.3 0 0 0 0 0 0 0 
node 1 3 1 3
node 2 1 1 1
node 3 3 1 1
node 4 3 0 2
node 8 2 0 0
node 32 1 0 0
gene 3 1 4 -5.75948 0 1 -5.75948 1
gene 3 2 4 -6.36336 0 2 -6.36336 1
gene 3 3 4 8 0 3 8 1
gene 3 3 8 3.20904 0 10 3.20904 1
gene 3 8 4 2.95699 0 11 2.95699 1
gene 1 2 8 -5.67863 0 67 -5.67863 1
gene 3 3 32 3.88499 0 86 3.88499 1
gene 3 32 8 0.664002 0 87 0.664002 1
gene 2 32 4 -1.2126 0 225 -1.2126 1
genomeend 38

/* Organism #39 Fitness: 4.74946 Error: 1.82067 */
genomestart 39
trait 1 0.853949 0 0 0.0683242 1 0 0 0.521174 
trait 2 0.2 0 0 0 0 0 0 0 
trait 3 0.3 0 0 0 0 0 0 0 
node 1 3 1 3
node 2 1 1 1
node 3 3 1 1
node 4 3 0 2
node 8 2 0 0
node 32 1 0 0
gene 3 1 4 -7.27381 0 1 -7.27381 1
gene 3 2 4 -7.37324 0 2 -7.37324 1
gene 3 3 4 5.77179 0 3 5.77179 1
gene 3 3 8 4.21646 0 10 4.21646 1
gene 3 8 4 0.234067 0 11 0.234067 1
gene 1 2 8 -6.57165 0 67 -6.57165 1
gene 3 3 32 2.30745 0 86 2.30745 1
gene 3 32 8 -1.72992 0 87 -1.72992 1
gene 2 32 4 0.9591 0 225 0.9591 1
genomeend 39

/* Organism #40 Fitness: 9 Error: 1 */
genomestart 40
trait 1 0.853949 0 0 0.0683242 1 0 0 0.521174 
trait 2 0.2 0 0 0 0 0 0 0 
trait 3 0.3 0 0 0 0 0 0 0 
node 1 3 1 3
node 2 1 1 1
node 3 3 1 1
node 4 3 0 2
node 8 2 0 0
node 32 1 0 0
gene 3 1 4 -5.75948 0 1 -5.75948 1
gene 3 2 4 -6.36336 0 2 -6.36336 1
gene 3 3 4 8 0 3 8 1
gene 3 3 8 3.20904 0 10 3.20904 1
gene 3 8 4 2.95699 0 11 2.95699 1
gene 1 2 8 -5.67863 0 67 -5.67863 1
gene 3 3 32 3.88499 0 86 3.88499 1
gene 3 32 8 0.664002 0 87 0.664002 1
gene 2 32 4 -1.2126 0 225 -1.2126 1
genomeend 40

/* Organism #41 Fitness: 8.99969 Error: 1.00005 */
genomestart 41
trait 1 0.853949 0 0 0.0683242 1 0 0 0.521174 
trait 2 0.2 0 0 0 0 0 0 0 
trait 3 0.3 0 0 0 0 0 0 0 
node 1 3 1 3
node 2 1 1 1
node 3 3 1 1
node 4 3 0 2
node 8 2 0 0
node 32 1 0 0
gene 3 1 4 -4.01749 0 1 -4.01749 1
gene 3 2 4 -8 0 2 -8 1
gene 3 3 4 6.26955 0 3 6.26955 1
gene 3 3 8 5.42856 0 10 5.42856 1
gene 3 8 4 1.94316 0 11 1.94316 1
gene 1 2 8 -7.57122 0 67 -7.57122 1
gene 3 3 32 3.30355 0 86 3.30355 1
gene 3 32 8 2.63245 0 87 2.63245 1
gene 2 32 4 0.149407 0 225 0.149407 1
gene 1 2 32 -0.443429 0 278 -0.443429 1
genomeend 41

/* Organism #42 Fitness: 9 Error: 1 */
genomestart 42
trait 1 0.853949 0 0 0.0683242 1 0 0 0.521174 
trait 2 0.2 0 0 0 0 0 0 0 
trait 3 0.3 0 0 0 0 0 0 0 
node 1 3 1 3
node 2 1 1 1
node 3 3 1 1
node 4 3 0 2
node 8 2 0 0
node 32 1 0 0
gene 3 1 4 -4.52226 0 1 -4.52226 1
gene 3 2 4 -5.65697 0 2 -5.65697 1
gene 3 3 4 8 0 3 8 1
gene 3 3 8 3.09053 0 10 3.09053 1
gene 3 8 4 3.34919 0 11 3.34919 1
gene 1 2 8 -4.72892 0 67 -4.72892 1
gene 3 3 32 1.7673 0 86 1.7673 1
gene 3 32 8 0.0632035 0 87 0.0632035 1
gene 3 32 4 -3.0999 0 225 -3.0999 1
gene 1 2 32 -0.34974 0 278 -0.34974 1
genomeend 42

/* Organism #43 Fitness: 1.00008 Error: 2.99996 */
genomestart 43
trait 1 0.853949 0 0 0.0683242 1 0 0 0.521174 
trait 2 0.2 0 0 0 0 0 0 0 
trait 3 0.3 0 0 0 0 0 0 0 
node 1 3 1 3
node 2 1 1 1
node 3 3 1 1
node 4 3 0 2
node 8 2 0 0
node 32 1 0 0
gene 3 1 4 0.526104 0 1 0.526104 1
gene 3 2 4 -8 0 2 -8 1
gene 3 3 4 7.28076 0 3 7.28076 1
gene 3 3 8 6.25129 0 10 6.25129 1
gene 3 8 4 1.40161 0 11 1.40161 1
gene 1 2 8 -4.89976 0 67 -4.89976 1
gene 3 3 32 2.76378 0 86 2.76378 1
gene 3 32 8 1.00761 0 87 1.00761 1
gene 2 32 4 0.941588 0 225 0.941588 1
genomeend 43

/* Organism #44 Fitness: 4.00001 Error: 2 */
genomestart 44
trait 1 0.853949 0 0 0.0683242 1 0 0 0.521174 
trait 2 0.2 0 0 0 0 0 0 0 
trait 3 0.3 0 0 0 0 0 0 0 
node 1 3 1 3
node 2 1 1 1
node 3 3 1 1
node 4 3 0 2
node 8 2 0 0
node 32 1 0 0
gene 3 1 4 -6.20515 0 1 -6.20515 1
gene 3 2 4 -4.01748 0 2 -4.01748 1
gene 3 3 4 7.29932 0 3 7.29932 1
gene 3 3 8 5.29063 0 10 5.29063 1
gene 3 8 4 -2.39812 0 11 -2.39812 1
gene 1 2 8 -4.74473 0 67 -4.74473 1
gene 3 3 32 4.97282 0 86 4.97282 1
gene 3 32 8 0.961146 0 87 0.961146 1
gene 2 32 4 -1.36843 0 225 -1.36843 1
genomeend 44

/* Organism #45 Fitness: 9 Error: 1 */
genomestart 45
trait 1 0.853949 0 0 0.0683242 1 0 0 0.521174 
trait 2 0.2 0 0 0 0 0 0 0 
trait 3 0 0 0.0374495 0.287535 0.196193 0 0 0 
node 1 3 1 3
node 2 1 1 1
node 3 3 1 1
node 4 3 0 2
node 8 2 0 0
node 32 1 0 0
gene 3 1 4 -6.55866 0 1 -6.55866 1
gene 3 2 4 -5.36973 0 2 -5.36973 1
gene 3 3 4 6.1619 0 3 6.1619 1
gene 3 3 8 6.82545 0 10 6.82545 1
gene 3 8 4 2.98859 0 11 2.98859 1
gene 1 2 8 -6.2646 0 67 -6.2646 1
gene 3 3 32 5.05542 0 86 5.05542 1
gene 3 32 8 -0.605814 0 87 -0.605814 1
gene 2 32 4 0.972598 0 225 0.972598 1
genomeend 45

/* Organism #46 Fitness: 8.99999 Error: 1 */
genomestart 46
trait 1 0.853949 0 0 0.0683242 1 0 0 0.521174 
trait 2 0.2 0 0 0 0 0 0 0 
trait 3 0.3 0 0 0 0 0 0 0 
node 1 3 1 3
node 2 1 1 1
node 3 3 1 1
node 4 3 0 2
node 8 2 0 0
node 32 1 0 0
gene 3 1 4 -7.66895 0 1 -7.66895 1
gene 3 2 4 -5.90514 0 2 -5.90514 1
gene 3 3 4 8 0 3 8 1
gene 3 3 8 1.0128 0 10 1.0128 1
gene 3 8 4 4.96872 0 11 4.96872 1
gene 1 2 8 -5.37967 0 67 -5.37967 1
gene 3 3 32 5.29863 0 86 5.29863 1
gene 3 32 8 1.423 0 87 1.423 1
gene 2 32 4 0.374325 0 225 0.374325 1
genomeend 46

/* Species #9 : (Size 7) (AF 6.57738) (Age 23)  */


/* Organism #47 Fitness: 8.99998 Error: 1 */
genomestart 47
trait 1 0.1 0 0 0 0 0 0 0 
trait 2 0.2 0 0 0 0 0 0 0 
trait 3 0.3 0 0 0 0 0 0 0 
node 1 1 1 3
node 2 1 1 1
node 3 1 1 1
node 4 1 0 2
node 9 1 0 0
node 19 1 0 0
node 30 1 0 0
node 72 1 0 0
gene 1 1 4 -8 0 1 -8 1
gene 1 2 4 -2.65445 0 2 -2.65445 0
gene 3 3 4 3.59702 0 3 3.59702 1
gene 1 2 9 -1.11485 0 12 -1.11485 1
gene 1 9 4 8 0 13 8 1
gene 3 3 19 5.00912 0 36 5.00912 1
gene 3 19 4 5.61462 0 37 5.61462 1
gene 1 9 30 -0.157919 0 77 -0.157919 1
gene 1 30 4 -2.38525 0 78 -2.38525 1
gene 1 2 72 1 0 217 0 1
gene 1 72 4 -2.65445 0 218 0 1
genomeend 47

/* Organism #48 Fitness: 8.99998 Error: 1 */
genomestart 48
trait 1 0.1 0 0 0 0 0 0 0 
trait 2 0.2 0 0 0 0 0 0 0 
trait 3 0.3 0 0 0 0 0 0 0 
node 1 1 1 3
node 2 1 1 1
node 3 1 1 1
node 4 1 0 2
node 9 1 0 0
node 19 1 0 0
node 30 1 0 0
node 72 1 0 0
gene 1 1 4 -8 0 1 -8 1
gene 1 2 4 -3.92078 0 2 -3.92078 0
gene 3 3 4 3.59702 0 3 3.59702 1
gene 1 2 9 -1.11485 0 12 -1.11485 1
gene 1 9 4 8 0 13 8 1
gene 3 3 19 5.00912 0 36 5.00912 1
gene 3 19 4 5.61462 0 37 5.61462 1
gene 1 9 30 -0.0589092 0 77 -0.0589092 1
gene 1 30 4 -2.38525 0 78 -2.38525 1
gene 1 2 72 1 0 217 0 1
gene 1 72 4 -2.65445 0 218 0 1
genomeend 48

/* Organism #49 Fitness: 9 Error: 1 */
genomestart 49
trait 1 0.1 0 0 0 0 0 0 0 
trait 2 0.2 0 0 0 0 0 0 0 
trait 3 0.3 0 0 0 0 0 0 0 
node 1 1 1 3
node 2 1 1 1
node 3 1 1 1
node 4 1 0 2
node 9 1 0 0
node 19 1 0 0
node 30 1 0 0
node 72 1 0 0
gene 1 1 4 -8 0 1 -8 1
gene 1 2 4 -3.28762 0 2 -3.28762 1
gene 3 3 4 3.59702 0 3 3.59702 1
gene 1 2 9 -1.43395 0 12 -1.43395 1
gene 1 9 4 8 0 13 8 1
gene 3 3 19 5.00912 0 36 5.00912 1
gene 3 19 4 5.61462 0 37 5.61462 1
gene 1 9 30 -0.108414 0 77 -0.108414 1
gene 1 30 4 -2.38525 0 78 -2.38525 1
gene 1 2 72 1 0 217 0 1
gene 1 72 4 -2.65445 0 218 0 1
genomeend 49

/* Organism #50 Fitness: 4 Error: 2 */
genomestart 50
trait 1 0.1 0 0 0 0 0 0 0 
trait 2 0 0 0 0 0.915757 0 0 0 
trait 3 0.3 0 0 0 0 0 0 0 
node 1 1 1 3
node 2 1 1 1
node 3 1 1 1
node 4 1 0 2
node 9 1 0 0
node 19 1 0 0
node 30 1 0 0
node 72 1 0 0
gene 1 1 4 -6.26392 0 1 -6.26392 1
gene 1 2 4 -3.65855 0 2 -3.65855 0
gene 3 3 4 -1.38119 0 3 -1.38119 1
gene 1 2 9 -1.43395 0 12 -1.43395 1
gene 1 9 4 6.69278 0 13 6.69278 1
gene 3 3 19 5.00912 0 36 5.00912 1
gene 3 19 4 -2.42697 0 37 -2.42697 1
gene 1 9 30 1.39978 0 77 1.39978 1
gene 1 30 4 -0.437346 0 78 -0.437346 1
gene 1 2 72 -1.3037 0 217 -1.3037 1
gene 1 72 4 1.76154 0 218 1.76154 1
genomeend 50

/* Organism #51 Fitness: 8.99998 Error: 1 */
genomestart 51
trait 1 0.1 0 0 0 0 0 0 0 
trait 2 0.2 0 0 0 0 0 0 0 
trait 3 0.3 0 0 0 0 0 0 0 
node 1 1 1 3
node 2 1 1 1
node 3 1 1 1
node 4 1 0 2
node 9 1 0 0
node 19 1 0 0
node 30 1 0 0
node 72 1 0 0
gene 1 1 4 -8 0 1 -8 1
gene 1 2 4 -2.65445 0 2 -2.65445 0
gene 3 3 4 3.59702 0 3 3.59702 1
gene 1 2 9 -1.11485 0 12 -1.11485 1
gene 1 9 4 8 0 13 8 1
gene 3 3 19 5.00912 0 36 5.00912 1
gene 3 19 4 5.61462 0 37 5.61462 1
gene 1 9 30 -0.157919 0 77 -0.157919 1
gene 1 30 4 -2.38525 0 78 -2.38525 1
gene 1 2 72 1 0 217 0 1
gene 1 72 4 -2.65445 0 218 0 1
genomeend 51

/* Organism #52 Fitness: 1.97293 Error: 2.59539 */
genomestart 52
trait 1 0.1 0 0 0 0 0 0 0 
trait 2 0.2 0 0 0 0 0 0 0 
trait 3 0.3 0 0 0 0 0 0 0 
node 1 1 1 3
node 2 1 1 1
node 3 1 1 1
node 4 1 0 2
node 9 1 0 0
node 19 1 0 0
node 30 1 0 0
node 72 1 0 0
gene 1 1 4 -6.03701 0 1 -6.03701 1
gene 1 2 4 -4.87182 0 2 -4.87182 0
gene 3 3 4 2.70055 0 3 2.70055 1
gene 1 2 9 0.169183 0 12 0.169183 1
gene 1 9 4 8 0 13 8 1
gene 3 3 19 -2.00131 0 36 -2.00131 1
gene 3 19 4 7.55412 0 37 7.55412 1
gene 1 9 30 -1.20874 0 77 -1.20874 1
gene 1 30 4 -2.38525 0 78 -2.38525 1
gene 1 2 72 -0.520504 0 217 -0.520504 1
gene 1 72 4 -3.07893 0 218 -3.07893 1
genomeend 52

/* Organism #53 Fitness: 4.06881 Error: 1.98287 */
genomestart 53
trait 1 0.1 0 0 0 0 0 0 0 
trait 2 0.2 0 0 0 0 0 0 0 
trait 3 0.3 0 0 0 0 0 0 0 
node 1 1 1 3
node 2 1 1 1
node 3 1 1 1
node 4 1 0 2
node 9 1 0 0
node 19 1 0 0
node 30 1 0 0
node 72 1 0 0
gene 1 1 4 -7.18043 0 1 -7.18043 1
gene 1 2 4 -0.342168 0 2 -0.342168 0
gene 3 3 4 5.95466 0 3 5.95466 1
gene 1 2 9 1.20909 0 12 1.20909 1
gene 1 9 4 6.4284 0 13 6.4284 1
gene 3 3 19 6.21957 0 36 6.21957 1
gene 3 19 4 5.73553 0 37 5.73553 1
gene 1 9 30 -0.492212 0 77 -0.492212 1
gene 1 30 4 -3.49671 0 78 -3.49671 1
gene 1 2 72 1 0 217 1 1
gene 1 72 4 -2.65445 0 218 -2.65445 1
genomeend 53

/* Species #10 : (Size 8) (AF 6.67552) (Age 22)  */


/* Organism #54 Fitness: 9 Error: 1 */
genomestart 54
trait 1 0.247145 0.054724 0.110901 0 0 0 0.257091 0 
trait 2 0.2 0 0 0 0 0 0 0 
trait 3 0.3 0 0 0 0 0 0 0 
node 1 3 1 3
node 2 1 1 1
node 3 3 1 1
node 4 3 0 2
node 8 1 0 0
node 19 1 0 0
node 32 1 0 0
gene 1 1 4 -4.77412 0 1 -4.77412 1
gene 3 2 4 -6.86797 0 2 -6.86797 1
gene 3 3 4 -2.45528 0 3 -2.45528 0
gene 3 3 8 -0.896604 0 10 -0.896604 0
gene 2 8 4 7.70619 0 11 7.70619 1
gene 3 3 19 -4.22575 0 36 -4.22575 1
gene 3 19 4 0.212145 0 37 0.212145 1
gene 3 19 8 -5.87124 0 64 -5.87124 1
gene 1 3 32 2.15754 0 86 2.15754 1
gene 3 32 8 3.15893 0 87 3.15893 1
genomeend 54

/* Organism #55 Fitness: 4.00004 Error: 1.99999 */
genomestart 55
trait 1 0.247145 0.054724 0.110901 0 0 0 0.257091 0 
trait 2 0.2 0 0 0 0 0 0 0 
trait 3 0.3 0 0 0 0 0 0 0 
node 1 3 1 3
node 2 1 1 1
node 3 3 1 1
node 4 3 0 2
node 8 1 0 0
node 19 1 0 0
node 32 1 0 0
gene 1 1 4 -4.64557 0 1 -4.64557 1
gene 3 2 4 -8 0 2 -8 1
gene 3 3 4 -2.21435 0 3 -2.21435 0
gene 3 3 8 0.627399 0 10 0.627399 0
gene 3 8 4 7.41238 0 11 7.41238 1
gene 3 3 19 -4.19455 0 36 -4.19455 1
gene 3 19 4 0.212145 0 37 0.212145 1
gene 3 19 8 -5.87124 0 64 -5.87124 1
gene 1 3 32 -0.229005 0 86 -0.229005 1
gene 3 32 8 6.88322 0 87 6.88322 1
genomeend 55

/* Organism #56 Fitness: 5.40564 Error: 1.675 */
genomestart 56
trait 1 0.247145 0.054724 0.110901 0 0 0 0.257091 0 
trait 2 0.2 0 0 0 0 0 0 0 
trait 3 0.3 0 0 0 0 0 0 0 
node 1 3 1 3
node 2 1 1 1
node 3 3 1 1
node 4 3 0 2
node 8 1 0 0
node 19 1 0 0
node 32 1 0 0
gene 1 1 4 -5.51065 0 1 -5.51065 1
gene 3 2 4 -4.56136 0 2 -4.56136 1
gene 3 3 4 -2.07308 0 3 -2.07308 0
gene 3 3 8 -0.418479 0 10 -0.418479 0
gene 3 8 4 5.36192 0 11 5.36192 1
gene 3 3 19 -1.92327 0 36 -1.92327 1
gene 3 19 4 4.00942 0 37 4.00942 1
gene 3 19 8 -8 0 64 -8 1
gene 1 3 32 0.448803 0 86 0.448803 1
gene 2 32 8 4.67429 0 87 4.67429 1
genomeend 56

/* Organism #57 Fitness: 4.00416 Error: 1.99896 */
genomestart 57
trait 1 0.247145 0.054724 0.110901 0 0 0 0.257091 0 
trait 2 0.2 0 0 0 0 0 0 0 
trait 3 0.3 0 0 0 0 0 0 0 
node 1 3 1 3
node 2 1 1 1
node 3 3 1 1
node 4 3 0 2
node 8 1 0 0
node 19 1 0 0
node 32 1 0 0
gene 1 1 4 -2.3029 0 1 -2.3029 1
gene 3 2 4 -7.32182 0 2 -7.32182 1
gene 3 3 4 -4.4919 0 3 -4.4919 0
gene 3 3 8 1.66068 0 10 1.66068 0
gene 2 8 4 8 0 11 8 1
gene 3 3 19 -4.007 0 36 -4.007 1
gene 3 19 4 0.598268 0 37 0.598268 1
gene 3 19 8 -5.02222 0 64 -5.02222 1
gene 1 3 32 -2.48764 0 86 -2.48764 1
gene 3 32 8 7.32004 0 87 7.32004 1
genomeend 57

/* Organism #58 Fitness: 3.99956 Error: 2.00011 */
genomestart 58
trait 1 0.247145 0.054724 0.110901 0 0 0 0.257091 0 
trait 2 0.2 0 0 0 0 0 0 0 
trait 3 0.3 0 0 0 0 0 0 0 
node 1 3 1 3
node 2 1 1 1
node 3 2 1 1
node 4 3 0 2
node 8 1 0 0
node 19 1 0 0
node 32 1 0 0
gene 1 1 4 2.06101 0 1 2.06101 1
gene 3 2 4 -8 0 2 -8 1
gene 3 3 4 -0.0405081 0 3 -0.0405081 1
gene 3 3 8 -0.186314 0 10 -0.186314 0
gene 3 8 4 8 0 11 8 1
gene 3 3 19 -4.19455 0 36 -4.19455 1
gene 3 19 4 1.38374 0 37 1.38374 1
gene 3 19 8 -8 0 64 -8 1
gene 1 3 32 -1.18348 0 86 -1.18348 1
gene 3 32 8 4.49227 0 87 4.49227 1
genomeend 58

/* Organism #59 Fitness: 8.99474 Error: 1.00088 */
genomestart 59
trait 1 0.247145 0.054724 0.110901 0 0 0 0.257091 0 
trait 2 0.2 0 0 0 0 0 0 0 
trait 3 0.3 0 0 0 0 0 0 0 
node 1 3 1 3
node 2 1 1 1
node 3 3 1 1
node 4 3 0 2
node 8 1 0 0
node 19 1 0 0
node 32 1 0 0
gene 1 1 4 -5.25342 0 1 -5.25342 1
gene 3 2 4 -5.98835 0 2 -5.98835 1
gene 3 3 4 -1.29472 0 3 -1.29472 0
gene 3 3 8 0.360128 0 10 0.360128 0
gene 2 8 4 6.68304 0 11 6.68304 1
gene 3 3 19 -2.48505 0 36 -2.48505 1
gene 3 19 4 1.4904 0 37 1.4904 1
gene 3 19 8 -6.18904 0 64 -6.18904 1
gene 1 3 32 0.786021 0 86 0.786021 1
gene 3 32 8 2.25114 0 87 2.25114 1
genomeend 59

/* Organism #60 Fitness: 8.99999 Error: 1 */
genomestart 60
trait 1 0.247145 0.054724 0.110901 0 0 0 0.257091 0 
trait 2 0.2 0 0 0 0 0 0 0 
trait 3 0.3 0 0 0 0 0 0 0 
node 1 3 1 3
node 2 1 1 1
node 3 2 1 1
node 4 3 0 2
node 8 1 0 0
node 19 1 0 0
node 32 1 0 0
gene 1 1 4 -4.77412 0 1 -4.77412 1
gene 3 2 4 -8 0 2 -8 1
gene 3 3 4 -2.45528 0 3 -2.45528 0
gene 3 3 8 0.627399 0 10 0.627399 0
gene 3 8 4 7.41238 0 11 7.41238 1
gene 3 3 19 -4.22575 0 36 -4.22575 1
gene 3 19 4 2.17535 0 37 2.17535 1
gene 3 19 8 -8 0 64 -8 1
gene 1 3 32 -0.229005 0 86 -0.229005 1
gene 3 32 8 6.88322 0 87 6.88322 1
genomeend 60

/* Organism #61 Fitness: 8.99999 Error: 1 */
genomestart 61
trait 1 0.247145 0.054724 0.110901 0 0 0 0.257091 0 
trait 2 0.2 0 0 0 0 0 0 0 
trait 3 0.3 0 0 0 0 0 0 0 
node 1 3 1 3
node 2 1 1 1
node 3 3 1 1
node 4 3 0 2
node 8 1 0 0
node 19 1 0 0
node 32 1 0 0
gene 1 1 4 -4.97527 0 1 -4.97527 1
gene 3 2 4 -5.9587 0 2 -5.9587 1
gene 3 3 4 -0.063311 0 3 -0.063311 0
gene 3 3 8 0.61188 0 10 0.61188 0
gene 2 8 4 7.88814 0 11 7.88814 1
gene 3 3 19 -4.29812 0 36 -4.29812 1
gene 3 19 4 3.57988 0 37 3.57988 1
gene 3 19 8 -5.89334 0 64 -5.89334 1
gene 1 3 32 3.26854 0 86 3.26854 1
gene 3 32 8 2.50663 0 87 2.50663 1
genomeend 61

/* Species #11 : (Size 8) (AF 7.67513) (Age 21)  */


/* Organism #62 Fitness: 9 Error: 1 */
genomestart 62
trait 1 0.0953671 0.0324924 0.0519848 0.0341621 0.130275 0 0.122041 0 
trait 2 0.2 0 0 0 0 0 0 0 
trait 3 0.3 0 0 0 0 0 0 0 
node 1 3 1 3
node 2 1 1 1
node 3 3 1 1
node 4 3 0 2
node 8 1 0 0
gene 3 1 4 -4.8042 0 1 -4.8042 1
gene 3 2 4 4.13065 0 2 4.13065 1
gene 3 3 4 4.11642 0 3 4.11642 1
gene 3 3 8 2.40069 0 10 2.40069 1
gene 3 8 4 6.4054 0 11 6.4054 1
gene 2 1 8 -0.661463 0 40 -0.661463 1
gene 3 2 8 2.81979 0 85 2.81979 1
genomeend 62

/* Organism #63 Fitness: 8.4265 Error: 1.09716 */
genomestart 63
trait 1 0.0953671 0.0580432 0.548102 0.923186 0 0 0.122041 0 
trait 2 0.2 0 0 0 0 0 0 0 
trait 3 0.3 0 0 0 0 0 0 0 
node 1 3 1 3
node 2 3 1 1
node 3 3 1 1
node 4 3 0 2
node 8 1 0 0
gene 3 1 4 -5.10369 0 1 -5.10369 1
gene 3 2 4 5.30243 0 2 5.30243 1
gene 3 3 4 5.71263 0 3 5.71263 1
gene 3 3 8 1.77489 0 10 1.77489 1
gene 3 8 4 6.0536 0 11 6.0536 1
gene 2 1 8 -2.83289 0 40 -2.83289 1
gene 3 2 8 2.27991 0 85 2.27991 1
genomeend 63

/* Organism #64 Fitness: 8.99995 Error: 1.00001 */
genomestart 64
trait 1 0.0953671 0.0580432 0.548102 0.923186 0 0 0.122041 0 
trait 2 0.2 0 0 0 0 0 0 0 
trait 3 0.3 0 0 0 0 0 0 0 
node 1 3 1 3
node 2 3 1 1
node 3 3 1 1
node 4 3 0 2
node 8 1 0 0
gene 3 1 4 -7.06322 0 1 -7.06322 1
gene 3 2 4 6.41182 0 2 6.41182 1
gene 3 3 4 5.03359 0 3 5.03359 1
gene 3 3 8 3.82484 0 10 3.82484 1
gene 3 8 4 6.46665 0 11 6.46665 1
gene 2 1 8 0.19692 0 40 0.19692 1
gene 3 2 8 4.43228 0 85 4.43228 1
genomeend 64

/* Organism #65 Fitness: 9 Error: 1 */
genomestart 65
trait 1 0.0953671 0.0324924 0.0519848 0.0341621 0.130275 0 0.122041 0 
trait 2 0.2 0 0 0 0 0 0 0 
trait 3 0.3 0 0 0 0 0 0 0 
node 1 3 1 3
node 2 1 1 1
node 3 3 1 1
node 4 3 0 2
node 8 1 0 0
gene 3 1 4 -4.8042 0 1 -4.8042 1
gene 3 2 4 4.13065 0 2 4.13065 1
gene 3 3 4 4.11642 0 3 4.11642 1
gene 3 3 8 2.40069 0 10 2.40069 1
gene 3 8 4 6.4054 0 11 6.4054 1
gene 2 1 8 -0.661463 0 40 -0.661463 1
gene 3 2 8 2.81979 0 85 2.81979 1
genomeend 65

/* Organism #66 Fitness: 4.01266 Error: 1.99684 */
genomestart 66
trait 1 0.0953671 0.0580432 0.548102 0.923186 0 0 0.122041 0 
trait 2 0.2 0 0 0 0 0 0 0 
trait 3 0.3 0 0 0 0 0 0 0 
node 1 3 1 3
node 2 3 1 1
node 3 3 1 1
node 4 3 0 2
node 8 1 0 0
gene 3 1 4 -5.14956 0 1 -5.14956 1
gene 3 2 4 6.16162 0 2 6.16162 1
gene 3 3 4 4.07967 0 3 4.07967 1
gene 3 3 8 1.66567 0 10 1.66567 1
gene 3 8 4 7.44108 0 11 7.44108 1
gene 2 1 8 -2.96372 0 40 -2.96372 1
gene 3 2 8 2.25703 0 85 2.25703 1
genomeend 66

/* Organism #67 Fitness: 8.96193 Error: 1.00635 */
genomestart 67
trait 1 0.0953671 0.0580432 0.548102 0.923186 0 0 0.122041 0 
trait 2 0.2 0 0 0 0 0 0 0 
trait 3 0.3 0 0 0 0 0 0 0 
node 1 3 1 3
node 2 3 1 1
node 3 3 1 1
node 4 3 0 2
node 8 1 0 0
gene 3 1 4 -3.11985 0 1 -3.11985 1
gene 3 2 4 4.08159 0 2 4.08159 1
gene 3 3 4 1.40842 0 3 1.40842 1
gene 3 3 8 4.06574 0 10 4.06574 1
gene 3 8 4 6.4054 0 11 6.4054 1
gene 2 1 8 -3.09093 0 40 -3.09093 1
gene 3 2 8 2.15873 0 85 2.15873 1
genomeend 67

/* Organism #68 Fitness: 4 Error: 2 */
genomestart 68
trait 1 0.0953671 0.0324924 0.0519848 0.0341621 0.130275 0 0.122041 0 
trait 2 0.2 0 0 0 0 0 0 0 
trait 3 0.3 0 0 0 0 0 0 0 
node 1 3 1 3
node 2 1 1 1
node 3 3 1 1
node 4 3 0 2
node 8 1 0 0
gene 3 1 4 -2.39208 0 1 -2.39208 1
gene 3 2 4 -0.077272 0 2 -0.077272 1
gene 3 3 4 2.20895 0 3 2.20895 1
gene 3 3 8 0.358916 0 10 0.358916 1
gene 3 8 4 6.4054 0 11 6.4054 1
gene 2 1 8 0.783977 0 40 0.783977 1
gene 3 2 8 2.81979 0 85 2.81979 1
genomeend 68

/* Organism #69 Fitness: 9 Error: 1 */
genomestart 69
trait 1 0.0953671 0.0452678 0.300043 0.478674 0.0651376 0 0.122041 0 
trait 2 0.2 0 0 0 0 0 0 0 
trait 3 0.3 0 0 0 0 0 0 0 
node 1 3 1 3
node 2 3 1 1
node 3 3 1 1
node 4 3 0 2
node 8 1 0 0
gene 3 1 4 -5.25419 0 1 -5.25419 1
gene 3 2 4 4.13065 0 2 4.13065 1
gene 3 3 4 4.11642 0 3 4.11642 1
gene 3 3 8 2.40069 0 10 2.40069 1
gene 3 8 4 6.4054 0 11 6.4054 1
gene 2 1 8 -0.661463 0 40 -0.661463 1
gene 3 2 8 2.81979 0 85 2.81979 1
genomeend 69

/* Species #12 : (Size 8) (AF 7.88478) (Age 21)  */


/* Organism #70 Fitness: 9 Error: 1 */
genomestart 70
trait 1 0.0963424 0.0256519 0.0450535 0.0170811 0.0651376 0 0.0610207 0 
trait 2 0.2 0 0 0 0 0 0 0 
trait 3 0.3 0 0 0 0 0 0 0 
node 1 3 1 3
node 2 1 1 1
node 3 3 1 1
node 4 3 0 2
node 8 1 0 0
node 35 1 0 0
gene 3 1 4 -5.11185 0 1 -5.11185 1
gene 3 2 4 -8 0 2 -8 1
gene 3 3 4 6.53538 0 3 6.53538 1
gene 2 3 8 5.82992 0 10 5.82992 1
gene 3 8 4 2.71165 0 11 2.71165 0
gene 2 1 8 -2.33237 0 40 -2.33237 1
gene 3 8 35 1.50791 0 95 1.50791 1
gene 3 35 4 3.30375 0 96 3.30375 1
gene 2 1 35 -1.26836 0 149 -1.26836 1
gene 1 2 8 -0.315336 0 279 -0.315336 1
genomeend 70

/* Organism #71 Fitness: 8.99967 Error: 1.00005 */
genomestart 71
trait 1 0.0963424 0.0256519 0.0450535 0.0170811 0.0651376 0 0.0610207 0 
trait 2 0.2 0 0 0 0 0 0 0 
trait 3 0.3 0 0 0 0 0 0 0 
node 1 3 1 3
node 2 1 1 1
node 3 3 1 1
node 4 3 0 2
node 8 3 0 0
node 35 1 0 0
gene 3 1 4 -5.81566 0 1 -5.81566 1
gene 3 2 4 -8 0 2 -8 1
gene 3 3 4 6.53538 0 3 6.53538 1
gene 2 3 8 5.82992 0 10 5.82992 1
gene 3 8 4 2.71165 0 11 2.71165 0
gene 2 1 8 -0.698507 0 40 -0.698507 1
gene 3 8 35 0.0011731 0 95 0.0011731 1
gene 3 35 4 1.32925 0 96 1.32925 1
gene 2 1 35 -0.695612 0 149 -0.695612 1
gene 1 3 35 1.32836 0 280 1.32836 1
genomeend 71

/* Organism #72 Fitness: 8.99752 Error: 1.00041 */
genomestart 72
trait 1 0.0963424 0.0256519 0.0450535 0.0170811 0.0651376 0 0.0610207 0 
trait 2 0.2 0 0 0 0 0 0 0 
trait 3 0.3 0 0 0 0 0 0 0 
node 1 3 1 3
node 2 1 1 1
node 3 3 1 1
node 4 3 0 2
node 8 1 0 0
node 35 1 0 0
gene 3 1 4 -1.58467 0 1 -1.58467 1
gene 3 2 4 -7.44476 0 2 -7.44476 1
gene 3 3 4 6.53538 0 3 6.53538 1
gene 2 3 8 0.847171 0 10 0.847171 1
gene 3 8 4 2.26338 0 11 2.26338 0
gene 2 1 8 -2.33237 0 40 -2.33237 1
gene 3 8 35 -0.460197 0 95 -0.460197 1
gene 3 35 4 2.26551 0 96 2.26551 1
gene 2 1 35 -3.59277 0 149 -3.59277 1
gene 1 2 8 -0.315336 0 279 -0.315336 1
genomeend 72

/* Organism #73 Fitness: 9 Error: 1 */
genomestart 73
trait 1 0.0963424 0.0256519 0.0450535 0.0170811 0.0651376 0 0.0610207 0 
trait 2 0.2 0 0 0 0 0 0 0 
trait 3 0.3 0 0 0 0 0 0 0 
node 1 3 1 3
node 2 1 1 1
node 3 3 1 1
node 4 3 0 2
node 8 1 0 0
node 35 1 0 0
gene 3 1 4 -5.11185 0 1 -5.11185 1
gene 3 2 4 -8 0 2 -8 1
gene 3 3 4 6.53538 0 3 6.53538 1
gene 2 3 8 5.82992 0 10 5.82992 1
gene 3 8 4 2.71165 0 11 2.71165 0
gene 2 1 8 -2.33237 0 40 -2.33237 1
gene 3 8 35 1.50791 0 95 1.50791 1
gene 3 35 4 3.30375 0 96 3.30375 1
gene 2 1 35 -1.26836 0 149 -1.26836 1
gene 1 2 8 -0.315336 0 279 -0.315336 1
genomeend 73

/* Organism #74 Fitness: 4 Error: 2 */
genomestart 74
trait 1 0.0963424 0.0256519 0.0450535 0.0170811 0.0651376 0 0.0610207 0 
trait 2 0.2 0 0 0 0 0 0 0 
trait 3 0.3 0 0 0 0 0 0 0 
node 1 3 1 3
node 2 1 1 1
node 3 3 1 1
node 4 3 0 2
node 8 1 0 0
node 35 1 0 0
gene 3 1 4 -4.21327 0 1 -4.21327 1
gene 3 2 4 -0.274464 0 2 -0.274464 1
gene 3 3 4 7.55043 0 3 7.55043 1
gene 2 3 8 6.02526 0 10 6.02526 1
gene 3 8 4 4.1358 0 11 4.1358 0
gene 2 1 8 -1.93523 0 40 -1.93523 1
gene 3 8 35 1.50791 0 95 1.50791 1
gene 3 35 4 2.32311 0 96 2.32311 1
gene 2 1 35 -2.73594 0 149 -2.73594 1
gene 1 3 35 -2.09147 0 280 -2.09147 1
genomeend 74

/* Organism #75 Fitness: 8.31568 Error: 1.11631 */
genomestart 75
trait 1 0.0963424 0.0256519 0.0450535 0.0170811 0.0651376 0 0.0610207 0 
trait 2 0.2 0 0 0 0 0 0 0 
trait 3 0.3 0 0 0 0 0 0 0 
node 1 3 1 3
node 2 1 1 1
node 3 3 1 1
node 4 3 0 2
node 8 1 0 0
node 35 1 0 0
gene 3 1 4 -6.32243 0 1 -6.32243 1
gene 3 2 4 -5.69709 0 2 -5.69709 1
gene 3 3 4 5.15059 0 3 5.15059 1
gene 2 3 8 4.92097 0 10 4.92097 1
gene 3 8 4 2.20175 0 11 2.20175 0
gene 2 1 8 -3.49579 0 40 -3.49579 1
gene 3 8 35 3.65347 0 95 3.65347 1
gene 3 35 4 1.58373 0 96 1.58373 1
gene 2 1 35 -1.90676 0 149 -1.90676 1
gene 1 3 35 0.299078 0 280 0.299078 1
genomeend 75

/* Organism #76 Fitness: 5.76535 Error: 1.59889 */
genomestart 76
trait 1 0.0963424 0.0256519 0.0450535 0.0170811 0.0651376 0 0.0610207 0 
trait 2 0.2 0 0 0 0 0 0 0 
trait 3 0.3 0 0 0 0 0 0 0 
node 1 3 1 3
node 2 1 1 1
node 3 3 1 1
node 4 3 0 2
node 8 1 0 0
node 35 1 0 0
gene 3 1 4 -6.19322 0 1 -6.19322 1
gene 3 2 4 -8 0 2 -8 1
gene 3 3 4 6.05605 0 3 6.05605 1
gene 2 3 8 3.5109 0 10 3.5109 1
gene 3 8 4 2.43234 0 11 2.43234 0
gene 2 1 8 -0.479944 0 40 -0.479944 1
gene 3 8 35 0.774352 0 95 0.774352 1
gene 3 35 4 1.5389 0 96 1.5389 1
gene 2 1 35 -1.44055 0 149 -1.44055 1
gene 1 2 8 -0.315336 0 279 -0.315336 1
genomeend 76

/* Organism #77 Fitness: 9 Error: 1 */
genomestart 77
trait 1 0.0963424 0.0256519 0.0450535 0.0170811 0.0651376 0 0.0610207 0 
trait 2 0.2 0 0 0 0 0 0 0 
trait 3 0.3 0 0 0 0 0 0 0 
node 1 3 1 3
node 2 1 1 1
node 3 3 1 1
node 4 3 0 2
node 8 1 0 0
node 35 1 0 0
gene 3 1 4 -6.73939 0 1 -6.73939 1
gene 3 2 4 -7.52378 0 2 -7.52378 1
gene 3 3 4 7.21815 0 3 7.21815 1
gene 2 3 8 7.30587 0 10 7.30587 1
gene 3 8 4 3.41635 0 11 3.41635 0
gene 2 1 8 -3.58037 0 40 -3.58037 1
gene 3 8 35 2.04706 0 95 2.04706 1
gene 3 35 4 4.82696 0 96 4.82696 1
gene 2 1 35 -1.78741 0 149 -1.78741 1
gene 1 2 8 -1.3106 0 279 -1.3106 1
genomeend 77

/* Species #13 : (Size 8) (AF 8.97491) (Age 21)  */


/* Organism #78 Fitness: 9 Error: 1 */
genomestart 78
trait 1 0.0957329 0.0299272 0.0537176 0.0170811 0.0651376 0 0.0610207 0 
trait 2 0.2 0 0 0 0 0 0 0 
trait 3 0.3 0 0 0 0 0 0 0 
node 1 1 1 3
node 2 3 1 1
node 3 2 1 1
node 4 1 0 2
node 8 1 0 0
node 36 1 0 0
gene 1 1 4 -0.947767 0 1 -0.947767 1
gene 2 2 4 -7.57454 0 2 -7.57454 1
gene 3 3 4 7.89165 0 3 7.89165 1
gene 3 3 8 -4.26836 0 10 -4.26836 1
gene 3 8 4 5.7847 0 11 5.7847 1
gene 2 1 8 -4.25617 0 40 -4.25617 1
gene 3 2 36 5.32622 0 97 5.32622 1
gene 3 36 4 -8 0 98 -8 1
gene 2 3 36 -2.8364 0 179 -2.8364 1
gene 2 1 36 1.77699 0 197 1.77699 1
genomeend 78

/* Organism #79 Fitness: 8.7995 Error: 1.03361 */
genomestart 79
trait 1 0.0957329 0.0299272 0.0537176 0.0170811 0.0651376 0 0.0610207 0 
trait 2 0.2 0 0 0 0 0 0 0 
trait 3 0.3 0 0 0 0 0 0 0 
node 1 1 1 3
node 2 3 1 1
node 3 2 1 1
node 4 1 0 2
node 8 1 0 0
node 36 1 0 0
gene 1 1 4 -0.511815 0 1 -0.511815 1
gene 2 2 4 -5.89616 0 2 -5.89616 1
gene 3 3 4 8 0 3 8 1
gene 3 3 8 -7.56057 0 10 -7.56057 1
gene 3 8 4 4.26041 0 11 4.26041 1
gene 2 1 8 -4.20854 0 40 -4.20854 1
gene 3 2 36 4.62882 0 97 4.62882 1
gene 3 36 4 -7.74136 0 98 -7.74136 1
gene 2 3 36 -1.24419 0 179 -1.24419 1
gene 2 1 36 -0.770583 0 197 -0.770583 1
genomeend 79

/* Organism #80 Fitness: 9 Error: 1 */
genomestart 80
trait 1 0.0957329 0.0299272 0.0537176 0.0170811 0.0651376 0 0.0610207 0 
trait 2 0.2 0 0 0 0 0 0 0 
trait 3 0.3 0 0 0 0 0 0 0 
node 1 1 1 3
node 2 3 1 1
node 3 2 1 1
node 4 1 0 2
node 8 1 0 0
node 36 1 0 0
gene 1 1 4 0.435226 0 1 0.435226 1
gene 2 2 4 -6.35717 0 2 -6.35717 1
gene 3 3 4 8 0 3 8 1
gene 3 3 8 -4.03368 0 10 -4.03368 1
gene 3 8 4 2.67875 0 11 2.67875 1
gene 2 1 8 -5.38901 0 40 -5.38901 1
gene 3 2 36 6.75986 0 97 6.75986 1
gene 3 36 4 -8 0 98 -8 1
gene 2 3 36 -3.95915 0 179 -3.95915 1
gene 2 1 36 3.04972 0 197 3.04972 1
genomeend 80

/* Organism #81 Fitness: 9 Error: 1 */
genomestart 81
trait 1 0.0957329 0.0299272 0.0537176 0.0170811 0.0651376 0 0.0610207 0 
trait 2 0.2 0 0 0 0 0 0 0 
trait 3 0.3 0 0 0 0 0 0 0 
node 1 1 1 3
node 2 3 1 1
node 3 2 1 1
node 4 1 0 2
node 8 1 0 0
node 36 1 0 0
gene 1 1 4 -0.24464 0 1 -0.24464 1
gene 2 2 4 -8 0 2 -8 1
gene 3 3 4 8 0 3 8 1
gene 3 3 8 -4.23114 0 10 -4.23114 1
gene 3 8 4 5.7847 0 11 5.7847 1
gene 2 1 8 -6.58574 0 40 -6.58574 1
gene 3 2 36 5.32622 0 97 5.32622 1
gene 3 36 4 -7.77588 0 98 -7.77588 1
gene 2 3 36 -2.30576 0 179 -2.30576 1
gene 2 1 36 0.524155 0 197 0.524155 1
genomeend 81

/* Organism #82 Fitness: 9 Error: 1 */
genomestart 82
trait 1 0.0957329 0.0299272 0.0537176 0.0170811 0.0651376 0 0.0610207 0 
trait 2 0.2 0 0 0 0 0 0 0 
trait 3 0.3 0 0 0 0 0 0 0 
node 1 1 1 3
node 2 3 1 1
node 3 2 1 1
node 4 1 0 2
node 8 1 0 0
node 36 1 0 0
gene 1 1 4 0.909719 0 1 0.909719 1
gene 2 2 4 -5.75 0 2 -5.75 1
gene 3 3 4 6.82205 0 3 6.82205 1
gene 3 3 8 -4.7821 0 10 -4.7821 1
gene 3 8 4 1.9623 0 11 1.9623 1
gene 2 1 8 -5.08427 0 40 -5.08427 1
gene 3 2 36 7.57374 0 97 7.57374 1
gene 3 36 4 -6.62949 0 98 -6.62949 1
gene 2 3 36 -6.0238 0 179 -6.0238 1
gene 2 1 36 0.979359 0 197 0.979359 1
genomeend 82

/* Organism #83 Fitness: 8.99997 Error: 1.00001 */
genomestart 83
trait 1 0.0957329 0.0299272 0.0537176 0.0170811 0.0651376 0 0.0610207 0 
trait 2 0.2 0 0 0 0 0 0 0 
trait 3 0.3 0 0 0 0 0 0 0 
node 1 1 1 3
node 2 3 1 1
node 3 2 1 1
node 4 1 0 2
node 8 1 0 0
node 36 1 0 0
gene 1 1 4 0.904103 0 1 0.904103 1
gene 2 2 4 -6.84137 0 2 -6.84137 1
gene 3 3 4 1.54891 0 3 1.54891 1
gene 3 3 8 -3.9018 0 10 -3.9018 1
gene 3 8 4 -1.59999 0 11 -1.59999 1
gene 2 1 8 -4.80096 0 40 -4.80096 1
gene 3 2 36 5.29271 0 97 5.29271 1
gene 3 36 4 -7.04155 0 98 -7.04155 1
gene 2 3 36 -3.14546 0 179 -3.14546 1
gene 2 1 36 1.69438 0 197 1.69438 1
genomeend 83

/* Organism #84 Fitness: 9 Error: 1 */
genomestart 84
trait 1 0.0957329 0.0299272 0.0537176 0.0170811 0.0651376 0 0.0610207 0 
trait 2 0.2 0 0 0 0 0 0 0 
trait 3 0.3 0 0 0 0 0 0 0 
node 1 1 1 3
node 2 3 1 1
node 3 2 1 1
node 4 1 0 2
node 8 1 0 0
node 36 1 0 0
gene 1 1 4 -0.947767 0 1 -0.947767 1
gene 2 2 4 -6.92761 0 2 -6.92761 1
gene 3 3 4 7.38698 0 3 7.38698 1
gene 3 3 8 -4.26836 0 10 -4.26836 1
gene 3 8 4 3.32576 0 11 3.32576 1
gene 2 1 8 -4.25617 0 40 -4.25617 1
gene 3 2 36 6.11106 0 97 6.11106 1
gene 3 36 4 -8 0 98 -8 1
gene 2 3 36 -3.90378 0 179 -3.90378 1
gene 2 1 36 1.77699 0 197 1.77699 1
genomeend 84

/* Organism #85 Fitness: 8.99986 Error: 1.00002 */
genomestart 85
trait 1 0.0957329 0.0299272 0.0537176 0.0170811 0.0651376 0 0.0610207 0 
trait 2 0.2 0 0 0 0 0 0 0 
trait 3 0.3 0 0 0 0 0 0 0 
node 1 1 1 3
node 2 3 1 1
node 3 2 1 1
node 4 1 0 2
node 8 1 0 0
node 36 1 0 0
gene 1 1 4 -1.16267 0 1 -1.16267 1
gene 2 2 4 -6.97119 0 2 -6.97119 1
gene 3 3 4 6.98672 0 3 6.98672 1
gene 3 3 8 -0.652584 0 10 -0.652584 1
gene 3 8 4 4.55523 0 11 4.55523 1
gene 2 1 8 1.75031 0 40 1.75031 1
gene 3 2 36 7.47146 0 97 7.47146 1
gene 3 36 4 -5.84767 0 98 -5.84767 1
gene 2 3 36 -3.61877 0 179 -3.61877 1
gene 2 1 36 0.637464 0 197 0.637464 1
genomeend 85

/* Species #14 : (Size 8) (AF 6.60279) (Age 21)  */


/* Organism #86 Fitness: 9 Error: 1 */
genomestart 86
trait 1 0.0964644 0.0247968 0.0433206 0.0170811 0.0651376 0 0.0610207 0 
trait 2 0.2 0 0 0 0 0 0 0 
trait 3 0.3 0 0 0 0 0 0 0 
node 1 2 1 3
node 2 1 1 1
node 3 2 1 1
node 4 1 0 2
node 8 1 0 0
node 37 1 0 0
gene 3 1 4 -3.75294 0 1 -3.75294 1
gene 3 2 4 -8 0 2 -8 1
gene 3 3 4 5.53963 0 3 5.53963 1
gene 2 3 8 8 0 10 8 1
gene 3 8 4 4.28247 0 11 4.28247 1
gene 2 1 8 -0.795265 0 40 -0.795265 1
gene 2 3 37 3.65839 0 99 3.65839 1
gene 2 37 8 5.23951 0 100 5.23951 1
gene 2 37 4 -3.01781 0 152 -3.01781 1
gene 2 1 37 -1.44229 0 243 -1.44229 1
genomeend 86

/* Organism #87 Fitness: 9 Error: 1 */
genomestart 87
trait 1 0.0964644 0.0247968 0.0433206 0.0170811 0.0651376 0 0.0610207 0 
trait 2 0.2 0 0 0 0 0 0 0 
trait 3 0.3 0 0 0 0 0 0 0 
node 1 2 1 3
node 2 1 1 1
node 3 2 1 1
node 4 1 0 2
node 8 1 0 0
node 37 1 0 0
gene 3 1 4 -5.07682 0 1 -5.07682 1
gene 3 2 4 -8 0 2 -8 1
gene 3 3 4 5.71743 0 3 5.71743 1
gene 2 3 8 7.68629 0 10 7.68629 1
gene 3 8 4 6.75224 0 11 6.75224 1
gene 2 1 8 -2.31034 0 40 -2.31034 1
gene 2 3 37 1.5853 0 99 1.5853 1
gene 2 37 8 3.86709 0 100 3.86709 1
gene 2 37 4 -4.58246 0 152 -4.58246 1
gene 2 1 37 -1.44229 0 243 -1.44229 1
genomeend 87

/* Organism #88 Fitness: 4.84321 Error: 1.79927 */
genomestart 88
trait 1 0.0964644 0.0247968 0.0433206 0.0170811 0.0651376 0 0.0610207 0 
trait 2 0.2 0 0 0 0 0 0 0 
trait 3 0.3 0 0 0 0 0 0 0 
node 1 2 1 3
node 2 1 1 1
node 3 2 1 1
node 4 1 0 2
node 8 1 0 0
node 37 1 0 0
gene 3 1 4 -6.12233 0 1 -6.12233 1
gene 3 2 4 -7.25612 0 2 -7.25612 1
gene 3 3 4 3.99419 0 3 3.99419 1
gene 2 3 8 8 0 10 8 1
gene 2 8 4 6.50595 0 11 6.50595 1
gene 2 1 8 0.834585 0 40 0.834585 1
gene 2 3 37 1.59821 0 99 1.59821 1
gene 2 37 8 6.97841 0 100 6.97841 1
gene 2 37 4 -1.03111 0 152 -1.03111 1
gene 2 1 37 -1.44229 0 243 -1.44229 1
genomeend 88

/* Organism #89 Fitness: 8.99996 Error: 1.00001 */
genomestart 89
trait 1 0.0964644 0.0247968 0.0433206 0.0170811 0.0651376 0 0.0610207 0 
trait 2 0.2 0 0 0 0 0 0 0 
trait 3 0.3 0 0 0 0 0 0 0 
node 1 2 1 3
node 2 1 1 1
node 3 2 1 1
node 4 1 0 2
node 8 1 0 0
node 37 1 0 0
gene 3 1 4 -5.54319 0 1 -5.54319 1
gene 3 2 4 -6.30203 0 2 -6.30203 1
gene 3 3 4 7.09258 0 3 7.09258 1
gene 2 3 8 8 0 10 8 1
gene 3 8 4 1.91258 0 11 1.91258 1
gene 2 1 8 -0.559115 0 40 -0.559115 1
gene 2 3 37 5.89034 0 99 5.89034 1
gene 2 37 8 4.54349 0 100 4.54349 1
gene 2 37 4 -1.0507 0 152 -1.0507 1
gene 2 1 37 -0.277207 0 243 -0.277207 1
genomeend 89

/* Organism #90 Fitness: 3.9998 Error: 2.00005 */
genomestart 90
trait 1 0.0964644 0.0247968 0.0433206 0.0170811 0.0651376 0 0.0610207 0 
trait 2 0.2 0 0 0 0 0 0 0 
trait 3 0.3 0 0 0 0 0 0 0 
node 1 2 1 3
node 2 1 1 1
node 3 2 1 1
node 4 1 0 2
node 8 1 0 0
node 37 1 0 0
gene 3 1 4 -3.98597 0 1 -3.98597 1
gene 3 2 4 1.39811 0 2 1.39811 1
gene 3 3 4 5.64386 0 3 5.64386 1
gene 2 3 8 8 0 10 8 1
gene 3 8 4 3.22352 0 11 3.22352 1
gene 2 1 8 -0.358504 0 40 -0.358504 1
gene 2 3 37 2.68022 0 99 2.68022 1
gene 2 37 8 -1.42834 0 100 -1.42834 1
gene 2 37 4 -3.00295 0 152 -3.00295 1
gene 2 1 37 -1.7974 0 243 -1.7974 1
genomeend 90

/* Organism #91 Fitness: 4.00775 Error: 1.99806 */
genomestart 91
trait 1 0.0964644 0.0247968 0.0433206 0.0170811 0.0651376 0 0.0610207 0 
trait 2 0.2 0 0 0 0 0 0 0 
trait 3 0.3 0 0 0 0 0 0 0 
node 1 2 1 3
node 2 1 1 1
node 3 2 1 1
node 4 1 0 2
node 8 1 0 0
node 37 1 0 0
gene 3 1 4 -2.59438 0 1 -2.59438 1
gene 3 2 4 -7.90654 0 2 -7.90654 1
gene 3 3 4 6.50272 0 3 6.50272 1
gene 2 3 8 8 0 10 8 1
gene 3 8 4 5.8428 0 11 5.8428 1
gene 2 1 8 0.128798 0 40 0.128798 1
gene 2 3 37 4.88527 0 99 4.88527 1
gene 2 37 8 3.26569 0 100 3.26569 1
gene 2 37 4 -3.48702 0 152 -3.48702 1
gene 2 1 37 -1.44229 0 243 -1.44229 1
genomeend 91

/* Organism #92 Fitness: 3.99792 Error: 2.00052 */
genomestart 92
trait 1 0.0964644 0.0247968 0.0433206 0.0170811 0.0651376 0 0.0610207 0 
trait 2 0.2 0 0 0 0 0 0 0 
trait 3 0.3 0 0 0 0 0 0 0 
node 1 2 1 3
node 2 1 1 1
node 3 2 1 1
node 4 1 0 2
node 8 2 0 0
node 37 1 0 0
gene 3 1 4 -3.75294 0 1 -3.75294 1
gene 3 2 4 1.12307 0 2 1.12307 1
gene 3 3 4 1.55695 0 3 1.55695 1
gene 2 3 8 -2.068 0 10 -2.068 1
gene 3 8 4 2.55682 0 11 2.55682 1
gene 2 1 8 -1.45353 0 40 -1.45353 1
gene 2 3 37 1.80566 0 99 1.80566 1
gene 2 37 8 7.01359 0 100 7.01359 1
gene 2 37 4 -3.01781 0 152 -3.01781 1
gene 2 1 37 0.443507 0 243 0.443507 1
genomeend 92

/* Organism #93 Fitness: 8.97367 Error: 1.00439 */
genomestart 93
trait 1 0.0964644 0.0247968 0.0433206 0.0170811 0.0651376 0 0.0610207 0 
trait 2 0.2 0 0 0 0 0 0 0 
trait 3 0.3 0 0 0 0 0 0 0 
node 1 2 1 3
node 2 1 1 1
node 3 2 1 1
node 4 1 0 2
node 8 1 0 0
node 37 1 0 0
gene 3 1 4 -2.30915 0 1 -2.30915 1
gene 3 2 4 -8 0 2 -8 1
gene 3 3 4 5.93968 0 3 5.93968 1
gene 2 3 8 8 0 10 8 1
gene 3 8 4 4.28247 0 11 4.28247 1
gene 2 1 8 0.747555 0 40 0.747555 1
gene 2 3 37 3.65839 0 99 3.65839 1
gene 2 37 8 4.88749 0 100 4.88749 1
gene 2 37 4 -3.90979 0 152 -3.90979 1
gene 2 1 37 0.264697 0 243 0.264697 1
genomeend 93

/* Species #15 : (Size 9) (AF 6.95244) (Age 21)  */


/* Organism #94 Fitness: 9 Error: 1 */
genomestart 94
trait 1 0.1 0 0 0 0 0 0 0 
trait 2 0.483929 0.112204 0.319703 0.0987401 0 0.143494 0.41474 0 
trait 3 0.3 0 0 0 0 0 0 0 
node 1 3 1 3
node 2 2 1 1
node 3 1 1 1
node 4 1 0 2
node 9 1 0 0
node 18 1 0 0
node 38 1 0 0
gene 1 1 4 6.70495 0 1 6.70495 1
gene 1 2 4 -1.80107 0 2 -1.80107 0
gene 3 3 4 -0.511831 0 3 -0.511831 0
gene 1 2 9 -5.51428 0 12 -5.51428 1
gene 1 9 4 -6.83158 0 13 -6.83158 0
gene 3 3 18 7.33069 0 33 7.33069 1
gene 3 18 4 -7.37898 0 34 -7.37898 1
gene 1 9 38 4.79019 0 101 4.79019 1
gene 1 38 4 -6.76333 0 102 -6.76333 1
gene 3 2 18 -2.4576 0 199 -2.4576 1
genomeend 94

/* Organism #95 Fitness: 4.18277 Error: 1.95482 */
genomestart 95
trait 1 0.1 0 0 0 0 0 0 0 
trait 2 0.483929 0.112204 0.319703 0.0987401 0 0.143494 0.41474 0 
trait 3 0.3 0 0.635894 0 0 0 0 0 
node 1 3 1 3
node 2 3 1 1
node 3 1 1 1
node 4 1 0 2
node 9 1 0 0
node 18 1 0 0
node 38 1 0 0
gene 1 1 4 5.51008 0 1 5.51008 1
gene 1 2 4 -1.17575 0 2 -1.17575 0
gene 3 3 4 0.163238 0 3 0.163238 0
gene 1 2 9 -7.59462 0 12 -7.59462 1
gene 1 9 4 2.10929 0 13 2.10929 0
gene 3 3 18 8 0 33 8 1
gene 3 18 4 -5.63022 0 34 -5.63022 1
gene 1 9 38 -0.238283 0 101 -0.238283 1
gene 1 38 4 -0.895736 0 102 -0.895736 1
gene 3 2 18 -2.53209 0 199 -2.53209 1
genomeend 95

/* Organism #96 Fitness: 8.99997 Error: 1.00001 */
genomestart 96
trait 1 0.1 0 0 0 0 0 0 0 
trait 2 0.519448 0.133852 0.352488 0.0987401 0 0.131536 0.41474 0 
trait 3 0.3 0 0 0 0 0 0 0 
node 1 3 1 3
node 2 2 1 1
node 3 1 1 1
node 4 1 0 2
node 9 1 0 0
node 18 1 0 0
node 38 1 0 0
gene 1 1 4 6.4403 0 1 6.4403 1
gene 1 2 4 -5.16067 0 2 -5.16067 0
gene 3 3 4 -1.39429 0 3 -1.39429 0
gene 1 2 9 -7.69904 0 12 -7.69904 1
gene 1 9 4 -7.43427 0 13 -7.43427 0
gene 3 3 18 6.65704 0 33 6.65704 1
gene 3 18 4 -6.75153 0 34 -6.75153 1
gene 1 9 38 2.79248 0 101 2.79248 1
gene 1 38 4 -7.96391 0 102 -7.96391 1
gene 3 2 18 -2.4576 0 199 -2.4576 1
genomeend 96

/* Organism #97 Fitness: 7.92096 Error: 1.18558 */
genomestart 97
trait 1 0.1 0 0 0 0 0 0 0 
trait 2 0.554966 0.1555 0.385273 0.0987401 0 0.119578 0.41474 0 
trait 3 0.3 0 0 0 0 0 0 0 
node 1 3 1 3
node 2 2 1 1
node 3 1 1 1
node 4 1 0 2
node 9 1 0 0
node 18 1 0 0
node 38 1 0 0
gene 1 1 4 4.70343 0 1 4.70343 1
gene 1 2 4 -4.95169 0 2 -4.95169 0
gene 3 3 4 0.132312 0 3 0.132312 0
gene 1 2 9 -4.14722 0 12 -4.14722 1
gene 1 9 4 -6.83158 0 13 -6.83158 0
gene 3 3 18 8 0 33 8 1
gene 3 18 4 -5.14856 0 34 -5.14856 1
gene 1 9 38 1.92548 0 101 1.92548 1
gene 1 38 4 -7.8271 0 102 -7.8271 1
gene 3 2 18 -0.457554 0 199 -0.457554 1
genomeend 97

/* Organism #98 Fitness: 6.02574 Error: 1.54526 */
genomestart 98
trait 1 0.1 0 0 0 0 0 0 0 
trait 2 0.519448 0.133852 0.352488 0.0987401 0 0.131536 0.41474 0 
trait 3 0.3 0 0 0 0 0 0 0 
node 1 3 1 3
node 2 2 1 1
node 3 1 1 1
node 4 1 0 2
node 9 1 0 0
node 18 1 0 0
node 38 1 0 0
node 90 1 0 0
gene 1 1 4 7.00448 0 1 7.00448 1
gene 1 2 4 -1.80107 0 2 -1.80107 0
gene 3 3 4 -1.87526 0 3 -1.87526 0
gene 1 2 9 -5.51428 0 12 -5.51428 0
gene 1 9 4 -6.83158 0 13 -6.83158 0
gene 3 3 18 8 0 33 8 1
gene 3 18 4 -7.17182 0 34 -7.17182 1
gene 1 9 38 4.2543 0 101 4.2543 1
gene 1 38 4 -6.76333 0 102 -6.76333 1
gene 3 2 18 -2.4576 0 199 -2.4576 1
gene 1 2 90 1 0 293 0 1
gene 1 90 9 -5.51428 0 294 0 1
genomeend 98

/* Organism #99 Fitness: 4.53488 Error: 1.87047 */
genomestart 99
trait 1 0.1 0 0 0 0 0 0 0 
trait 2 0.483929 0.112204 0.319703 0.0987401 0 0.143494 0.41474 0 
trait 3 0.3 0 0 0 0 0 0 0 
node 1 3 1 3
node 2 2 1 1
node 3 1 1 1
node 4 1 0 2
node 9 1 0 0
node 18 1 0 0
node 38 1 0 0
gene 1 1 4 7.85502 0 1 7.85502 1
gene 1 2 4 -1.80107 0 2 -1.80107 0
gene 3 3 4 -0.511831 0 3 -0.511831 0
gene 1 2 9 -7.07482 0 12 -7.07482 1
gene 1 9 4 -5.88862 0 13 -5.88862 0
gene 3 3 18 8 0 33 8 1
gene 3 18 4 -8 0 34 -8 1
gene 1 9 38 6.98027 0 101 6.98027 1
gene 1 38 4 1.0173 0 102 1.0173 1
gene 3 2 18 -2.4576 0 199 -2.4576 1
genomeend 99

/* Organism #100 Fitness: 9 Error: 1 */
genomestart 100
trait 1 0.1 0 0 0 0 0 0 0 
trait 2 0.483929 0.112204 0.319703 0.0987401 0 0.143494 0.41474 0 
trait 3 0.3 0 0 0 0 0 0 0 
node 1 3 1 3
node 2 2 1 1
node 3 1 1 1
node 4 1 0 2
node 9 1 0 0
node 18 1 0 0
node 38 1 0 0
gene 1 1 4 6.70495 0 1 6.70495 1
gene 1 2 4 -1.80107 0 2 -1.80107 0
gene 3 3 4 -0.511831 0 3 -0.511831 0
gene 1 2 9 -5.51428 0 12 -5.51428 1
gene 1 9 4 -6.83158 0 13 -6.83158 0
gene 3 3 18 7.33069 0 33 7.33069 1
gene 3 18 4 -7.37898 0 34 -7.37898 1
gene 1 9 38 4.79019 0 101 4.79019 1
gene 1 38 4 -6.76333 0 102 -6.76333 1
gene 3 2 18 -2.4576 0 199 -2.4576 1
genomeend 100

/* Organism #101 Fitness: 8.99855 Error: 1.00024 */
genomestart 101
trait 1 0.1 0 0 0 0 0 0 0 
trait 2 0.519448 0.133852 0.352488 0.0987401 0 0.131536 0.41474 0 
trait 3 0.3 0 0 0 0 0 0 0 
node 1 3 1 3
node 2 2 1 1
node 3 1 1 1
node 4 1 0 2
node 9 1 0 0
node 18 1 0 0
node 38 1 0 0
gene 1 1 4 6.82364 0 1 6.82364 1
gene 1 2 4 -1.52244 0 2 -1.52244 0
gene 3 3 4 -0.228542 0 3 -0.228542 0
gene 1 2 9 -5.60761 0 12 -5.60761 1
gene 1 9 4 -4.7525 0 13 -4.7525 0
gene 3 3 18 8 0 33 8 1
gene 3 18 4 -5.8484 0 34 -5.8484 1
gene 1 9 38 4.65717 0 101 4.65717 1
gene 1 38 4 -5.69628 0 102 -5.69628 1
gene 3 2 18 -2.89333 0 199 -2.89333 1
genomeend 101

/* Organism #102 Fitness: 3.90908 Error: 2.02286 */
genomestart 102
trait 1 0.1 0 0 0 0 0 0 0 
trait 2 0.519448 0.133852 0.352488 0.0987401 0 0.131536 0.41474 0 
trait 3 0.3 0 0 0 0 0 0 0 
node 1 3 1 3
node 2 2 1 1
node 3 1 1 1
node 4 1 0 2
node 9 1 0 0
node 18 1 0 0
node 38 1 0 0
gene 1 1 4 6.02115 0 1 6.02115 1
gene 1 2 4 -5.09088 0 2 -5.09088 1
gene 3 3 4 -0.527213 0 3 -0.527213 0
gene 1 2 9 -0.905964 0 12 -0.905964 1
gene 1 9 4 -6.53882 0 13 -6.53882 0
gene 3 3 18 -0.516038 0 33 -0.516038 1
gene 3 18 4 0.281323 0 34 0.281323 1
gene 1 9 38 2.47691 0 101 2.47691 1
gene 1 38 4 -6.76333 0 102 -6.76333 1
gene 3 2 18 -0.237255 0 199 -0.237255 1
genomeend 102

/* Species #16 : (Size 9) (AF 9.69842) (Age 21)  */


/* Organism #103 Fitness: 10.0296 Error: 0.833051 */
genomestart 103
trait 1 0.1 0 0 0 0 0 0 0 
trait 2 0.2 0 0 0 0 0 0 0 
trait 3 0.3 0.249547 0 0 0.548789 0 0 0 
node 1 1 1 3
node 2 1 1 1
node 3 1 1 1
node 4 1 0 2
node 9 1 0 0
node 19 1 0 0
node 38 1 0 0
gene 1 1 4 -3.56614 0 1 -3.56614 1
gene 1 2 4 -2.00205 0 2 -2.00205 1
gene 3 3 4 4.98553 0 3 4.98553 0
gene 1 2 9 -8 0 12 -8 1
gene 1 9 4 4.81653 0 13 4.81653 0
gene 3 3 19 5.56111 0 36 5.56111 1
gene 3 19 4 5.84205 0 37 5.84205 1
gene 1 9 38 -3.77358 0 101 -3.77358 1
gene 1 38 4 7.24011 0 102 7.24011 1
gene 3 3 38 -0.998802 0 159 -0.998802 1
gene 3 9 19 -4.58364 0 183 -4.58364 1
gene 3 2 19 2.29295 0 236 2.29295 1
genomeend 103

/* Organism #104 Fitness: 9.05253 Error: 0.991257 */
genomestart 104
trait 1 0.1 0 0 0 0 0 0 0 
trait 2 0.2 0 0 0 0 0 0 0 
trait 3 0.3 0.249547 0 0 0.548789 0 0 0 
node 1 1 1 3
node 2 1 1 1
node 3 1 1 1
node 4 1 0 2
node 9 1 0 0
node 19 1 0 0
node 38 1 0 0
gene 1 1 4 -5.45669 0 1 -5.45669 1
gene 1 2 4 -1.58272 0 2 -1.58272 1
gene 3 3 4 3.23546 0 3 3.23546 0
gene 1 2 9 -8 0 12 -8 1
gene 1 9 4 5.72397 0 13 5.72397 0
gene 3 3 19 6.88053 0 36 6.88053 1
gene 3 19 4 8 0 37 8 1
gene 1 9 38 -3.2949 0 101 -3.2949 1
gene 1 38 4 7.31615 0 102 7.31615 1
gene 3 3 38 -2.52447 0 159 -2.52447 1
gene 3 9 19 -5.35937 0 183 -5.35937 1
gene 3 2 19 3.92528 0 236 3.92528 1
genomeend 104

/* Organism #105 Fitness: 10.9915 Error: 0.684657 */
genomestart 105
trait 1 0.1 0 0 0 0 0 0 0 
trait 2 0.2 0 0 0 0 0 0 0 
trait 3 0.3 0.249547 0 0 0.548789 0 0 0 
node 1 1 1 3
node 2 1 1 1
node 3 1 1 1
node 4 1 0 2
node 9 1 0 0
node 19 1 0 0
node 38 1 0 0
gene 1 1 4 -4.29106 0 1 -4.29106 1
gene 1 2 4 -3.55151 0 2 -3.55151 1
gene 3 3 4 4.57514 0 3 4.57514 0
gene 1 2 9 -6.44436 0 12 -6.44436 1
gene 1 9 4 4.72173 0 13 4.72173 0
gene 3 3 19 7.6497 0 36 7.6497 1
gene 3 19 4 8 0 37 8 1
gene 1 9 38 -3.50884 0 101 -3.50884 1
gene 1 38 4 8 0 102 8 1
gene 3 3 38 -2.98083 0 159 -2.98083 1
gene 3 9 19 -6.97605 0 183 -6.97605 1
gene 3 2 19 2.29295 0 236 2.29295 1
genomeend 105

/* Organism #106 Fitness: 4.15001 Error: 1.96284 */
genomestart 106
trait 1 0.1 0 0 0 0 0 0 0 
trait 2 0.2 0 0 0 0 0 0 0 
trait 3 0.3 0.249547 0 0 0.548789 0 0 0 
node 1 1 1 3
node 2 1 1 1
node 3 1 1 1
node 4 1 0 2
node 9 1 0 0
node 19 1 0 0
node 38 1 0 0
gene 1 1 4 -5.2451 0 1 -5.2451 1
gene 1 2 4 -0.490323 0 2 -0.490323 1
gene 3 3 4 5.95235 0 3 5.95235 0
gene 1 2 9 -8 0 12 -8 1
gene 1 9 4 6.85831 0 13 6.85831 0
gene 3 3 19 5.81756 0 36 5.81756 1
gene 3 19 4 4.58403 0 37 4.58403 1
gene 1 9 38 -4.48337 0 101 -4.48337 1
gene 1 38 4 8 0 102 8 1
gene 3 3 38 -0.0290225 0 159 -0.0290225 1
gene 3 9 19 -6.41946 0 183 -6.41946 1
gene 3 2 19 1.554 0 236 1.554 1
genomeend 106

/* Organism #107 Fitness: 15.9471 Error: 0.00662 */
/* ##------$ WINNER 107 SPECIES #16 $------## */
genomestart 107
trait 1 0.1 0 0 0 0 0 0 0 
trait 2 0.2 0 0 0 0 0 0 0 
trait 3 0.3 0.249547 0 0 0.548789 0 0 0 
node 1 1 1 3
node 2 1 1 1
node 3 1 1 1
node 4 1 0 2
node 9 1 0 0
node 19 1 0 0
node 38 1 0 0
gene 1 1 4 -3.52712 0 1 -3.52712 1
gene 1 2 4 -3.36872 0 2 -3.36872 1
gene 3 3 4 3.1742 0 3 3.1742 0
gene 1 2 9 -8 0 12 -8 1
gene 1 9 4 -2.04063 0 13 -2.04063 0
gene 3 3 19 6.60264 0 36 6.60264 1
gene 3 19 4 5.84205 0 37 5.84205 1
gene 1 9 38 -3.88008 0 101 -3.88008 1
gene 1 38 4 7.67066 0 102 7.67066 1
gene 3 3 38 -1.08923 0 159 -1.08923 1
gene 3 9 19 -5.88795 0 183 -5.88795 1
gene 3 2 19 0.788145 0 236 0.788145 1
genomeend 107

/* Organism #108 Fitness: 9 Error: 1 */
genomestart 108
trait 1 0.1 0 0 0 0 0 0 0 
trait 2 0.2 0 0 0 0 0 0 0 
trait 3 0.3 0.249547 0 0 0.548789 0 0 0 
node 1 1 1 3
node 2 1 1 1
node 3 1 1 1
node 4 1 0 2
node 9 1 0 0
node 19 1 0 0
node 38 1 0 0
gene 1 1 4 -3.0349 0 1 -3.0349 1
gene 1 2 4 -1.23496 0 2 -1.23496 1
gene 3 3 4 6.03057 0 3 6.03057 0
gene 1 2 9 -8 0 12 -8 1
gene 1 9 4 3.936 0 13 3.936 0
gene 3 3 19 5.10859 0 36 5.10859 1
gene 3 19 4 6.75491 0 37 6.75491 1
gene 1 9 38 -2.4186 0 101 -2.4186 1
gene 1 38 4 8 0 102 8 1
gene 3 3 38 1.45323 0 159 1.45323 1
gene 3 9 19 -5.58071 0 183 -5.58071 1
gene 3 2 19 3.64649 0 236 3.64649 1
genomeend 108

/* Organism #109 Fitness: 8.99826 Error: 1.00029 */
genomestart 109
trait 1 0.1 0 0 0 0 0 0 0 
trait 2 0.2 0 0 0 0 0 0 0 
trait 3 0.3 0.249547 0 0 0.548789 0 0 0 
node 1 1 1 3
node 2 1 1 1
node 3 1 1 1
node 4 1 0 2
node 9 1 0 0
node 19 1 0 0
node 38 1 0 0
gene 1 1 4 -2.77337 0 1 -2.77337 1
gene 1 2 4 -0.323592 0 2 -0.323592 1
gene 3 3 4 6.91637 0 3 6.91637 0
gene 1 2 9 -8 0 12 -8 1
gene 1 9 4 6.50255 0 13 6.50255 0
gene 3 3 19 7.30097 0 36 7.30097 1
gene 3 19 4 5.61588 0 37 5.61588 1
gene 1 9 38 -1.52089 0 101 -1.52089 1
gene 1 38 4 -1.73123 0 102 -1.73123 1
gene 3 3 38 -3.20565 0 159 -3.20565 1
gene 3 9 19 -4.58364 0 183 -4.58364 1
gene 3 2 19 1.92563 0 236 1.92563 1
genomeend 109

/* Organism #110 Fitness: 10.1152 Error: 0.819552 */
genomestart 110
trait 1 0.1 0 0 0 0 0 0 0 
trait 2 0.2 0 0 0 0 0 0 0 
trait 3 0.3 0.249547 0 0 0.548789 0 0 0 
node 1 1 1 3
node 2 1 1 1
node 3 1 1 1
node 4 1 0 2
node 9 1 0 0
node 19 1 0 0
node 38 1 0 0
gene 1 1 4 -3.56614 0 1 -3.56614 1
gene 1 2 4 -2.00205 0 2 -2.00205 1
gene 3 3 4 4.98553 0 3 4.98553 0
gene 1 2 9 -8 0 12 -8 1
gene 1 9 4 4.81653 0 13 4.81653 0
gene 3 3 19 5.56111 0 36 5.56111 1
gene 3 19 4 5.84205 0 37 5.84205 1
gene 1 9 38 -3.77358 0 101 -3.77358 1
gene 1 38 4 7.24011 0 102 7.24011 1
gene 3 3 38 -0.998802 0 159 -0.998802 1
gene 3 9 19 -4.58364 0 183 -4.58364 1
gene 3 2 19 2.29295 0 236 2.29295 1
gene 3 2 38 -0.531952 0 295 -0.531952 1
genomeend 110

/* Organism #111 Fitness: 9.0016 Error: 0.999734 */
genomestart 111
trait 1 0.1 0 0 0 0 0 0 0 
trait 2 0.2 0 0 0 0 0 0 0 
trait 3 0.3 0.249547 0 0 0.548789 0 0 0 
node 1 1 1 3
node 2 1 1 1
node 3 1 1 1
node 4 1 0 2
node 9 1 0 0
node 19 1 0 0
node 38 1 0 0
gene 1 1 4 -3.90754 0 1 -3.90754 1
gene 1 2 4 -2.08082 0 2 -2.08082 1
gene 3 3 4 6.99188 0 3 6.99188 0
gene 1 2 9 -5.94567 0 12 -5.94567 1
gene 1 9 4 5.22977 0 13 5.22977 0
gene 3 3 19 3.99993 0 36 3.99993 1
gene 3 19 4 6.18089 0 37 6.18089 1
gene 1 9 38 -4.27907 0 101 -4.27907 1
gene 1 38 4 5.09689 0 102 5.09689 1
gene 3 3 38 -0.18385 0 159 -0.18385 1
gene 3 9 19 -4.90494 0 183 -4.90494 1
gene 3 2 19 2.2766 0 236 2.2766 1
genomeend 111

/* Species #17 : (Size 10) (AF 5.21403) (Age 20)  */


/* Organism #112 Fitness: 8.99985 Error: 1.00002 */
genomestart 112
trait 1 0.247145 0.054724 0.110901 0 0 0 0.257091 0 
trait 2 0.2 0 0 0 0 0 0 0 
trait 3 0.3 0 0 0 0 0 0 0 
node 1 3 1 3
node 2 1 1 1
node 3 3 1 1
node 4 3 0 2
node 8 1 0 0
node 19 1 0 0
node 40 3 0 0
gene 3 1 4 -1.09396 0 1 -1.09396 1
gene 3 2 4 -4.63126 0 2 -4.63126 1
gene 3 3 4 6.99816 0 3 6.99816 1
gene 3 3 8 0.548393 0 10 0.548393 0
gene 2 8 4 2.43285 0 11 2.43285 1
gene 3 3 19 -4.40717 0 36 -4.40717 1
gene 3 19 4 -2.21657 0 37 -2.21657 1
gene 3 19 40 1.31084 0 110 1.31084 1
gene 3 40 4 -6.99016 0 111 -6.99016 1
gene 1 1 19 -0.503232 0 237 -0.503232 1
genomeend 112

/* Organism #113 Fitness: 4 Error: 2 */
genomestart 113
trait 1 0.247145 0.054724 0.110901 0 0 0 0.257091 0 
trait 2 0.2 0 0 0 0 0 0 0 
trait 3 0.3 0 0 0 0 0 0 0 
node 1 3 1 3
node 2 1 1 1
node 3 3 1 1
node 4 3 0 2
node 8 1 0 0
node 19 1 0 0
node 40 3 0 0
gene 1 1 4 -0.601109 0 1 -0.601109 1
gene 3 2 4 -6.37042 0 2 -6.37042 1
gene 3 3 4 -2.45378 0 3 -2.45378 1
gene 3 3 8 -0.523356 0 10 -0.523356 0
gene 3 8 4 2.08896 0 11 2.08896 1
gene 3 3 19 -4.3504 0 36 -4.3504 1
gene 3 19 4 -0.142632 0 37 -0.142632 1
gene 3 19 40 1.89476 0 110 1.89476 1
gene 3 40 4 -7.8885 0 111 -7.8885 1
gene 1 1 19 -1.03585 0 237 -1.03585 1
gene 2 8 40 -0.426046 0 282 -0.426046 1
genomeend 113

/* Organism #114 Fitness: 4.02493 Error: 1.99378 */
genomestart 114
trait 1 0.247145 0.054724 0.110901 0 0 0 0.257091 0 
trait 2 0.2 0 0 0 0 0 0 0 
trait 3 0.3 0 0 0 0 0 0 0 
node 1 3 1 3
node 2 1 1 1
node 3 3 1 1
node 4 3 0 2
node 8 1 0 0
node 19 1 0 0
node 40 3 0 0
gene 3 1 4 1.1344 0 1 1.1344 1
gene 3 2 4 -4.63126 0 2 -4.63126 1
gene 3 3 4 6.99816 0 3 6.99816 1
gene 3 3 8 1.30343 0 10 1.30343 0
gene 2 8 4 3.227 0 11 3.227 1
gene 3 3 19 -4.40717 0 36 -4.40717 1
gene 3 19 4 2.11179 0 37 2.11179 1
gene 3 19 40 3.35455 0 110 3.35455 1
gene 3 40 4 -4.97772 0 111 -4.97772 1
gene 1 1 19 -0.95718 0 237 -0.95718 1
genomeend 114

/* Organism #115 Fitness: 5.90296 Error: 1.5704 */
genomestart 115
trait 1 0.247145 0.054724 0.110901 0 0 0 0.257091 0 
trait 2 0.2 0 0 0 0 0 0 0 
trait 3 0.3 0 0 0 0 0 0 0 
node 1 3 1 3
node 2 1 1 1
node 3 3 1 1
node 4 3 0 2
node 8 1 0 0
node 19 1 0 0
node 40 3 0 0
gene 3 1 4 -1.09396 0 1 -1.09396 1
gene 3 2 4 -4.63126 0 2 -4.63126 1
gene 3 3 4 6.99816 0 3 6.99816 1
gene 3 3 8 0.548393 0 10 0.548393 1
gene 2 8 4 2.43285 0 11 2.43285 1
gene 3 3 19 -4.40717 0 36 -4.40717 1
gene 3 19 4 -2.21657 0 37 -2.21657 1
gene 3 19 40 1.31084 0 110 1.31084 1
gene 3 40 4 -6.99016 0 111 -6.99016 1
gene 1 1 19 -0.503232 0 237 -0.503232 1
genomeend 115

/* Organism #116 Fitness: 4.01262 Error: 1.99685 */
genomestart 116
trait 1 0.247145 0.054724 0.110901 0 0 0 0.257091 0 
trait 2 0.2 0 0 0 0 0 0 0 
trait 3 0.3 0 0 0 0 0 0 0 
node 1 3 1 3
node 2 1 1 1
node 3 3 1 1
node 4 3 0 2
node 8 1 0 0
node 19 1 0 0
node 40 3 0 0
gene 3 1 4 -1.5438 0 1 -1.5438 1
gene 3 2 4 -4.31987 0 2 -4.31987 1
gene 3 3 4 7.95917 0 3 7.95917 1
gene 3 3 8 0.548393 0 10 0.548393 0
gene 3 8 4 3.58394 0 11 3.58394 1
gene 3 3 19 -4.85398 0 36 -4.85398 1
gene 3 19 4 -0.867692 0 37 -0.867692 1
gene 3 19 40 -0.90489 0 110 -0.90489 1
gene 3 40 4 -1.85377 0 111 -1.85377 1
gene 1 1 19 -0.953378 0 237 -0.953378 1
genomeend 116

/* Organism #117 Fitness: 8.9999 Error: 1.00002 */
genomestart 117
trait 1 0.247145 0.054724 0.110901 0 0 0 0.257091 0 
trait 2 0.2 0 0 0 0 0 0 0 
trait 3 0.3 0 0 0 0 0 0 0 
node 1 3 1 3
node 2 1 1 1
node 3 3 1 1
node 4 3 0 2
node 8 1 0 0
node 19 1 0 0
node 40 3 0 0
node 89 1 0 0
gene 3 1 4 -1.09396 0 1 -1.09396 1
gene 3 2 4 -4.97891 0 2 -4.97891 1
gene 3 3 4 6.89352 0 3 6.89352 0
gene 3 3 8 -0.324024 0 10 -0.324024 0
gene 3 8 4 3.58394 0 11 3.58394 1
gene 3 3 19 -4.3504 0 36 -4.3504 1
gene 3 19 4 -2.21657 0 37 -2.21657 1
gene 3 19 40 1.89476 0 110 1.89476 1
gene 3 40 4 -6.99016 0 111 -6.99016 1
gene 1 1 19 0.504416 0 237 0.504416 1
gene 3 3 89 1 0 291 0 1
gene 3 89 4 6.89352 0 292 0 1
genomeend 117

/* Organism #118 Fitness: 4 Error: 2 */
genomestart 118
trait 1 0.247145 0.054724 0.110901 0 0 0 0.257091 0 
trait 2 0.2 0 0 0 0 0 0 0 
trait 3 0.3 0 0 0 0 0 0 0 
node 1 3 1 3
node 2 1 1 1
node 3 3 1 1
node 4 3 0 2
node 8 1 0 0
node 19 3 0 0
node 40 3 0 0
gene 3 1 4 -2.68026 0 1 -2.68026 1
gene 3 2 4 0.384962 0 2 0.384962 1
gene 3 3 4 6.99816 0 3 6.99816 1
gene 3 3 8 0.548393 0 10 0.548393 0
gene 2 8 4 1.88626 0 11 1.88626 1
gene 3 3 19 1.8649 0 36 1.8649 1
gene 3 19 4 -0.158429 0 37 -0.158429 1
gene 3 19 40 1.9671 0 110 1.9671 1
gene 3 40 4 -8 0 111 -8 1
gene 1 1 19 0.942724 0 237 0.942724 1
genomeend 118

/* Organism #119 Fitness: 4.19951 Error: 1.95073 */
genomestart 119
trait 1 0.247145 0.054724 0.110901 0 0 0 0.257091 0 
trait 2 0.2 0 0 0 0 0 0 0 
trait 3 0.3 0 0 0 0 0 0 0 
node 1 3 1 3
node 2 1 1 1
node 3 3 1 1
node 4 3 0 2
node 8 1 0 0
node 19 1 0 0
node 40 3 0 0
gene 3 1 4 1.19142 0 1 1.19142 1
gene 3 2 4 -5.20143 0 2 -5.20143 1
gene 3 3 4 7.07551 0 3 7.07551 1
gene 3 3 8 0.114877 0 10 0.114877 0
gene 2 8 4 0.16164 0 11 0.16164 1
gene 3 3 19 -5.28199 0 36 -5.28199 1
gene 3 19 4 -4.25694 0 37 -4.25694 1
gene 3 19 40 1.23223 0 110 1.23223 1
gene 3 40 4 -4.92883 0 111 -4.92883 1
gene 1 1 19 0.131496 0 237 0.131496 1
genomeend 119

/* Organism #120 Fitness: 4.00048 Error: 1.99988 */
genomestart 120
trait 1 0.247145 0.054724 0.110901 0 0 0 0.257091 0 
trait 2 0.2 0 0 0 0 0 0 0 
trait 3 0.3 0 0 0 0 0 0 0 
node 1 3 1 3
node 2 1 1 1
node 3 3 1 1
node 4 3 0 2
node 8 1 0 0
node 19 1 0 0
node 40 3 0 0
gene 1 1 4 -2.63215 0 1 -2.63215 1
gene 3 2 4 -4.8647 0 2 -4.8647 1
gene 3 3 4 4.79806 0 3 4.79806 1
gene 3 3 8 -1.93403 0 10 -1.93403 0
gene 2 8 4 1.08563 0 11 1.08563 1
gene 3 3 19 -4.87523 0 36 -4.87523 1
gene 3 19 4 -2.66739 0 37 -2.66739 1
gene 3 19 40 0.596561 0 110 0.596561 1
gene 3 40 4 -8 0 111 -8 1
gene 1 1 19 0.000592108 0 237 0.000592108 1
genomeend 120

/* Organism #121 Fitness: 4 Error: 2 */
genomestart 121
trait 1 0.247145 0.054724 0.110901 0 0 0 0.257091 0 
trait 2 0.2 0 0 0 0 0 0 0 
trait 3 0.3 0 0 0 0 0 0 0 
node 1 3 1 3
node 2 1 1 1
node 3 3 1 1
node 4 3 0 2
node 8 1 0 0
node 19 1 0 0
node 40 3 0 0
gene 3 1 4 -1.99942 0 1 -1.99942 1
gene 3 2 4 -3.63326 0 2 -3.63326 1
gene 3 3 4 -0.738312 0 3 -0.738312 1
gene 3 3 8 -0.226947 0 10 -0.226947 0
gene 2 8 4 0.743789 0 11 0.743789 1
gene 3 3 19 -4.26819 0 36 -4.26819 1
gene 3 19 4 -2.24718 0 37 -2.24718 1
gene 3 19 40 0.760178 0 110 0.760178 1
gene 3 40 4 -6.69316 0 111 -6.69316 1
gene 1 1 19 -1.80279 0 237 -1.80279 1
genomeend 121

/* Species #19 : (Size 9) (AF 6.62273) (Age 11)  */


/* Organism #122 Fitness: 9 Error: 1 */
genomestart 122
trait 1 0 0.0256519 0.0450535 0.0170811 0.0651376 0 0.29962 0 
trait 2 0.2 0 0 0.0125817 0 0 0 0.198675 
trait 3 0.3 0 0 0 0 0 0 0 
node 1 3 1 3
node 2 1 1 1
node 3 3 1 1
node 4 3 0 2
node 8 1 0 0
node 35 1 0 0
node 67 1 0 0
gene 3 1 4 -4.05297 0 1 -4.05297 1
gene 3 2 4 -7.87868 0 2 -7.87868 1
gene 3 3 4 8 0 3 8 1
gene 3 3 8 1.33623 0 10 1.33623 1
gene 3 8 4 -1.33411 0 11 -1.33411 0
gene 2 1 8 0.684184 0 40 0.684184 1
gene 3 8 35 0.723553 0 95 0.723553 0
gene 3 35 4 0.0480557 0 96 0.0480557 1
gene 2 1 35 2.41583 0 149 2.41583 1
gene 2 2 8 3.91053 0 196 3.91053 1
gene 3 8 67 0.773467 0 202 0.773467 1
gene 3 67 35 -1.31503 0 203 -1.31503 1
genomeend 122

/* Organism #123 Fitness: 3.44465 Error: 2.14402 */
genomestart 123
trait 1 0.0240856 0.0256519 0.0450535 0.0170811 0.0651376 0 0.23997 0 
trait 2 0.2 0 0 0.0130311 0 0 0 0.205771 
trait 3 0.3 0.0917104 0 0 0.0260693 0.198862 0 0.0811324 
node 1 3 1 3
node 2 1 1 1
node 3 3 1 1
node 4 3 0 2
node 8 1 0 0
node 35 1 0 0
node 67 1 0 0
gene 3 1 4 1.03622 0 1 1.03622 1
gene 3 2 4 -5.02319 0 2 -5.02319 1
gene 3 3 4 8 0 3 8 1
gene 3 3 8 0.636027 0 10 0.636027 1
gene 3 8 4 -0.518221 0 11 -0.518221 1
gene 2 1 8 -0.126453 0 40 -0.126453 1
gene 3 8 35 -2.32619 0 95 -2.32619 0
gene 3 35 4 -1.21719 0 96 -1.21719 1
gene 2 1 35 2.41583 0 149 2.41583 1
gene 2 2 8 3.20542 0 196 3.20542 1
gene 3 8 67 -2.24969 0 202 -2.24969 1
gene 3 67 35 -2.37842 0 203 -2.37842 1
genomeend 123

/* Organism #124 Fitness: 3.94543 Error: 2.01369 */
genomestart 124
trait 1 0.0240856 0.0256519 0.0450535 0.0170811 0.0651376 0 0.23997 0 
trait 2 0.2 0 0 0.0130311 0 0 0 0.205771 
trait 3 0.3 0.0917104 0 0 0.0260693 0.198862 0 0.0811324 
node 1 3 1 3
node 2 1 1 1
node 3 3 1 1
node 4 3 0 2
node 8 1 0 0
node 35 1 0 0
node 67 1 0 0
gene 3 1 4 -4.20442 0 1 -4.20442 1
gene 3 2 4 0.307507 0 2 0.307507 1
gene 3 3 4 -0.609568 0 3 -0.609568 1
gene 3 3 8 1.47141 0 10 1.47141 1
gene 3 8 4 -1.7669 0 11 -1.7669 0
gene 2 1 8 -1.16903 0 40 -1.16903 1
gene 3 8 35 1.34455 0 95 1.34455 0
gene 3 35 4 3.44697 0 96 3.44697 1
gene 2 1 35 1.97683 0 149 1.97683 1
gene 2 2 8 3.91053 0 196 3.91053 1
gene 3 8 67 2.61149 0 202 2.61149 1
gene 3 67 35 -2.52115 0 203 -2.52115 1
genomeend 124

/* Organism #125 Fitness: 3.21458 Error: 2.20707 */
genomestart 125
trait 1 0.0120428 0.0256519 0.0450535 0.0170811 0.0651376 0 0.269795 0 
trait 2 0.2 0 0 0.0128064 0 0 0 0.202223 
trait 3 0.3 0.0458552 0 0 0.0130346 0.099431 0 0.0405662 
node 1 3 1 3
node 2 1 1 1
node 3 3 1 1
node 4 3 0 2
node 8 1 0 0
node 35 1 0 0
node 67 1 0 0
gene 3 1 4 -3.81508 0 1 -3.81508 1
gene 3 2 4 -6.03928 0 2 -6.03928 1
gene 3 3 4 8 0 3 8 1
gene 3 3 8 1.67405 0 10 1.67405 1
gene 3 8 4 -1.68647 0 11 -1.68647 0
gene 2 1 8 -1.51324 0 40 -1.51324 1
gene 3 8 35 -2.88661 0 95 -2.88661 0
gene 3 35 4 3.54312 0 96 3.54312 1
gene 2 1 35 0.818074 0 149 0.818074 1
gene 2 2 8 5.9511 0 196 5.9511 1
gene 3 8 67 0.773467 0 202 0.773467 1
gene 3 67 35 2.05671 0 203 2.05671 1
genomeend 125

/* Organism #126 Fitness: 8.99989 Error: 1.00002 */
genomestart 126
trait 1 0.0120428 0.0256519 0.0450535 0.0170811 0.0651376 0 0.269795 0 
trait 2 0.2 0 0 0.0128064 0 0 0 0.202223 
trait 3 0.3 0.0458552 0 0 0.0130346 0.099431 0 0.0405662 
node 1 3 1 3
node 2 1 1 1
node 3 3 1 1
node 4 3 0 2
node 8 1 0 0
node 35 1 0 0
node 67 1 0 0
gene 3 1 4 -5.80198 0 1 -5.80198 1
gene 3 2 4 -8 0 2 -8 1
gene 3 3 4 8 0 3 8 1
gene 3 3 8 3.20681 0 10 3.20681 1
gene 3 8 4 -3.18337 0 11 -3.18337 0
gene 2 1 8 0.222989 0 40 0.222989 1
gene 3 8 35 1.58801 0 95 1.58801 0
gene 3 35 4 0.822349 0 96 0.822349 1
gene 2 1 35 3.23067 0 149 3.23067 1
gene 2 2 8 5.01268 0 196 5.01268 1
gene 3 8 67 0.977768 0 202 0.977768 1
gene 3 67 35 -4.02925 0 203 -4.02925 1
genomeend 126

/* Organism #127 Fitness: 4 Error: 2 */
genomestart 127
trait 1 0.0120428 0.0256519 0.0450535 0.0170811 0.0651376 0 0.269795 0 
trait 2 0.2 0 0 0.0128064 0 0 0 0.202223 
trait 3 0.3 0.0458552 0 0 0.0130346 0.099431 0 0.0405662 
node 1 3 1 3
node 2 1 1 1
node 3 3 1 1
node 4 3 0 2
node 8 1 0 0
node 35 1 0 0
node 67 1 0 0
gene 3 1 4 -4.05297 0 1 -4.05297 1
gene 3 2 4 -7.87868 0 2 -7.87868 1
gene 3 3 4 0.936139 0 3 0.936139 1
gene 3 3 8 0.738652 0 10 0.738652 1
gene 3 8 4 -2.53689 0 11 -2.53689 0
gene 2 1 8 0.771264 0 40 0.771264 1
gene 3 8 35 2.26226 0 95 2.26226 0
gene 3 35 4 -0.621459 0 96 -0.621459 1
gene 2 1 35 -1.05449 0 149 -1.05449 1
gene 2 2 8 1.62063 0 196 1.62063 1
gene 3 8 67 0.104131 0 202 0.104131 1
gene 3 67 35 -2.94433 0 203 -2.94433 1
genomeend 127

/* Organism #128 Fitness: 8.99999 Error: 1 */
genomestart 128
trait 1 0.0240856 0.0256519 0.0450535 0.0170811 0.0651376 0 0.23997 0 
trait 2 0.2 0 0 0.0130311 0 0 0 0.205771 
trait 3 0.3 0.0917104 0 0 0.0260693 0.198862 0 0.0811324 
node 1 3 1 3
node 2 1 1 1
node 3 3 1 1
node 4 3 0 2
node 8 1 0 0
node 35 1 0 0
node 67 1 0 0
gene 3 1 4 -2.60412 0 1 -2.60412 1
gene 3 2 4 -8 0 2 -8 1
gene 3 3 4 6.41379 0 3 6.41379 1
gene 3 3 8 2.18026 0 10 2.18026 1
gene 3 8 4 0.971776 0 11 0.971776 0
gene 2 1 8 0.917736 0 40 0.917736 1
gene 3 8 35 0.0144936 0 95 0.0144936 0
gene 3 35 4 -2.31805 0 96 -2.31805 1
gene 2 1 35 2.28269 0 149 2.28269 1
gene 2 2 8 4.63888 0 196 4.63888 1
gene 3 8 67 1.75521 0 202 1.75521 1
gene 3 67 35 -3.2213 0 203 -3.2213 1
genomeend 128

/* Organism #129 Fitness: 9 Error: 1 */
genomestart 129
trait 1 0.0240856 0.0256519 0.0450535 0.0170811 0.0651376 0 0.23997 0 
trait 2 0.2 0 0 0.0130311 0 0 0 0.205771 
trait 3 0.3 0.0917104 0 0 0.0260693 0.198862 0 0.0811324 
node 1 3 1 3
node 2 1 1 1
node 3 3 1 1
node 4 3 0 2
node 8 1 0 0
node 35 1 0 0
node 67 1 0 0
gene 3 1 4 -6.02689 0 1 -6.02689 1
gene 3 2 4 -8 0 2 -8 1
gene 3 3 4 8 0 3 8 1
gene 3 3 8 2.23347 0 10 2.23347 1
gene 3 8 4 -2.7299 0 11 -2.7299 0
gene 2 1 8 -0.627071 0 40 -0.627071 1
gene 3 8 35 0.546467 0 95 0.546467 0
gene 3 35 4 1.37406 0 96 1.37406 1
gene 2 1 35 0.909401 0 149 0.909401 1
gene 2 2 8 3.91053 0 196 3.91053 1
gene 3 8 67 3.29068 0 202 3.29068 1
gene 3 67 35 1.40053 0 203 1.40053 1
genomeend 129

/* Organism #130 Fitness: 9 Error: 1 */
genomestart 130
trait 1 0.0120428 0.0256519 0.0450535 0.0170811 0.0651376 0 0.269795 0 
trait 2 0.2 0 0 0.0128064 0 0 0 0.202223 
trait 3 0.3 0.0458552 0 0 0.0130346 0.099431 0 0.0405662 
node 1 3 1 3
node 2 1 1 1
node 3 3 1 1
node 4 3 0 2
node 8 1 0 0
node 35 1 0 0
node 67 1 0 0
gene 3 1 4 -4.98095 0 1 -4.98095 1
gene 3 2 4 -7.87868 0 2 -7.87868 1
gene 3 3 4 8 0 3 8 1
gene 3 3 8 1.33623 0 10 1.33623 1
gene 3 8 4 -1.33411 0 11 -1.33411 0
gene 2 1 8 0.684184 0 40 0.684184 1
gene 3 8 35 0.723553 0 95 0.723553 0
gene 3 35 4 0.0480557 0 96 0.0480557 1
gene 2 1 35 2.41583 0 149 2.41583 1
gene 2 2 8 3.91053 0 196 3.91053 1
gene 3 8 67 1.18207 0 202 1.18207 1
gene 3 67 35 -1.31503 0 203 -1.31503 1
genomeend 130

/* Species #20 : (Size 7) (AF 3.87617) (Age 6)  */


/* Organism #131 Fitness: 8.99941 Error: 1.0001 */
genomestart 131
trait 1 0.0963424 0.0256519 0.0450535 0.0170811 0.0651376 0 0.0610207 0 
trait 2 0.2 0 0 0 0 0 0 0 
trait 3 0.3 0 0 0 0 0 0 0 
node 1 3 1 3
node 2 1 1 1
node 3 3 1 1
node 4 3 0 2
node 8 1 0 0
node 35 1 0 0
node 76 1 0 0
gene 3 1 4 -3.96707 0 1 -3.96707 1
gene 3 2 4 -4.05455 0 2 -4.05455 1
gene 3 3 4 3.59147 0 3 3.59147 1
gene 2 3 8 1.83428 0 10 1.83428 1
gene 3 8 4 8 0 11 8 0
gene 2 1 8 -0.765178 0 40 -0.765178 1
gene 3 8 35 0.382274 0 95 0.382274 0
gene 3 35 4 2.40781 0 96 2.40781 1
gene 2 1 35 2.2053 0 149 2.2053 1
gene 3 8 76 -1.49115 0 234 -1.49115 1
gene 3 76 35 -4.58328 0 235 -4.58328 1
genomeend 131

/* Organism #132 Fitness: 4.12965 Error: 1.96784 */
genomestart 132
trait 1 0.0963424 0.0256519 0.0450535 0.0170811 0.0651376 0 0.0610207 0 
trait 2 0.2 0 0 0 0 0 0 0 
trait 3 0.3 0 0 0 0 0 0 0 
node 1 3 1 3
node 2 1 1 1
node 3 3 1 1
node 4 3 0 2
node 8 1 0 0
node 35 1 0 0
node 76 1 0 0
gene 3 1 4 -2.1729 0 1 -2.1729 1
gene 3 2 4 -1.93349 0 2 -1.93349 1
gene 3 3 4 4.79758 0 3 4.79758 1
gene 2 3 8 2.40613 0 10 2.40613 1
gene 3 8 4 1.30549 0 11 1.30549 0
gene 2 1 8 -2.49943 0 40 -2.49943 1
gene 3 8 35 1.8223 0 95 1.8223 0
gene 3 35 4 4.37175 0 96 4.37175 1
gene 2 1 35 -0.287443 0 149 -0.287443 1
gene 3 8 76 1.93739 0 234 1.93739 1
gene 3 76 35 -2.24921 0 235 -2.24921 1
genomeend 132

/* Organism #133 Fitness: 4.00004 Error: 1.99999 */
genomestart 133
trait 1 0.0963424 0.0256519 0.0450535 0.0170811 0.0651376 0 0.0610207 0 
trait 2 0.2 0 0 0 0 0 0 0 
trait 3 0.3 0 0 0 0 0 0 0 
node 1 3 1 3
node 2 1 1 1
node 3 3 1 1
node 4 2 0 2
node 8 1 0 0
node 35 1 0 0
node 76 1 0 0
gene 3 1 4 -4.72595 0 1 -4.72595 1
gene 3 2 4 -5.38719 0 2 -5.38719 1
gene 3 3 4 2.61448 0 3 2.61448 1
gene 3 3 8 -0.15466 0 10 -0.15466 1
gene 3 8 4 8 0 11 8 0
gene 2 1 8 -1.0645 0 40 -1.0645 1
gene 3 8 35 2.26275 0 95 2.26275 0
gene 3 35 4 -1.71924 0 96 -1.71924 1
gene 2 1 35 1.99779 0 149 1.99779 1
gene 3 8 76 0.85067 0 234 0.85067 1
gene 3 76 35 -4.74025 0 235 -4.74025 1
genomeend 133

/* Organism #134 Fitness: 3.99995 Error: 2.00001 */
genomestart 134
trait 1 0.0963424 0.0256519 0.0450535 0.0170811 0.0651376 0 0.0610207 0 
trait 2 0.2 0 0 0 0 0 0 0 
trait 3 0.3 0 0 0 0 0 0 0 
node 1 3 1 3
node 2 1 1 1
node 3 3 1 1
node 4 3 0 2
node 8 1 0 0
node 35 1 0 0
node 76 1 0 0
gene 3 1 4 -3.96707 0 1 -3.96707 1
gene 3 2 4 -4.05455 0 2 -4.05455 1
gene 3 3 4 3.59147 0 3 3.59147 1
gene 2 3 8 1.83428 0 10 1.83428 1
gene 3 8 4 8 0 11 8 1
gene 2 1 8 -0.765178 0 40 -0.765178 1
gene 3 8 35 0.382274 0 95 0.382274 0
gene 3 35 4 2.40781 0 96 2.40781 1
gene 2 1 35 2.2053 0 149 2.2053 1
gene 3 8 76 -1.49115 0 234 -1.49115 1
gene 3 76 35 -4.58328 0 235 -4.58328 1
genomeend 134

/* Organism #135 Fitness: 4 Error: 2 */
genomestart 135
trait 1 0.0963424 0.0256519 0.0450535 0.0170811 0.0651376 0 0.0610207 0 
trait 2 0.2 0 0 0 0 0 0 0 
trait 3 0.3 0 0 0 0 0 0 0 
node 1 3 1 3
node 2 1 1 1
node 3 3 1 1
node 4 3 0 2
node 8 1 0 0
node 35 1 0 0
node 76 1 0 0
gene 3 1 4 -3.96707 0 1 -3.96707 1
gene 3 2 4 -3.95931 0 2 -3.95931 1
gene 3 3 4 -1.94306 0 3 -1.94306 1
gene 2 3 8 0.0147041 0 10 0.0147041 1
gene 3 8 4 8 0 11 8 1
gene 2 1 8 -0.765178 0 40 -0.765178 1
gene 3 8 35 1.30194 0 95 1.30194 0
gene 3 35 4 4.87531 0 96 4.87531 1
gene 2 1 35 1.46237 0 149 1.46237 1
gene 3 8 76 -0.0926168 0 234 -0.0926168 1
gene 3 76 35 -6.84934 0 235 -6.84934 1
genomeend 135

/* Organism #136 Fitness: 1.0003 Error: 2.99985 */
genomestart 136
trait 1 0.0963424 0.0256519 0.0450535 0.0170811 0.0651376 0 0.0610207 0 
trait 2 0.2 0 0 0 0 0 0 0 
trait 3 0 0 0 0 0 0 0 0 
node 1 3 1 3
node 2 1 1 1
node 3 3 1 1
node 4 3 0 2
node 8 1 0 0
node 35 1 0 0
node 76 1 0 0
gene 3 1 4 1.4525 0 1 1.4525 1
gene 3 2 4 -4.86937 0 2 -4.86937 1
gene 3 3 4 5.26869 0 3 5.26869 1
gene 2 3 8 2.66551 0 10 2.66551 1
gene 3 8 4 -2.39492 0 11 -2.39492 0
gene 2 1 8 -0.882375 0 40 -0.882375 1
gene 3 8 35 -0.819981 0 95 -0.819981 0
gene 3 35 4 0.363378 0 96 0.363378 1
gene 2 1 35 2.15096 0 149 2.15096 1
gene 3 8 76 -2.07379 0 234 -2.07379 1
gene 3 76 35 1.65906 0 235 1.65906 1
genomeend 136

/* Organism #137 Fitness: 1.00384 Error: 2.99808 */
genomestart 137
trait 1 0.0963424 0.0256519 0.0450535 0.0170811 0.0651376 0 0.0610207 0 
trait 2 0.2 0 0 0 0 0 0 0 
trait 3 0.3 0 0 0 0 0 0 0 
node 1 3 1 3
node 2 1 1 1
node 3 3 1 1
node 4 3 0 2
node 8 1 0 0
node 35 1 0 0
node 76 1 0 0
gene 3 1 4 -0.876574 0 1 -0.876574 1
gene 3 2 4 -3.93519 0 2 -3.93519 1
gene 3 3 4 3.64147 0 3 3.64147 1
gene 3 3 8 2.68753 0 10 2.68753 1
gene 3 8 4 8 0 11 8 0
gene 2 1 8 -1.75628 0 40 -1.75628 1
gene 3 8 35 0.32661 0 95 0.32661 0
gene 3 35 4 2.49103 0 96 2.49103 1
gene 2 1 35 1.21345 0 149 1.21345 1
gene 3 8 76 -2.70123 0 234 -2.70123 1
gene 3 76 35 -0.0258115 0 235 -0.0258115 1
genomeend 137

/* Species #21 : (Size 7) (AF 7.59231) (Age 3)  */


/* Organism #138 Fitness: 9 Error: 1 */
genomestart 138
trait 1 0.0963424 0.0256519 0.0450535 0.0170811 0.0651376 0 0.0610207 0 
trait 2 0.2 0 0 0 0 0 0 0 
trait 3 0.3 0 0 0 0.149215 0.234674 0 0 
node 1 3 1 3
node 2 1 1 1
node 3 3 1 1
node 4 3 0 2
node 8 1 0 0
node 35 1 0 0
node 83 1 0 0
node 87 1 0 0
gene 3 1 4 -6.23044 0 1 -6.23044 1
gene 3 2 4 -8 0 2 -8 1
gene 3 3 4 8 0 3 8 1
gene 2 3 8 8 0 10 8 1
gene 3 8 4 2.68758 0 11 2.68758 0
gene 2 1 8 -2.69266 0 40 -2.69266 1
gene 3 8 35 1.50791 0 95 1.50791 0
gene 3 35 4 1.71436 0 96 1.71436 1
gene 2 1 35 1.26642 0 149 1.26642 1
gene 3 8 83 1 0 262 0 1
gene 3 83 35 1.50791 0 263 0 1
gene 1 3 83 -0.512143 0 269 -0.512143 0
gene 1 3 87 1 0 285 0 1
gene 1 87 83 -0.512143 0 286 0 1
genomeend 138

/* Organism #139 Fitness: 4.28137 Error: 1.93085 */
genomestart 139
trait 1 0.0963424 0.0256519 0.0450535 0.0170811 0.0651376 0 0.0610207 0 
trait 2 0.2 0 0 0 0 0 0 0 
trait 3 0.3 0 0 0 0.149215 0.234674 0 0 
node 1 3 1 3
node 2 1 1 1
node 3 3 1 1
node 4 3 0 2
node 8 1 0 0
node 35 1 0 0
node 83 1 0 0
node 87 1 0 0
gene 3 1 4 -7.76005 0 1 -7.76005 1
gene 3 2 4 -0.320772 0 2 -0.320772 1
gene 3 3 4 5.58269 0 3 5.58269 1
gene 2 3 8 8 0 10 8 1
gene 3 8 4 2.3451 0 11 2.3451 0
gene 2 1 8 -3.50075 0 40 -3.50075 1
gene 3 8 35 2.52544 0 95 2.52544 0
gene 3 35 4 1.71436 0 96 1.71436 1
gene 2 1 35 0.800659 0 149 0.800659 1
gene 3 8 83 0.568662 0 262 0.568662 1
gene 3 83 35 0.261882 0 263 0.261882 1
gene 1 3 83 -0.512143 0 269 -0.512143 0
gene 1 3 87 -0.779321 0 285 -0.779321 1
gene 1 87 83 1.0969 0 286 1.0969 1
genomeend 139

/* Organism #140 Fitness: 9 Error: 1 */
genomestart 140
trait 1 0.0963424 0.0256519 0.0450535 0.0170811 0.0651376 0 0.0610207 0 
trait 2 0.2 0 0 0 0 0 0 0 
trait 3 0.3 0 0 0 0.149215 0.234674 0 0 
node 1 3 1 3
node 2 1 1 1
node 3 3 1 1
node 4 3 0 2
node 8 1 0 0
node 35 1 0 0
node 83 1 0 0
node 87 1 0 0
gene 3 1 4 -6.23044 0 1 -6.23044 1
gene 3 2 4 -8 0 2 -8 1
gene 3 3 4 8 0 3 8 1
gene 2 3 8 8 0 10 8 1
gene 3 8 4 2.68758 0 11 2.68758 0
gene 2 1 8 -2.69266 0 40 -2.69266 1
gene 3 8 35 1.50791 0 95 1.50791 0
gene 3 35 4 1.71436 0 96 1.71436 1
gene 2 1 35 1.26642 0 149 1.26642 1
gene 3 8 83 1 0 262 0 1
gene 3 83 35 1.50791 0 263 0 1
gene 1 3 83 -0.512143 0 269 -0.512143 0
gene 1 3 87 1 0 285 0 1
gene 1 87 83 -0.512143 0 286 0 1
genomeend 140

/* Organism #141 Fitness: 9 Error: 1 */
genomestart 141
trait 1 0.0963424 0.0256519 0.0450535 0.0170811 0.0651376 0 0.0610207 0 
trait 2 0.2 0 0 0 0 0 0 0 
trait 3 0.3 0 0 0 0.149215 0.234674 0 0 
node 1 3 1 3
node 2 1 1 1
node 3 3 1 1
node 4 3 0 2
node 8 1 0 0
node 35 1 0 0
node 83 1 0 0
node 87 1 0 0
gene 3 1 4 -6.23044 0 1 -6.23044 1
gene 3 2 4 -8 0 2 -8 1
gene 3 3 4 8 0 3 8 1
gene 2 3 8 8 0 10 8 1
gene 3 8 4 2.68758 0 11 2.68758 0
gene 2 1 8 -2.69266 0 40 -2.69266 1
gene 3 8 35 1.50791 0 95 1.50791 0
gene 3 35 4 1.71436 0 96 1.71436 1
gene 2 1 35 1.26642 0 149 1.26642 1
gene 3 8 83 1 0 262 0 1
gene 3 83 35 1.50791 0 263 0 1
gene 1 3 83 -0.512143 0 269 -0.512143 0
gene 1 3 87 1 0 285 0 1
gene 1 87 83 -0.512143 0 286 0 1
genomeend 141

/* Organism #142 Fitness: 3.86512 Error: 2.03401 */
genomestart 142
trait 1 0.0963424 0.0256519 0.0450535 0.0170811 0.0651376 0 0.0610207 0 
trait 2 0.2 0 0 0 0 0 0 0 
trait 3 0.3 0 0 0 0.149215 0.234674 0 0 
node 1 3 1 3
node 2 1 1 1
node 3 3 1 1
node 4 3 0 2
node 8 1 0 0
node 35 1 0 0
node 83 1 0 0
node 87 1 0 0
gene 3 1 4 -1.43637 0 1 -1.43637 1
gene 3 2 4 -8 0 2 -8 1
gene 3 3 4 0.853834 0 3 0.853834 1
gene 2 3 8 8 0 10 8 1
gene 3 8 4 3.05786 0 11 3.05786 0
gene 2 1 8 -4.67457 0 40 -4.67457 1
gene 3 8 35 -0.455599 0 95 -0.455599 1
gene 3 35 4 1.94801 0 96 1.94801 1
gene 2 1 35 -1.22304 0 149 -1.22304 1
gene 3 8 83 2.19392 0 262 2.19392 1
gene 3 83 35 1.50791 0 263 1.50791 1
gene 1 3 83 -0.509825 0 269 -0.509825 1
gene 1 3 87 2.15517 0 285 2.15517 1
gene 1 87 83 1.3109 0 286 1.3109 1
genomeend 142

/* Organism #143 Fitness: 9 Error: 1 */
genomestart 143
trait 1 0.0963424 0.0256519 0.0450535 0.0170811 0.0651376 0 0.0610207 0 
trait 2 0.2 0 0 0 0 0 0 0 
trait 3 0.3 0 0 0 0.149215 0.234674 0 0 
node 1 3 1 3
node 2 1 1 1
node 3 3 1 1
node 4 3 0 2
node 8 1 0 0
node 35 1 0 0
node 83 1 0 0
node 87 1 0 0
gene 3 1 4 -6.23044 0 1 -6.23044 1
gene 3 2 4 -8 0 2 -8 1
gene 3 3 4 8 0 3 8 1
gene 2 3 8 8 0 10 8 1
gene 3 8 4 2.68758 0 11 2.68758 0
gene 2 1 8 -2.69266 0 40 -2.69266 1
gene 3 8 35 1.50791 0 95 1.50791 0
gene 3 35 4 1.71436 0 96 1.71436 1
gene 2 1 35 1.26642 0 149 1.26642 1
gene 3 8 83 1 0 262 0 1
gene 3 83 35 1.50791 0 263 0 1
gene 1 3 83 -0.512143 0 269 -0.512143 0
gene 1 3 87 1 0 285 0 1
gene 1 87 83 -0.512143 0 286 0 1
genomeend 143

/* Organism #144 Fitness: 8.99967 Error: 1.00005 */
genomestart 144
trait 1 0.0963424 0.0256519 0.0450535 0.0170811 0.0651376 0 0.0610207 0 
trait 2 0.2 0 0 0 0 0 0 0 
trait 3 0.3 0 0 0 0.149215 0.234674 0 0 
node 1 3 1 3
node 2 1 1 1
node 3 3 1 1
node 4 3 0 2
node 8 1 0 0
node 35 1 0 0
node 83 1 0 0
gene 3 1 4 -4.62382 0 1 -4.62382 1
gene 3 2 4 -7.97072 0 2 -7.97072 1
gene 3 3 4 8 0 3 8 1
gene 2 3 8 8 0 10 8 1
gene 3 8 4 1.70901 0 11 1.70901 0
gene 2 1 8 -1.97818 0 40 -1.97818 1
gene 3 8 35 0.768529 0 95 0.768529 0
gene 3 35 4 2.4737 0 96 2.4737 1
gene 2 1 35 2.66934 0 149 2.66934 1
gene 3 8 83 2.86401 0 262 2.86401 1
gene 3 83 35 1.62418 0 263 1.62418 1
gene 1 3 83 0.0457112 0 269 0.0457112 1
genomeend 144

/* Species #22 : (Size 1) (AF 8.9993) (Age 1)  */


/* Organism #145 Fitness: 8.9993 Error: 1.00012 */
genomestart 145
trait 1 0.0963424 0.0256519 0.0450535 0.0170811 0.0651376 0 0.0610207 0 
trait 2 0.2 0 0 0 0 0 0 0 
trait 3 0.3 0 0 0 0 0 0 0 
node 1 3 1 3
node 2 1 1 1
node 3 3 1 1
node 4 3 0 2
node 8 1 0 0
node 35 1 0 0
node 89 1 0 0
gene 3 1 4 -5.11185 0 1 -5.11185 1
gene 3 2 4 -8 0 2 -8 1
gene 3 3 4 6.53538 0 3 6.53538 0
gene 2 3 8 5.82992 0 10 5.82992 1
gene 3 8 4 2.71165 0 11 2.71165 0
gene 2 1 8 -2.33237 0 40 -2.33237 1
gene 3 8 35 1.50791 0 95 1.50791 1
gene 3 35 4 3.30375 0 96 3.30375 1
gene 2 1 35 -1.26836 0 149 -1.26836 1
gene 3 3 89 1 0 291 0 1
gene 3 89 4 6.53538 0 292 0 1
genomeend 145

/* Species #23 : (Size 3) (AF 8.42011) (Age 1)  */


/* Organism #146 Fitness: 7.26036 Error: 1.3055 */
genomestart 146
trait 1 0.0963424 0.0256519 0.0450535 0.0170811 0.0651376 0 0.0610207 0 
trait 2 0.2 0 0 0 0 0 0 0 
trait 3 0.3 0 0 0 0.149215 0.234674 0 0 
node 1 3 1 3
node 2 1 1 1
node 3 3 1 1
node 4 3 0 2
node 8 1 0 0
node 35 1 0 0
node 83 1 0 0
gene 3 1 4 -8 0 1 -8 1
gene 3 2 4 -5.6115 0 2 -5.6115 1
gene 3 3 4 8 0 3 8 1
gene 2 3 8 8 0 10 8 1
gene 3 8 4 -1.82004 0 11 -1.82004 0
gene 2 1 8 -2.69188 0 40 -2.69188 1
gene 3 8 35 2.28404 0 95 2.28404 0
gene 3 35 4 2.58254 0 96 2.58254 1
gene 2 1 35 0.158354 0 149 0.158354 1
gene 3 8 83 0.589343 0 262 0.589343 1
gene 3 83 35 -1.18064 0 263 -1.18064 1
gene 1 3 83 -0.512143 0 269 -0.512143 1
gene 3 2 83 -1.03598 0 284 -1.03598 1
genomeend 146

/* Organism #147 Fitness: 8.99998 Error: 1 */
genomestart 147
trait 1 0.0963424 0.0256519 0.0450535 0.0170811 0.0651376 0 0.0610207 0 
trait 2 0.2 0 0 0 0 0 0 0 
trait 3 0.3 0 0 0 0.149215 0.234674 0 0 
node 1 3 1 3
node 2 1 1 1
node 3 3 1 1
node 4 3 0 2
node 8 1 0 0
node 35 1 0 0
node 83 1 0 0
gene 3 1 4 -5.29661 0 1 -5.29661 1
gene 3 2 4 -8 0 2 -8 1
gene 3 3 4 5.93478 0 3 5.93478 1
gene 2 3 8 6.718 0 10 6.718 1
gene 3 8 4 1.38977 0 11 1.38977 0
gene 2 1 8 -4.41922 0 40 -4.41922 1
gene 3 8 35 3.88155 0 95 3.88155 0
gene 3 35 4 2.75618 0 96 2.75618 1
gene 2 1 35 1.63919 0 149 1.63919 1
gene 3 8 83 0.149147 0 262 0.149147 1
gene 3 83 35 0.376579 0 263 0.376579 1
gene 1 3 83 1.90119 0 269 1.90119 1
gene 1 2 83 -0.039348 0 284 -0.039348 1
genomeend 147

/* Organism #148 Fitness: 9 Error: 1 */
genomestart 148
trait 1 0.0963424 0.0256519 0.0450535 0.0170811 0.0651376 0 0.0610207 0 
trait 2 0.2 0 0 0 0 0 0 0 
trait 3 0.3 0 0 0 0.149215 0.234674 0 0 
node 1 3 1 3
node 2 1 1 1
node 3 3 1 1
node 4 3 0 2
node 8 1 0 0
node 35 1 0 0
node 83 1 0 0
gene 3 1 4 -5.12065 0 1 -5.12065 1
gene 3 2 4 -7.19226 0 2 -7.19226 1
gene 3 3 4 8 0 3 8 1
gene 2 3 8 8 0 10 8 1
gene 3 8 4 2.80445 0 11 2.80445 0
gene 2 1 8 -2.25416 0 40 -2.25416 1
gene 3 8 35 3.40606 0 95 3.40606 0
gene 3 35 4 1.67656 0 96 1.67656 1
gene 2 1 35 -0.397486 0 149 -0.397486 1
gene 3 8 83 -1.33065 0 262 -1.33065 1
gene 3 83 35 1.24632 0 263 1.24632 1
gene 1 3 83 0.746612 0 269 0.746612 1
gene 1 2 83 -0.662968 0 284 -0.662968 1
genomeend 148

/* Species #24 : (Size 1) (AF 9) (Age 1)  */


/* Organism #149 Fitness: 9 Error: 1 */
genomestart 149
trait 1 0.0963424 0.0256519 0.0450535 0.0170811 0.0651376 0 0.0610207 0 
trait 2 0.2 0 0 0 0 0 0 0 
trait 3 0.3 0 0 0 0.149215 0.234674 0 0 
node 1 3 1 3
node 2 1 1 1
node 3 3 1 1
node 4 3 0 2
node 8 1 0 0
node 35 1 0 0
node 83 1 0 0
node 91 1 0 0
gene 3 1 4 -6.23044 0 1 -6.23044 1
gene 3 2 4 -8 0 2 -8 1
gene 3 3 4 8 0 3 8 1
gene 2 3 8 8 0 10 8 1
gene 3 8 4 2.68758 0 11 2.68758 0
gene 2 1 8 -2.69266 0 40 -2.69266 1
gene 3 8 35 1.50791 0 95 1.50791 0
gene 3 35 4 1.71436 0 96 1.71436 1
gene 2 1 35 1.26642 0 149 1.26642 1
gene 3 8 83 1 0 262 0 1
gene 3 83 35 1.50791 0 263 0 1
gene 1 3 83 -0.512143 0 269 -0.512143 0
gene 1 3 91 1 0 296 0 1
gene 1 91 83 -0.512143 0 297 0 1
genomeend 149
