
/* Species #1 : (Size 9) (AF 7.05369) (Age 29)  */


/* Organism #0 Fitness: 9 Error: 1 */
genomestart 0
trait 1 0.355706 0.0544833 0 0 0 0 0 0 
trait 2 0.388784 0.09744 0 0 0 0 0.165096 0.154205 
trait 3 0.3 0 0 0 0 0 0 0 
node 1 2 1 3
node 2 1 1 1
node 3 3 1 1
node 4 1 0 2
gene 1 1 4 -4.03766 0 1 -4.03766 1
gene 3 2 4 8 0 2 8 1
gene 1 3 4 8 0 3 8 1
genomeend 0

/* Organism #1 Fitness: 4.00002 Error: 1.99999 */
genomestart 1
trait 1 0.355706 0.0544833 0 0 0 0 0 0 
trait 2 0.388784 0.09744 0 0 0 0 0.165096 0.154205 
trait 3 0.3 0 0 0 0 0 0 0 
node 1 2 1 3
node 2 1 1 1
node 3 3 1 1
node 4 1 0 2
gene 1 1 4 2.46066 0 1 2.46066 1
gene 3 2 4 6.52607 0 2 6.52607 1
gene 1 3 4 8 0 3 8 1
genomeend 1

/* Organism #2 Fitness: 4 Error: 2 */
genomestart 2
trait 1 0.338271 0.0507686 0 0 0 0 0 0 
trait 2 0.389238 0.0976372 0 0 0 0 0.16545 0.154564 
trait 3 0.3 0 0 0 0 0 0 0 
node 1 2 1 3
node 2 1 1 1
node 3 3 1 1
node 4 1 0 2
gene 1 1 4 -5.0062 0 1 -5.0062 1
gene 3 2 4 0.654828 0 2 0.654828 1
gene 1 3 4 -1.67792 0 3 -1.67792 1
genomeend 2

/* Organism #3 Fitness: 3.99999 Error: 2 */
genomestart 3
trait 1 0.346988 0.052626 0 0 0 0 0 0 
trait 2 0.389011 0.0975386 0 0 0 0 0.165273 0.154384 
trait 3 0.3 0 0 0 0 0 0 0 
node 1 2 1 3
node 2 1 1 1
node 3 3 1 1
node 4 1 0 2
gene 1 1 4 -2.65327 0 1 -2.65327 1
gene 3 2 4 8 0 2 8 1
gene 1 3 4 -1.54618 0 3 -1.54618 1
genomeend 3

/* Organism #4 Fitness: 9 Error: 1 */
genomestart 4
trait 1 0.338271 0.0507686 0 0 0 0 0 0 
trait 2 0.389238 0.0976372 0 0 0 0 0.16545 0.154564 
trait 3 0.3 0 0 0 0 0 0 0 
node 1 2 1 3
node 2 1 1 1
node 3 3 1 1
node 4 1 0 2
gene 1 1 4 -3.33704 0 1 -3.33704 1
gene 3 2 4 8 0 2 8 1
gene 1 3 4 8 0 3 8 1
genomeend 4

/* Organism #5 Fitness: 9 Error: 1 */
genomestart 5
trait 1 0.355706 0.0544833 0 0 0 0 0 0 
trait 2 0.388784 0.09744 0 0 0 0 0.165096 0.154205 
trait 3 0.3 0 0 0 0 0 0 0 
node 1 2 1 3
node 2 1 1 1
node 3 3 1 1
node 4 1 0 2
gene 1 1 4 -4.03766 0 1 -4.03766 1
gene 3 2 4 8 0 2 8 1
gene 1 3 4 8 0 3 8 1
genomeend 5

/* Organism #6 Fitness: 6.48328 Error: 1.45377 */
genomestart 6
trait 1 0.355706 0.0544833 0 0 0 0 0 0 
trait 2 0.388784 0.09744 0 0 0 0 0.165096 0.154205 
trait 3 0.3 0 0 0 0 0 0 0 
node 1 2 1 3
node 2 1 1 1
node 3 3 1 1
node 4 1 0 2
node 82 1 0 0
gene 1 1 4 -4.03766 0 1 -4.03766 1
gene 3 2 4 8 0 2 8 1
gene 1 3 4 8 0 3 8 0
gene 1 3 82 1 0 247 0 1
gene 1 82 4 8 0 248 0 1
genomeend 6

/* Organism #7 Fitness: 8.99997 Error: 1.00001 */
genomestart 7
trait 1 0.355706 0.0544833 0 0 0 0 0 0 
trait 2 0.388784 0.09744 0 0 0 0 0.165096 0.154205 
trait 3 0.3 0 0 0 0 0 0 0 
node 1 2 1 3
node 2 1 1 1
node 3 3 1 1
node 4 1 0 2
gene 1 1 4 -3.89549 0 1 -3.89549 1
gene 3 2 4 8 0 2 8 1
gene 1 3 4 6.34556 0 3 6.34556 1
genomeend 7

/* Organism #8 Fitness: 8.99994 Error: 1.00001 */
genomestart 8
trait 1 0.346988 0.052626 0 0 0 0 0 0 
trait 2 0.389011 0.0975386 0 0 0 0 0.165273 0.154384 
trait 3 0.3 0 0 0 0 0 0 0 
node 1 2 1 3
node 2 1 1 1
node 3 3 1 1
node 4 1 0 2
gene 1 1 4 -5.11319 0 1 -5.11319 1
gene 3 2 4 7.47175 0 2 7.47175 1
gene 1 3 4 8 0 3 8 1
genomeend 8

/* Species #2 : (Size 9) (AF 6.33628) (Age 25)  */


/* Organism #9 Fitness: 9 Error: 1 */
genomestart 9
trait 1 0.1 0 0 0 0 0 0 0 
trait 2 0.386719 0 0 0 0 0 0 0 
trait 3 0.3 0 0 0 0 0 0 0 
node 1 2 1 3
node 2 3 1 1
node 3 1 1 1
node 4 3 0 2
node 10 1 0 0
gene 3 1 4 -7.35262 0 1 -7.35262 1
gene 1 2 4 4.54837 0 2 4.54837 1
gene 1 3 4 -8 0 3 -8 1
gene 1 2 10 4.29477 0 14 4.29477 1
gene 1 10 4 6.75264 0 15 6.75264 1
gene 2 3 10 3.48016 0 124 3.48016 1
gene 3 1 10 -1.21307 0 149 -1.21307 1
genomeend 9

/* Organism #10 Fitness: 4 Error: 2 */
genomestart 10
trait 1 0.1 0 0 0 0 0 0 0 
trait 2 0.386719 0 0 0 0 0 0 0 
trait 3 0.3 0 0 0 0 0 0 0 
node 1 2 1 3
node 2 3 1 1
node 3 2 1 1
node 4 3 0 2
node 10 1 0 0
gene 3 1 4 -7.1227 0 1 -7.1227 1
gene 1 2 4 8 0 2 8 1
gene 1 3 4 -5.73686 0 3 -5.73686 1
gene 1 2 10 1.53929 0 14 1.53929 1
gene 1 10 4 8 0 15 8 1
gene 2 3 10 2.5848 0 124 2.5848 1
gene 3 1 10 -0.657192 0 149 -0.657192 1
genomeend 10

/* Organism #11 Fitness: 1.00177 Error: 2.99912 */
genomestart 11
trait 1 0.1 0 0 0 0 0 0 0 
trait 2 0.386719 0 0 0 0 0 0 0 
trait 3 0.3 0 0 0 0 0 0 0 
node 1 2 1 3
node 2 3 1 1
node 3 2 1 1
node 4 3 0 2
node 10 1 0 0
gene 3 1 4 -1.28073 0 1 -1.28073 1
gene 1 2 4 5.52399 0 2 5.52399 1
gene 1 3 4 -8 0 3 -8 1
gene 1 2 10 3.4244 0 14 3.4244 1
gene 1 10 4 5.18461 0 15 5.18461 1
gene 2 3 10 2.68374 0 124 2.68374 1
gene 3 1 10 0.711469 0 149 0.711469 1
genomeend 11

/* Organism #12 Fitness: 3.90525 Error: 2.02383 */
genomestart 12
trait 1 0 0 0 0.0494645 0 0 0 0 
trait 2 0.386719 0 0 0 0 0 0 0 
trait 3 0.3 0 0 0 0 0 0 0 
node 1 2 1 3
node 2 3 1 1
node 3 1 1 1
node 4 3 0 2
node 10 1 0 0
gene 3 1 4 -0.75392 0 1 -0.75392 1
gene 1 2 4 3.86151 0 2 3.86151 1
gene 1 3 4 -8 0 3 -8 1
gene 1 2 10 6.40017 0 14 6.40017 1
gene 1 10 4 7.37296 0 15 7.37296 1
gene 2 3 10 -0.153084 0 124 -0.153084 1
gene 3 1 10 -3.01896 0 149 -3.01896 1
genomeend 12

/* Organism #13 Fitness: 8.99997 Error: 1.00001 */
genomestart 13
trait 1 0.1 0 0 0 0 0 0 0 
trait 2 0.386719 0 0 0 0 0 0 0 
trait 3 0.3 0 0 0 0 0 0 0 
node 1 2 1 3
node 2 3 1 1
node 3 1 1 1
node 4 3 0 2
node 10 1 0 0
gene 3 1 4 -8 0 1 -8 1
gene 1 2 4 2.62008 0 2 2.62008 1
gene 1 3 4 -5.73348 0 3 -5.73348 1
gene 1 2 10 2.01804 0 14 2.01804 1
gene 1 10 4 7.85705 0 15 7.85705 1
gene 2 3 10 2.64702 0 124 2.64702 1
gene 3 1 10 -0.741195 0 149 -0.741195 1
genomeend 13

/* Organism #14 Fitness: 8.99983 Error: 1.00003 */
genomestart 14
trait 1 0.1 0 0 0 0 0 0 0 
trait 2 0.386719 0 0 0 0 0 0 0 
trait 3 0.3 0 0.0311124 0 0 0 0.389078 0 
node 1 2 1 3
node 2 3 1 1
node 3 2 1 1
node 4 3 0 2
node 10 1 0 0
gene 3 1 4 -7.41196 0 1 -7.41196 1
gene 1 2 4 7.26236 0 2 7.26236 1
gene 1 3 4 -7.65469 0 3 -7.65469 1
gene 1 2 10 3.55567 0 14 3.55567 1
gene 1 10 4 5.28047 0 15 5.28047 1
gene 2 3 10 2.92838 0 124 2.92838 1
gene 3 1 10 1.11859 0 149 1.11859 1
genomeend 14

/* Organism #15 Fitness: 8.97972 Error: 1.00338 */
genomestart 15
trait 1 0.475895 0.514019 0.696099 0 0.917609 0.744248 0 0 
trait 2 0.386719 0 0 0 0 0 0 0 
trait 3 0.3 0 0 0 0 0 0 0 
node 1 2 1 3
node 2 3 1 1
node 3 2 1 1
node 4 3 0 2
node 10 1 0 0
gene 3 1 4 -6.01235 0 1 -6.01235 1
gene 1 2 4 7.79878 0 2 7.79878 1
gene 1 3 4 -8 0 3 -8 1
gene 1 2 10 7.37066 0 14 7.37066 1
gene 3 10 4 5.05889 0 15 5.05889 1
gene 2 3 10 1.35808 0 124 1.35808 1
gene 3 1 10 -1.96396 0 149 -1.96396 1
genomeend 15

/* Organism #16 Fitness: 3.99998 Error: 2 */
genomestart 16
trait 1 0.1 0 0 0 0 0 0 0 
trait 2 0.386719 0 0 0 0 0 0 0 
trait 3 0.3 0 0 0 0 0 0 0 
node 1 2 1 3
node 2 3 1 1
node 3 2 1 1
node 4 3 0 2
node 10 3 0 0
gene 3 1 4 -7.67967 0 1 -7.67967 1
gene 1 2 4 3.99324 0 2 3.99324 1
gene 1 3 4 0.976214 0 3 0.976214 1
gene 1 2 10 5.68973 0 14 5.68973 1
gene 1 10 4 6.20612 0 15 6.20612 1
gene 2 3 10 1.83106 0 124 1.83106 1
gene 3 1 10 -3.41796 0 149 -3.41796 1
genomeend 16

/* Organism #17 Fitness: 8.13998 Error: 1.14694 */
genomestart 17
trait 1 0.1 0 0 0 0 0 0 0 
trait 2 0.386719 0 0 0 0 0 0 0 
trait 3 0.3 0 0 0 0 0 0 0 
node 1 2 1 3
node 2 3 1 1
node 3 1 1 1
node 4 3 0 2
node 10 1 0 0
gene 3 1 4 -7.85398 0 1 -7.85398 1
gene 1 2 4 5.97692 0 2 5.97692 1
gene 1 3 4 -6.48011 0 3 -6.48011 1
gene 1 2 10 6.70611 0 14 6.70611 1
gene 1 10 4 8 0 15 8 1
gene 2 3 10 2.0998 0 124 2.0998 1
gene 3 1 10 -1.60605 0 149 -1.60605 1
genomeend 17

/* Species #3 : (Size 8) (AF 6.67075) (Age 25)  */


/* Organism #18 Fitness: 10.4192 Error: 0.772121 */
genomestart 18
trait 1 0.1 0 0 0 0 0 0 0 
trait 2 0.0727893 0 0.529077 0.960272 0 0.540762 0.318491 0 
trait 3 0.3 0 0 0 0 0 0 0 
node 1 2 1 3
node 2 3 1 1
node 3 3 1 1
node 4 1 0 2
node 11 1 0 0
gene 3 1 4 -2.05072 0 1 -2.05072 1
gene 3 2 4 -1.3707 0 2 -1.3707 1
gene 1 3 4 -1.03904 0 3 -1.03904 1
gene 1 3 11 3.89954 0 16 3.89954 1
gene 1 11 4 4.70572 0 17 4.70572 1
gene 2 1 11 -2.82891 0 31 -2.82891 1
gene 3 2 11 5.5813 0 41 5.5813 1
genomeend 18

/* Organism #19 Fitness: 5.19426 Error: 1.72091 */
genomestart 19
trait 1 0.1 0 0 0 0 0 0 0 
trait 2 0.0727893 0 0.529077 0.960272 0 0.540762 0.318491 0 
trait 3 0.3 0 0 0 0 0 0 0 
node 1 2 1 3
node 2 3 1 1
node 3 3 1 1
node 4 2 0 2
node 11 1 0 0
gene 3 1 4 0.187702 0 1 0.187702 1
gene 3 2 4 0.657269 0 2 0.657269 1
gene 1 3 4 -0.18036 0 3 -0.18036 1
gene 1 3 11 4.96928 0 16 4.96928 1
gene 1 11 4 2.48055 0 17 2.48055 1
gene 2 1 11 -5.02607 0 31 -5.02607 1
gene 3 2 11 5.74369 0 41 5.74369 1
genomeend 19

/* Organism #20 Fitness: 13.4905 Error: 0.327055 */
/* ##------$ WINNER 20 SPECIES #3 $------## */
genomestart 20
trait 1 0.1 0 0 0 0 0 0 0 
trait 2 0.0727893 0 0.529077 0.960272 0 0.540762 0.318491 0 
trait 3 0.3 0 0 0 0 0 0 0 
node 1 2 1 3
node 2 3 1 1
node 3 3 1 1
node 4 2 0 2
node 11 1 0 0
gene 3 1 4 -3.10408 0 1 -3.10408 1
gene 3 2 4 -1.3707 0 2 -1.3707 1
gene 1 3 4 -1.03904 0 3 -1.03904 1
gene 1 3 11 3.89954 0 16 3.89954 1
gene 1 11 4 4.70572 0 17 4.70572 1
gene 2 1 11 -2.82891 0 31 -2.82891 1
gene 3 2 11 6.37367 0 41 6.37367 1
genomeend 20

/* Organism #21 Fitness: 8.16035 Error: 1.14337 */
genomestart 21
trait 1 0.1 0 0 0 0 0 0 0 
trait 2 0.0727893 0 0.529077 0.960272 0 0.540762 0.318491 0 
trait 3 0.3 0 0 0 0 0 0 0 
node 1 2 1 3
node 2 3 1 1
node 3 3 1 1
node 4 2 0 2
node 11 1 0 0
gene 3 1 4 -2.45216 0 1 -2.45216 1
gene 3 2 4 2.04551 0 2 2.04551 1
gene 1 3 4 0.112495 0 3 0.112495 1
gene 1 3 11 1.18622 0 16 1.18622 1
gene 1 11 4 2.7218 0 17 2.7218 1
gene 2 1 11 -0.175124 0 31 -0.175124 1
gene 3 2 11 3.56273 0 41 3.56273 1
genomeend 21

/* Organism #22 Fitness: 4.0357 Error: 1.9911 */
genomestart 22
trait 1 0.1 0 0 0 0 0 0 0 
trait 2 0.0727893 0 0.529077 0.960272 0 0.540762 0.318491 0 
trait 3 0.3 0 0 0.679048 0 0 0 0 
node 1 2 1 3
node 2 3 1 1
node 3 3 1 1
node 4 1 0 2
node 11 1 0 0
gene 3 1 4 -3.98692 0 1 -3.98692 1
gene 3 2 4 -1.41678 0 2 -1.41678 1
gene 1 3 4 0.670794 0 3 0.670794 1
gene 1 3 11 3.89954 0 16 3.89954 1
gene 1 11 4 2.36711 0 17 2.36711 1
gene 2 1 11 1.99534 0 31 1.99534 1
gene 3 2 11 6.92913 0 41 6.92913 1
genomeend 22

/* Organism #23 Fitness: 4 Error: 2 */
genomestart 23
trait 1 0.1 0 0 0 0 0 0 0 
trait 2 0.0727893 0 0.529077 0.960272 0 0.540762 0.318491 0 
trait 3 0.3 0 0 0 0 0 0 0 
node 1 2 1 3
node 2 3 1 1
node 3 1 1 1
node 4 2 0 2
node 11 1 0 0
gene 2 1 4 -2.78898 0 1 -2.78898 1
gene 3 2 4 -3.44532 0 2 -3.44532 1
gene 1 3 4 -0.135591 0 3 -0.135591 1
gene 1 3 11 -1.00736 0 16 -1.00736 1
gene 1 11 4 5.64254 0 17 5.64254 1
gene 2 1 11 -2.5529 0 31 -2.5529 1
gene 3 2 11 -0.250296 0 41 -0.250296 1
genomeend 23

/* Organism #24 Fitness: 4 Error: 2 */
genomestart 24
trait 1 0.1 0 0 0 0 0 0 0 
trait 2 0.0727893 0.25147 0.529077 0.960272 0 1 0.520751 0 
trait 3 0.3 0 0 0 0 0 0 0 
node 1 2 1 3
node 2 3 1 1
node 3 3 1 1
node 4 1 0 2
node 11 1 0 0
gene 3 1 4 -4.43204 0 1 -4.43204 1
gene 3 2 4 -0.362529 0 2 -0.362529 1
gene 1 3 4 0.869646 0 3 0.869646 1
gene 1 3 11 1.5695 0 16 1.5695 1
gene 1 11 4 4.70572 0 17 4.70572 1
gene 2 1 11 -2.81716 0 31 -2.81716 1
gene 3 2 11 -0.202106 0 41 -0.202106 1
genomeend 24

/* Organism #25 Fitness: 4.06598 Error: 1.98357 */
genomestart 25
trait 1 0.1 0 0 0 0 0 0 0 
trait 2 0.0727893 0 0.529077 0.960272 0 0.540762 0.318491 0 
trait 3 0.3 0 0 0 0 0 0 0 
node 1 2 1 3
node 2 3 1 1
node 3 3 1 1
node 4 1 0 2
node 11 1 0 0
gene 3 1 4 -0.595829 0 1 -0.595829 1
gene 3 2 4 2.1699 0 2 2.1699 1
gene 1 3 4 -1.03904 0 3 -1.03904 1
gene 1 3 11 0.606969 0 16 0.606969 1
gene 1 11 4 -0.779931 0 17 -0.779931 1
gene 2 1 11 -4.4768 0 31 -4.4768 1
gene 3 2 11 2.27854 0 41 2.27854 1
genomeend 25

/* Species #4 : (Size 10) (AF 8.9638) (Age 24)  */


/* Organism #26 Fitness: 9 Error: 1 */
genomestart 26
trait 1 0.136858 0 0.0819138 0 0 0 0.166349 0.236188 
trait 2 0 0.408417 0 0 0 0 0.421526 0 
trait 3 0.271875 0 0 0 0.0262631 0 0.0221739 0 
node 1 2 1 3
node 2 2 1 1
node 3 3 1 1
node 4 1 0 2
node 12 1 0 0
node 65 1 0 0
gene 3 1 4 -3.75922 0 1 -3.75922 1
gene 3 2 4 -8 0 2 -8 1
gene 3 3 4 8 0 3 8 1
gene 3 3 12 2.67772 0 18 2.67772 0
gene 3 12 4 -0.311833 0 19 -0.311833 1
gene 2 1 12 0.709157 0 44 0.709157 1
gene 3 3 65 1 0 190 0 1
gene 3 65 12 0.821068 0 191 0 0
gene 3 2 12 0.155958 0 236 0.155958 1
genomeend 26

/* Organism #27 Fitness: 9 Error: 1 */
genomestart 27
trait 1 0.136858 0 0.0819138 0 0 0 0.166349 0.236188 
trait 2 0 0.408417 0 0 0 0 0.421526 0 
trait 3 0.271875 0 0 0 0.0262631 0 0.0221739 0 
node 1 2 1 3
node 2 2 1 1
node 3 3 1 1
node 4 1 0 2
node 12 1 0 0
node 65 1 0 0
gene 3 1 4 -3.97667 0 1 -3.97667 1
gene 3 2 4 -8 0 2 -8 1
gene 3 3 4 8 0 3 8 1
gene 3 3 12 1.47483 0 18 1.47483 0
gene 3 12 4 -0.184106 0 19 -0.184106 1
gene 2 1 12 -0.367153 0 44 -0.367153 1
gene 3 3 65 1.72736 0 190 1.22736 1
gene 3 65 12 1.51499 0 191 1.10446 1
genomeend 27

/* Organism #28 Fitness: 8.99997 Error: 1.00001 */
genomestart 28
trait 1 0.136858 0 0.0819138 0 0 0 0.166349 0.236188 
trait 2 0 0.408417 0 0 0 0 0.421526 0 
trait 3 0.271875 0 0 0 0.0262631 0 0.0221739 0 
node 1 2 1 3
node 2 2 1 1
node 3 3 1 1
node 4 1 0 2
node 12 1 0 0
node 65 1 0 0
gene 3 1 4 -4.42055 0 1 -4.42055 1
gene 3 2 4 -8 0 2 -8 1
gene 3 3 4 8 0 3 8 1
gene 3 3 12 4.53547 0 18 4.53547 0
gene 3 12 4 1.80422 0 19 1.80422 1
gene 2 1 12 2.59799 0 44 2.59799 1
gene 3 3 65 0.347695 0 190 0.347695 1
gene 3 65 12 -0.0200108 0 191 -0.0200108 1
genomeend 28

/* Organism #29 Fitness: 8.99996 Error: 1.00001 */
genomestart 29
trait 1 0.136858 0 0.0819138 0 0 0 0.166349 0.236188 
trait 2 0 0.408417 0 0 0 0 0.421526 0 
trait 3 0.271875 0 0 0 0.0262631 0 0.0221739 0 
node 1 2 1 3
node 2 2 1 1
node 3 3 1 1
node 4 1 0 2
node 12 1 0 0
node 65 1 0 0
gene 3 1 4 -1.53504 0 1 -1.53504 1
gene 3 2 4 -6.88547 0 2 -6.88547 1
gene 3 3 4 6.65831 0 3 6.65831 1
gene 3 3 12 0.604761 0 18 0.604761 0
gene 3 12 4 -2.69221 0 19 -2.69221 1
gene 2 1 12 2.54317 0 44 2.54317 1
gene 3 3 65 -0.438415 0 190 -0.438415 1
gene 3 65 12 -0.823592 0 191 -0.823592 0
gene 3 2 12 -0.410196 0 236 -0.410196 1
genomeend 29

/* Organism #30 Fitness: 9 Error: 1 */
genomestart 30
trait 1 0.136858 0 0.0819138 0 0 0 0.166349 0.236188 
trait 2 0 0.408417 0 0 0 0 0.421526 0 
trait 3 0.271875 0 0 0 0.0262631 0 0.0221739 0 
node 1 2 1 3
node 2 2 1 1
node 3 3 1 1
node 4 1 0 2
node 12 1 0 0
node 65 1 0 0
gene 3 1 4 -3.97667 0 1 -3.97667 1
gene 3 2 4 -8 0 2 -8 1
gene 3 3 4 8 0 3 8 1
gene 3 3 12 1.47483 0 18 1.47483 0
gene 3 12 4 -0.184106 0 19 -0.184106 1
gene 2 1 12 -0.795203 0 44 -0.795203 1
gene 3 3 65 1.72736 0 190 1.22736 1
gene 3 65 12 1.51499 0 191 1.10446 0
gene 3 2 12 0.155958 0 236 0.155958 1
gene 2 2 65 0.715454 0 249 0.715454 1
genomeend 30

/* Organism #31 Fitness: 8.99999 Error: 1 */
genomestart 31
trait 1 0.136858 0 0.0819138 0 0 0 0.166349 0.236188 
trait 2 0 0.408417 0 0 0 0 0.421526 0 
trait 3 0.271875 0 0 0 0.0262631 0 0.0221739 0 
node 1 2 1 3
node 2 2 1 1
node 3 3 1 1
node 4 1 0 2
node 12 1 0 0
node 65 1 0 0
gene 3 1 4 -3.92247 0 1 -3.92247 1
gene 3 2 4 -6.29484 0 2 -6.29484 1
gene 3 3 4 8 0 3 8 1
gene 3 3 12 0.707507 0 18 0.707507 1
gene 3 12 4 -1.25016 0 19 -1.25016 1
gene 2 1 12 0.136376 0 44 0.136376 1
gene 3 3 65 0.397343 0 190 0.397343 1
gene 3 65 12 1.93406 0 191 1.93406 0
genomeend 31

/* Organism #32 Fitness: 9 Error: 1 */
genomestart 32
trait 1 0.136858 0 0.0819138 0 0 0 0.166349 0.236188 
trait 2 0 0.408417 0 0 0 0 0.421526 0 
trait 3 0.271875 0 0 0 0.0262631 0 0.0221739 0 
node 1 2 1 3
node 2 2 1 1
node 3 3 1 1
node 4 1 0 2
node 12 1 0 0
node 65 1 0 0
gene 3 1 4 -3.75922 0 1 -3.75922 1
gene 3 2 4 -8 0 2 -8 1
gene 3 3 4 8 0 3 8 1
gene 3 3 12 2.67772 0 18 2.67772 0
gene 3 12 4 -0.311833 0 19 -0.311833 1
gene 2 1 12 0.709157 0 44 0.709157 1
gene 3 3 65 1 0 190 0 1
gene 3 65 12 0.821068 0 191 0 0
gene 3 2 12 0.155958 0 236 0.155958 1
genomeend 32

/* Organism #33 Fitness: 9 Error: 1 */
genomestart 33
trait 1 0.136858 0 0.0819138 0 0 0 0.166349 0.236188 
trait 2 0 0.408417 0 0 0 0 0.421526 0 
trait 3 0.271875 0 0 0 0.0262631 0 0.0221739 0 
node 1 2 1 3
node 2 2 1 1
node 3 3 1 1
node 4 1 0 2
node 12 1 0 0
node 65 1 0 0
gene 3 1 4 -3.97667 0 1 -3.97667 1
gene 3 2 4 -8 0 2 -8 1
gene 3 3 4 8 0 3 8 1
gene 3 3 12 1.47483 0 18 1.47483 1
gene 3 12 4 -0.184106 0 19 -0.184106 1
gene 2 1 12 -0.795203 0 44 -0.795203 1
gene 3 3 65 1.72736 0 190 1.22736 1
gene 3 65 12 1.51499 0 191 1.10446 0
gene 3 2 12 0.155958 0 236 0.155958 1
genomeend 33

/* Organism #34 Fitness: 8.63811 Error: 1.06093 */
genomestart 34
trait 1 0.136858 0 0.0819138 0 0 0 0.166349 0.236188 
trait 2 0 0.408417 0 0 0 0 0.421526 0 
trait 3 0.271875 0 0 0 0.0262631 0 0.0221739 0 
node 1 2 1 3
node 2 2 1 1
node 3 3 1 1
node 4 1 0 2
node 12 1 0 0
node 65 1 0 0
gene 3 1 4 -1.58114 0 1 -1.58114 1
gene 3 2 4 -7.18683 0 2 -7.18683 1
gene 3 3 4 6.63134 0 3 6.63134 1
gene 3 3 12 2.87593 0 18 2.87593 0
gene 3 12 4 1.01149 0 19 1.01149 1
gene 2 1 12 2.64907 0 44 2.64907 1
gene 3 3 65 2.15342 0 190 2.15342 1
gene 3 65 12 1.25236 0 191 1.25236 0
gene 3 2 12 -1.28514 0 236 -1.28514 1
genomeend 34

/* Organism #35 Fitness: 9 Error: 1 */
genomestart 35
trait 1 0.136858 0 0.0819138 0 0 0 0.166349 0.236188 
trait 2 0 0.408417 0 0 0 0 0.421526 0 
trait 3 0.271875 0 0 0 0.0262631 0 0.0221739 0 
node 1 2 1 3
node 2 2 1 1
node 3 3 1 1
node 4 1 0 2
node 12 1 0 0
node 65 1 0 0
gene 3 1 4 -3.75922 0 1 -3.75922 1
gene 3 2 4 -8 0 2 -8 1
gene 3 3 4 8 0 3 8 1
gene 3 3 12 2.67772 0 18 2.67772 0
gene 3 12 4 -0.311833 0 19 -0.311833 1
gene 2 1 12 1.56526 0 44 1.56526 1
gene 3 3 65 1 0 190 0 1
gene 3 65 12 0.821068 0 191 0 0
gene 3 2 12 0.155958 0 236 0.155958 1
genomeend 35

/* Species #5 : (Size 10) (AF 7.48663) (Age 23)  */


/* Organism #36 Fitness: 9 Error: 1 */
genomestart 36
trait 1 0.1 0 0 0 0 0 0 0 
trait 2 0.175 0.0510521 0 0 0 0 0.0526907 0 
trait 3 0.0268028 0.019011 0 0 0 0 0.616125 0 
node 1 2 1 3
node 2 3 1 1
node 3 1 1 1
node 4 1 0 2
node 15 1 0 0
gene 2 1 4 -1.69412 0 1 -1.69412 1
gene 3 2 4 -4.50147 0 2 -4.50147 1
gene 1 3 4 7.68854 0 3 7.68854 1
gene 3 2 15 7.3545 0 27 7.3545 1
gene 1 15 4 -7.88038 0 28 -7.88038 1
gene 2 3 15 -3.1358 0 59 -3.1358 1
gene 1 1 15 0.498346 0 237 0.498346 1
genomeend 36

/* Organism #37 Fitness: 4.11829 Error: 1.97064 */
genomestart 37
trait 1 0.1 0 0 0 0 0 0 0 
trait 2 0.175 0.0510521 0 0 0 0 0.0526907 0 
trait 3 0.0268028 0.019011 0 0 0 0 0.616125 0 
node 1 2 1 3
node 2 3 1 1
node 3 1 1 1
node 4 1 0 2
node 15 1 0 0
gene 2 1 4 1.46806 0 1 1.46806 1
gene 3 2 4 -2.38237 0 2 -2.38237 1
gene 1 3 4 1.64093 0 3 1.64093 1
gene 3 2 15 1.74147 0 27 1.74147 1
gene 1 15 4 -8 0 28 -8 1
gene 2 3 15 -3.00067 0 59 -3.00067 1
genomeend 37

/* Organism #38 Fitness: 9 Error: 1 */
genomestart 38
trait 1 0.1 0 0 0 0 0 0 0 
trait 2 0.175 0.0510521 0 0 0 0 0.0526907 0 
trait 3 0.0268028 0.019011 0 0 0 0 0.616125 0 
node 1 2 1 3
node 2 3 1 1
node 3 1 1 1
node 4 1 0 2
node 15 1 0 0
gene 2 1 4 -1.63445 0 1 -1.63445 1
gene 3 2 4 -4.50986 0 2 -4.50986 1
gene 1 3 4 8 0 3 8 1
gene 3 2 15 7.10486 0 27 7.10486 1
gene 1 15 4 -8 0 28 -8 1
gene 2 3 15 -2.298 0 59 -2.298 1
genomeend 38

/* Organism #39 Fitness: 8.74956 Error: 1.04203 */
genomestart 39
trait 1 0.1 0 0 0 0 0 0 0 
trait 2 0.175 0.0510521 0 0 0 0 0.0526907 0 
trait 3 0.0268028 0.019011 0 0 0 0 0.616125 0 
node 1 2 1 3
node 2 3 1 1
node 3 1 1 1
node 4 1 0 2
node 15 1 0 0
gene 2 1 4 -0.0551794 0 1 -0.0551794 1
gene 3 2 4 -2.8818 0 2 -2.8818 1
gene 1 3 4 8 0 3 8 1
gene 3 2 15 6.96021 0 27 6.96021 1
gene 1 15 4 -5.6979 0 28 -5.6979 1
gene 2 3 15 -0.938581 0 59 -0.938581 1
genomeend 39

/* Organism #40 Fitness: 8.99851 Error: 1.00025 */
genomestart 40
trait 1 0.1 0 0 0 0 0 0 0 
trait 2 0.175 0.0510521 0 0 0 0 0.0526907 0 
trait 3 0.0268028 0.019011 0 0 0 0 0.616125 0 
node 1 2 1 3
node 2 3 1 1
node 3 1 1 1
node 4 1 0 2
node 15 1 0 0
gene 2 1 4 -1.69774 0 1 -1.69774 1
gene 3 2 4 -2.23002 0 2 -2.23002 1
gene 1 3 4 5.79072 0 3 5.79072 1
gene 3 2 15 5.93032 0 27 5.93032 1
gene 1 15 4 -6.71741 0 28 -6.71741 1
gene 2 3 15 -4.12245 0 59 -4.12245 1
gene 1 1 15 -1.71544 0 237 -1.71544 1
genomeend 40

/* Organism #41 Fitness: 4 Error: 2 */
genomestart 41
trait 1 0.089204 0 0 0 0 0.414757 0 0 
trait 2 0.175 0.0510521 0 0 0 0 0.0526907 0 
trait 3 0.0268028 0.019011 0 0 0 0 0.616125 0 
node 1 2 1 3
node 2 3 1 1
node 3 1 1 1
node 4 1 0 2
node 15 1 0 0
gene 2 1 4 -3.58306 0 1 -3.58306 1
gene 3 2 4 -5.28679 0 2 -5.28679 1
gene 1 3 4 -1.5954 0 3 -1.5954 1
gene 3 2 15 1.18636 0 27 1.18636 1
gene 1 15 4 -7.53816 0 28 -7.53816 1
gene 2 3 15 -0.604722 0 59 -0.604722 1
genomeend 41

/* Organism #42 Fitness: 8.99998 Error: 1 */
genomestart 42
trait 1 0.1 0 0 0 0 0 0 0 
trait 2 0.175 0.0510521 0 0 0 0 0.0526907 0 
trait 3 0.0268028 0.019011 0 0 0 0 0.616125 0 
node 1 2 1 3
node 2 3 1 1
node 3 1 1 1
node 4 1 0 2
node 15 1 0 0
gene 2 1 4 -2.59244 0 1 -2.59244 1
gene 3 2 4 -3.85834 0 2 -3.85834 1
gene 1 3 4 8 0 3 8 1
gene 3 2 15 8 0 27 8 1
gene 1 15 4 -6.57831 0 28 -6.57831 1
gene 2 3 15 -1.04835 0 59 -1.04835 1
gene 1 1 15 -1.35568 0 237 -1.35568 1
genomeend 42

/* Organism #43 Fitness: 9 Error: 1 */
genomestart 43
trait 1 0.1 0 0 0 0 0 0 0 
trait 2 0.175 0.0510521 0 0 0 0 0.0526907 0 
trait 3 0.0268028 0.019011 0 0 0 0 0.616125 0 
node 1 2 1 3
node 2 3 1 1
node 3 1 1 1
node 4 1 0 2
node 15 3 0 0
gene 2 1 4 -2.28667 0 1 -2.28667 1
gene 3 2 4 -2.58058 0 2 -2.58058 1
gene 1 3 4 5.80958 0 3 5.80958 1
gene 3 2 15 5.35391 0 27 5.35391 1
gene 1 15 4 -7.02935 0 28 -7.02935 1
gene 2 3 15 -4.22906 0 59 -4.22906 1
genomeend 43

/* Organism #44 Fitness: 9 Error: 1 */
genomestart 44
trait 1 0.1 0 0 0 0 0 0 0 
trait 2 0.175 0.0510521 0 0 0 0 0.0526907 0 
trait 3 0.0268028 0.019011 0 0 0 0 0.616125 0 
node 1 2 1 3
node 2 3 1 1
node 3 1 1 1
node 4 1 0 2
node 15 1 0 0
gene 2 1 4 -1.66429 0 1 -1.66429 1
gene 3 2 4 -4.50566 0 2 -4.50566 1
gene 1 3 4 7.84427 0 3 7.84427 1
gene 3 2 15 7.22968 0 27 7.22968 1
gene 1 15 4 -7.94019 0 28 -7.94019 1
gene 2 3 15 -2.7169 0 59 -2.7169 1
genomeend 44

/* Organism #45 Fitness: 4 Error: 2 */
genomestart 45
trait 1 0.1 0 0 0 0.0821315 0 0 0.222213 
trait 2 0.175 0.0510521 0 0 0 0 0.0526907 0 
trait 3 0.0268028 0.019011 0 0 0 0 0.616125 0 
node 1 2 1 3
node 2 3 1 1
node 3 1 1 1
node 4 1 0 2
node 15 1 0 0
gene 2 1 4 -3.38722 0 1 -3.38722 1
gene 3 2 4 -2.39706 0 2 -2.39706 1
gene 1 3 4 7.29961 0 3 7.29961 1
gene 3 2 15 7.8109 0 27 7.8109 1
gene 1 15 4 -7.87618 0 28 -7.87618 1
gene 2 3 15 -0.768046 0 59 -0.768046 1
gene 1 1 15 2.59463 0 237 2.59463 1
genomeend 45

/* Species #6 : (Size 8) (AF 6.03764) (Age 22)  */


/* Organism #46 Fitness: 9 Error: 1 */
genomestart 46
trait 1 0.1 0 0 0 0 0 0 0 
trait 2 0.0294453 0 0.573728 0 0 0 0.802184 0 
trait 3 0.3 0 0 0.00512836 0 0 0 0 
node 1 2 1 3
node 2 2 1 1
node 3 3 1 1
node 4 2 0 2
node 18 1 0 0
gene 1 1 4 -8 0 1 -8 1
gene 3 2 4 -4.88648 0 2 -4.88648 1
gene 1 3 4 5.00765 0 3 5.00765 1
gene 1 3 18 0.684781 0 36 0.684781 1
gene 1 18 4 6.67712 0 37 6.67712 1
gene 1 2 18 -1.58507 0 161 -1.58507 1
genomeend 46

/* Organism #47 Fitness: 4 Error: 2 */
genomestart 47
trait 1 0.1 0 0 0 0 0 0 0 
trait 2 0.0294453 0 0.573728 0 0 0 0.802184 0 
trait 3 0.3 0 0 0.00512836 0 0 0 0 
node 1 2 1 3
node 2 2 1 1
node 3 3 1 1
node 4 2 0 2
node 18 1 0 0
gene 1 1 4 1.69944 0 1 1.69944 1
gene 3 2 4 2.15584 0 2 2.15584 1
gene 1 3 4 -0.244303 0 3 -0.244303 1
gene 1 3 18 0.996179 0 36 0.996179 1
gene 3 18 4 7.87221 0 37 7.87221 1
gene 1 2 18 0.79522 0 161 0.79522 1
genomeend 47

/* Organism #48 Fitness: 8.98766 Error: 1.00206 */
genomestart 48
trait 1 0.1 0 0 0 0 0 0 0 
trait 2 0.0294453 0 0.573728 0 0 0 0.802184 0 
trait 3 0.309138 0.501632 0.673902 0.713634 0 0.371629 0 0 
node 1 2 1 3
node 2 2 1 1
node 3 3 1 1
node 4 2 0 2
node 18 1 0 0
gene 1 1 4 -5.07371 0 1 -5.07371 1
gene 3 2 4 -6.82061 0 2 -6.82061 1
gene 1 3 4 3.8934 0 3 3.8934 1
gene 1 3 18 0.0324144 0 36 0.0324144 1
gene 1 18 4 7.63562 0 37 7.63562 1
gene 1 2 18 -1.41226 0 161 -1.41226 1
genomeend 48

/* Organism #49 Fitness: 3.99467 Error: 2.00133 */
genomestart 49
trait 1 0.1 0 0 0 0 0 0 0 
trait 2 0.0294453 0 0.573728 0 0 0 0.802184 0 
trait 3 0.3 0 0 0.00512836 0 0 0 0 
node 1 2 1 3
node 2 2 1 1
node 3 3 1 1
node 4 2 0 2
node 18 1 0 0
gene 1 1 4 -0.0688896 0 1 -0.0688896 1
gene 3 2 4 -6.04281 0 2 -6.04281 1
gene 1 3 4 4.35658 0 3 4.35658 1
gene 1 3 18 0.812033 0 36 0.812033 1
gene 1 18 4 7.2562 0 37 7.2562 1
gene 1 2 18 -1.38324 0 161 -1.38324 1
genomeend 49

/* Organism #50 Fitness: 5.32315 Error: 1.69281 */
genomestart 50
trait 1 0.1 0 0 0 0 0 0 0 
trait 2 0.0294453 0 0.573728 0 0 0 0.802184 0 
trait 3 0.3 0 0 0.00512836 0 0 0 0 
node 1 2 1 3
node 2 2 1 1
node 3 3 1 1
node 4 2 0 2
node 18 1 0 0
node 82 1 0 0
gene 1 1 4 -6.24273 0 1 -6.24273 1
gene 3 2 4 -5.86842 0 2 -5.86842 1
gene 1 3 4 4.98049 0 3 4.98049 0
gene 1 3 18 0.684781 0 36 0.684781 1
gene 1 18 4 7.83528 0 37 7.83528 1
gene 1 2 18 -1.338 0 161 -1.338 1
gene 1 3 82 1 0 247 0 1
gene 1 82 4 4.98049 0 248 0 1
genomeend 50

/* Organism #51 Fitness: 3.99543 Error: 2.00114 */
genomestart 51
trait 1 0.1 0 0 0 0 0 0 0 
trait 2 0.0294453 0 0.573728 0 0 0 0.802184 0 
trait 3 0.3 0 0 0.00512836 0 0 0 0 
node 1 2 1 3
node 2 2 1 1
node 3 3 1 1
node 4 2 0 2
node 18 1 0 0
gene 1 1 4 -5.37468 0 1 -5.37468 1
gene 3 2 4 -6.24215 0 2 -6.24215 1
gene 1 3 4 6.10751 0 3 6.10751 1
gene 1 3 18 2.25367 0 36 2.25367 1
gene 1 18 4 8 0 37 8 1
gene 1 2 18 0.733645 0 161 0.733645 1
genomeend 51

/* Organism #52 Fitness: 9 Error: 1 */
genomestart 52
trait 1 0.1 0 0 0 0 0 0 0 
trait 2 0.0294453 0 0.573728 0 0 0 0.802184 0 
trait 3 0.3 0 0 0.00512836 0 0 0 0 
node 1 2 1 3
node 2 2 1 1
node 3 3 1 1
node 4 2 0 2
node 18 1 0 0
gene 1 1 4 -8 0 1 -8 1
gene 3 2 4 -4.88648 0 2 -4.88648 1
gene 1 3 4 5.00765 0 3 5.00765 1
gene 1 3 18 0.684781 0 36 0.684781 1
gene 1 18 4 6.67712 0 37 6.67712 1
gene 1 2 18 -1.58507 0 161 -1.58507 1
genomeend 52

/* Organism #53 Fitness: 4.00023 Error: 1.99994 */
genomestart 53
trait 1 0.1 0 0 0 0 0 0 0 
trait 2 0.0294453 0 0.573728 0 0 0 0.802184 0 
trait 3 0.3 0 0 0.00512836 0 0 0 0 
node 1 2 1 3
node 2 2 1 1
node 3 3 1 1
node 4 2 0 2
node 18 1 0 0
gene 1 1 4 -5.58868 0 1 -5.58868 1
gene 3 2 4 -3.86387 0 2 -3.86387 1
gene 1 3 4 4.79777 0 3 4.79777 1
gene 1 3 18 1.29028 0 36 1.29028 1
gene 1 18 4 6.61487 0 37 6.61487 1
gene 1 2 18 -0.109955 0 161 -0.109955 1
genomeend 53

/* Species #7 : (Size 9) (AF 6.47314) (Age 22)  */


/* Organism #54 Fitness: 8.99999 Error: 1 */
genomestart 54
trait 1 0.05 0.154763 0 0 0 0 0.23909 0.288189 
trait 2 0.2 0 0 0 0 0 0 0 
trait 3 0.3 0 0 0 0 0 0 0 
node 1 2 1 3
node 2 3 1 1
node 3 1 1 1
node 4 3 0 2
node 10 1 0 0
node 16 1 0 0
node 19 2 0 0
gene 3 1 4 -0.56845 0 1 -0.56845 1
gene 1 2 4 3.87552 0 2 3.87552 0
gene 1 3 4 -6.78148 0 3 -6.78148 1
gene 1 2 10 3.43747 0 14 3.43747 1
gene 1 10 4 5.75387 0 15 5.75387 1
gene 1 3 16 2.57798 0 29 2.57798 1
gene 1 16 4 -4.39892 0 30 -4.39892 1
gene 1 16 19 -1.4252 0 38 -1.4252 1
gene 1 19 4 -3.10044 0 39 -3.10044 1
gene 2 16 10 -1.40197 0 110 -1.40197 1
genomeend 54

/* Organism #55 Fitness: 4 Error: 2 */
genomestart 55
trait 1 0.05 0.154763 0 0 0 0 0.23909 0.288189 
trait 2 0.2 0 0 0 0.352537 0 0 0 
trait 3 0.3 0 0 0 0 0 0 0 
node 1 2 1 3
node 2 3 1 1
node 3 1 1 1
node 4 3 0 2
node 10 1 0 0
node 16 1 0 0
node 19 2 0 0
gene 3 1 4 -1.9806 0 1 -1.9806 1
gene 1 2 4 3.74951 0 2 3.74951 0
gene 1 3 4 -4.41413 0 3 -4.41413 1
gene 1 2 10 2.77657 0 14 2.77657 1
gene 1 10 4 -2.47936 0 15 -2.47936 1
gene 1 3 16 1.58306 0 29 1.58306 1
gene 1 16 4 -1.98152 0 30 -1.98152 1
gene 1 16 19 -1.4252 0 38 -1.4252 1
gene 1 19 4 -0.608604 0 39 -0.608604 1
gene 2 16 10 -1.73598 0 110 -1.73598 1
genomeend 55

/* Organism #56 Fitness: 1.28382 Error: 2.86694 */
genomestart 56
trait 1 0.05 0.154763 0 0 0 0 0.23909 0.288189 
trait 2 1 0 0 0 0.705074 0 0 0 
trait 3 0.3 0 0 0 0 0 0 0 
node 1 2 1 3
node 2 3 1 1
node 3 1 1 1
node 4 3 0 2
node 10 1 0 0
node 16 1 0 0
node 19 2 0 0
gene 2 1 4 1.88244 0 1 1.88244 1
gene 1 2 4 3.24303 0 2 3.24303 0
gene 1 3 4 -5.44542 0 3 -5.44542 1
gene 1 2 10 4.01394 0 14 4.01394 1
gene 1 10 4 6.32471 0 15 6.32471 1
gene 1 3 16 2.24529 0 29 2.24529 1
gene 1 16 4 -2.88521 0 30 -2.88521 1
gene 1 16 19 0.202995 0 38 0.202995 1
gene 1 19 4 0.719763 0 39 0.719763 1
gene 2 16 10 -2.31981 0 110 -2.31981 1
genomeend 56

/* Organism #57 Fitness: 8.99988 Error: 1.00002 */
genomestart 57
trait 1 0.05 0.154763 0 0 0 0 0.23909 0.288189 
trait 2 0.2 0 0 0 0.705074 0 0 0 
trait 3 0.3 0 0 0 0 0 0 0 
node 1 3 1 3
node 2 3 1 1
node 3 1 1 1
node 4 3 0 2
node 10 1 0 0
node 16 1 0 0
node 19 2 0 0
gene 2 1 4 1.50248 0 1 1.50248 1
gene 1 2 4 2.25404 0 2 2.25404 0
gene 1 3 4 -5.51772 0 3 -5.51772 1
gene 1 2 10 2.22949 0 14 2.22949 1
gene 1 10 4 6.00268 0 15 6.00268 1
gene 1 3 16 0.644962 0 29 0.644962 1
gene 1 16 4 -6.01056 0 30 -6.01056 1
gene 1 16 19 -0.364002 0 38 -0.364002 1
gene 1 19 4 -2.41792 0 39 -2.41792 1
gene 2 16 10 -2.83724 0 110 -2.83724 1
genomeend 57

/* Organism #58 Fitness: 8.99999 Error: 1 */
genomestart 58
trait 1 0.05 0.154763 0 0 0 0 0.23909 0.288189 
trait 2 0.2 0 0 0 0 0 0 0 
trait 3 0.3 0 0 0 0 0 0 0 
node 1 2 1 3
node 2 3 1 1
node 3 1 1 1
node 4 3 0 2
node 10 1 0 0
node 16 1 0 0
node 19 2 0 0
gene 3 1 4 -0.56845 0 1 -0.56845 1
gene 1 2 4 3.87552 0 2 3.87552 0
gene 1 3 4 -6.78148 0 3 -6.78148 1
gene 1 2 10 3.43747 0 14 3.43747 1
gene 1 10 4 5.75387 0 15 5.75387 1
gene 1 3 16 2.57798 0 29 2.57798 1
gene 1 16 4 -4.39892 0 30 -4.39892 1
gene 1 16 19 -1.4252 0 38 -1.4252 1
gene 1 19 4 -3.10044 0 39 -3.10044 1
gene 2 16 10 -1.40197 0 110 -1.40197 1
genomeend 58

/* Organism #59 Fitness: 4.00078 Error: 1.99981 */
genomestart 59
trait 1 0.05 0.154763 0 0 0 0 0.23909 0.288189 
trait 2 0.2 0 0 0 0.705074 0 0 0 
trait 3 0.3 0 0 0 0 0 0 0 
node 1 2 1 3
node 2 3 1 1
node 3 1 1 1
node 4 3 0 2
node 10 1 0 0
node 16 1 0 0
node 19 2 0 0
gene 2 1 4 -1.77553 0 1 -1.77553 1
gene 1 2 4 4.59045 0 2 4.59045 0
gene 1 3 4 -7.29395 0 3 -7.29395 1
gene 1 2 10 3.30315 0 14 3.30315 1
gene 1 10 4 1.12857 0 15 1.12857 1
gene 1 3 16 4.96385 0 29 4.96385 1
gene 1 16 4 -2.15874 0 30 -2.15874 1
gene 1 16 19 -2.25767 0 38 -2.25767 1
gene 1 19 4 -1.72768 0 39 -1.72768 1
gene 2 16 10 -0.717774 0 110 -0.717774 1
genomeend 59

/* Organism #60 Fitness: 8.90434 Error: 1.01599 */
genomestart 60
trait 1 0.05 0.154763 0 0 0 0 0.23909 0.288189 
trait 2 0.2 0 0 0 0.352537 0 0 0 
trait 3 0.3 0 0 0 0 0 0 0 
node 1 2 1 3
node 2 3 1 1
node 3 1 1 1
node 4 3 0 2
node 10 1 0 0
node 16 1 0 0
node 19 2 0 0
gene 3 1 4 -0.56845 0 1 -0.56845 1
gene 1 2 4 3.81301 0 2 3.81301 0
gene 1 3 4 -6.78148 0 3 -6.78148 1
gene 1 2 10 3.43747 0 14 3.43747 1
gene 1 10 4 5.75387 0 15 5.75387 1
gene 1 3 16 2.65358 0 29 2.65358 1
gene 1 16 4 -4.2775 0 30 -4.2775 1
gene 1 16 19 -1.4252 0 38 -1.4252 1
gene 1 19 4 -1.72768 0 39 -1.72768 1
gene 2 16 10 -2.83724 0 110 -2.83724 1
gene 2 2 16 0.71342 0 250 0.71342 1
genomeend 60

/* Organism #61 Fitness: 8.98093 Error: 1.00318 */
genomestart 61
trait 1 0.05 0.154763 0 0 0 0 0.23909 0.288189 
trait 2 0.2 0 0 0 0.705074 0 0 0 
trait 3 0.3 0 0 0 0 0 0 0 
node 1 2 1 3
node 2 3 1 1
node 3 1 1 1
node 4 3 0 2
node 10 1 0 0
node 16 1 0 0
node 19 2 0 0
node 83 1 0 0
gene 2 1 4 0.131984 0 1 0.131984 1
gene 1 2 4 3.81301 0 2 3.81301 0
gene 1 3 4 -7.32569 0 3 -7.32569 1
gene 1 2 10 2.06539 0 14 2.06539 0
gene 1 10 4 6.52918 0 15 6.52918 1
gene 1 3 16 2.65358 0 29 2.65358 1
gene 1 16 4 -4.2775 0 30 -4.2775 1
gene 1 16 19 -2.1054 0 38 -2.1054 1
gene 1 19 4 -1.72768 0 39 -1.72768 1
gene 2 16 10 -2.83724 0 110 -2.83724 1
gene 1 2 83 1 0 251 0 1
gene 1 83 10 2.06539 0 252 0 1
genomeend 61

/* Organism #62 Fitness: 4.08853 Error: 1.97799 */
genomestart 62
trait 1 0.05 0.154763 0 0 0 0 0.23909 0.288189 
trait 2 0.2 0 0 0 0.705074 0 0 0 
trait 3 0.3 0 0 0 0 0 0 0 
node 1 2 1 3
node 2 3 1 1
node 3 1 1 1
node 4 3 0 2
node 10 1 0 0
node 16 1 0 0
node 19 2 0 0
gene 2 1 4 0.131984 0 1 0.131984 1
gene 1 2 4 3.81301 0 2 3.81301 0
gene 1 3 4 -7.32569 0 3 -7.32569 1
gene 1 2 10 2.06539 0 14 2.06539 1
gene 1 10 4 6.52918 0 15 6.52918 1
gene 1 3 16 2.65358 0 29 2.65358 1
gene 1 16 4 -4.2775 0 30 -4.2775 1
gene 1 16 19 -2.1054 0 38 -2.1054 1
gene 1 19 4 -1.72768 0 39 -1.72768 1
gene 2 16 10 -2.83724 0 110 -2.83724 1
gene 3 1 16 -0.479837 0 253 -0.479837 1
genomeend 62

/* Species #8 : (Size 8) (AF 6.03692) (Age 22)  */


/* Organism #63 Fitness: 8.99965 Error: 1.00006 */
genomestart 63
trait 1 0.1 0 0 0 0 0 0 0 
trait 2 0.2 0 0 0.115208 0 0 0 0 
trait 3 0.3 0 0.609258 0 0 0 0.993821 0.717174 
node 1 2 1 3
node 2 3 1 1
node 3 1 1 1
node 4 1 0 2
node 11 1 0 0
node 20 1 0 0
gene 3 1 4 2.10873 0 1 2.10873 1
gene 3 2 4 -5.08643 0 2 -5.08643 1
gene 1 3 4 -4.62977 0 3 -4.62977 0
gene 1 3 11 -7.7832 0 16 -7.7832 1
gene 3 11 4 -7.42087 0 17 -7.42087 1
gene 3 2 20 -8 0 42 -8 1
gene 3 20 4 -0.12919 0 43 -0.12919 1
gene 1 20 11 0.903245 0 53 0.903245 1
gene 2 1 20 2.07629 0 74 2.07629 1
genomeend 63

/* Organism #64 Fitness: 8.99965 Error: 1.00006 */
genomestart 64
trait 1 0.1 0 0 0 0 0 0.614215 0 
trait 2 0.2 0 0 0.115208 0 0 0 0 
trait 3 0.3 0 0.609258 0 0 0 0.993821 0.717174 
node 1 2 1 3
node 2 3 1 1
node 3 1 1 1
node 4 1 0 2
node 11 1 0 0
node 20 1 0 0
gene 3 1 4 2.10873 0 1 2.10873 1
gene 3 2 4 -5.08643 0 2 -5.08643 1
gene 1 3 4 -4.25611 0 3 -4.25611 0
gene 1 3 11 -4.79731 0 16 -4.79731 1
gene 3 11 4 -7.42087 0 17 -7.42087 1
gene 3 2 20 -8 0 42 -8 1
gene 3 20 4 -0.12919 0 43 -0.12919 1
gene 1 20 11 0.903245 0 53 0.903245 1
gene 2 1 20 2.07629 0 74 2.07629 1
genomeend 64

/* Organism #65 Fitness: 4.59369 Error: 1.85671 */
genomestart 65
trait 1 0.1 0 0 0 0 0 0 0 
trait 2 0.2 0 0 0.115208 0 0 0 0 
trait 3 0.3 0 0.609258 0 0 0 0.993821 0.717174 
node 1 2 1 3
node 2 3 1 1
node 3 1 1 1
node 4 1 0 2
node 11 1 0 0
node 20 1 0 0
gene 3 1 4 4.04232 0 1 4.04232 1
gene 3 2 4 -3.67952 0 2 -3.67952 1
gene 1 3 4 -3.47811 0 3 -3.47811 0
gene 1 3 11 -5.21082 0 16 -5.21082 1
gene 3 11 4 -6.04045 0 17 -6.04045 1
gene 3 2 20 -7.97984 0 42 -7.97984 1
gene 3 20 4 0.159515 0 43 0.159515 1
gene 1 20 11 1.4082 0 53 1.4082 1
gene 2 1 20 -0.0118788 0 74 -0.0118788 1
genomeend 65

/* Organism #66 Fitness: 8.99965 Error: 1.00006 */
genomestart 66
trait 1 0.1 0 0 0 0 0 0 0 
trait 2 0.2 0 0 0.115208 0 0 0 0 
trait 3 0.3 0 0.609258 0 0 0 0.993821 0.717174 
node 1 2 1 3
node 2 3 1 1
node 3 1 1 1
node 4 1 0 2
node 11 1 0 0
node 20 1 0 0
gene 3 1 4 2.10873 0 1 2.10873 1
gene 3 2 4 -5.08643 0 2 -5.08643 1
gene 1 3 4 -4.25611 0 3 -4.25611 0
gene 1 3 11 -4.79731 0 16 -4.79731 1
gene 3 11 4 -7.42087 0 17 -7.42087 1
gene 3 2 20 -8 0 42 -8 1
gene 3 20 4 -0.12919 0 43 -0.12919 1
gene 1 20 11 0.903245 0 53 0.903245 1
gene 2 1 20 2.07629 0 74 2.07629 1
genomeend 66

/* Organism #67 Fitness: 4.08355 Error: 1.97922 */
genomestart 67
trait 1 0.1 0 0 0 0.685387 0 0 0 
trait 2 0.2 0 0 0.115208 0 0 0 0 
trait 3 0.3 0 0.609258 0 0 0 0.993821 0.717174 
node 1 2 1 3
node 2 3 1 1
node 3 1 1 1
node 4 1 0 2
node 11 1 0 0
node 20 1 0 0
gene 3 1 4 1.98954 0 1 1.98954 1
gene 3 2 4 -5.4857 0 2 -5.4857 1
gene 1 3 4 -6.15077 0 3 -6.15077 0
gene 1 3 11 -7.69303 0 16 -7.69303 1
gene 3 11 4 -5.62276 0 17 -5.62276 1
gene 3 2 20 -8 0 42 -8 1
gene 3 20 4 -0.189725 0 43 -0.189725 1
gene 1 20 11 -0.310331 0 53 -0.310331 1
gene 2 1 20 0.846174 0 74 0.846174 1
genomeend 67

/* Organism #68 Fitness: 4.00005 Error: 1.99999 */
genomestart 68
trait 1 0.1 0 0 0 0 0 0 0 
trait 2 0.2 0 0 0.115208 0 0 0 0 
trait 3 0.3 0 0.609258 0 0 0 0.993821 0.717174 
node 1 2 1 3
node 2 3 1 1
node 3 1 1 1
node 4 1 0 2
node 11 1 0 0
node 20 1 0 0
gene 3 1 4 -0.0464216 0 1 -0.0464216 1
gene 3 2 4 -7.52747 0 2 -7.52747 1
gene 1 3 4 -2.94353 0 3 -2.94353 1
gene 1 3 11 -4.07842 0 16 -4.07842 1
gene 3 11 4 -8 0 17 -8 1
gene 3 2 20 -8 0 42 -8 1
gene 3 20 4 0.69356 0 43 0.69356 1
gene 1 20 11 1.90579 0 53 1.90579 1
gene 2 1 20 3.72827 0 74 3.72827 1
genomeend 68

/* Organism #69 Fitness: 4.60155 Error: 1.85488 */
genomestart 69
trait 1 0.1 0 0 0 0 0 0 0 
trait 2 0.2 0 0 0.115208 0 0 0 0 
trait 3 0 0 0.609258 0.070203 0 0 0.993821 0 
node 1 2 1 3
node 2 3 1 1
node 3 1 1 1
node 4 1 0 2
node 11 1 0 0
node 20 1 0 0
gene 3 1 4 2.23016 0 1 2.23016 1
gene 3 2 4 -6.79561 0 2 -6.79561 1
gene 1 3 4 -4.74104 0 3 -4.74104 0
gene 1 3 11 -5.32844 0 16 -5.32844 1
gene 3 11 4 -5.40591 0 17 -5.40591 1
gene 3 2 20 -8 0 42 -8 1
gene 3 20 4 -1.28105 0 43 -1.28105 1
gene 1 20 11 -0.421114 0 53 -0.421114 1
gene 2 1 20 3.63732 0 74 3.63732 1
genomeend 69

/* Organism #70 Fitness: 4.01755 Error: 1.99562 */
genomestart 70
trait 1 0.1 0 0 0 0 0 0 0 
trait 2 0.2 0 0 0.115208 0 0 0 0 
trait 3 0.3 0 0.609258 0 0 0 0.993821 0.717174 
node 1 2 1 3
node 2 3 1 1
node 3 1 1 1
node 4 1 0 2
node 11 1 0 0
node 20 1 0 0
gene 3 1 4 3.94441 0 1 3.94441 1
gene 3 2 4 -4.68653 0 2 -4.68653 1
gene 1 3 4 -6.01794 0 3 -6.01794 0
gene 1 3 11 -4.18182 0 16 -4.18182 1
gene 3 11 4 -6.06293 0 17 -6.06293 1
gene 3 2 20 -6.77511 0 42 -6.77511 1
gene 3 20 4 -2.30681 0 43 -2.30681 1
gene 1 20 11 -0.346137 0 53 -0.346137 1
gene 2 1 20 1.26481 0 74 1.26481 1
genomeend 70

/* Species #9 : (Size 6) (AF 5.47948) (Age 21)  */


/* Organism #71 Fitness: 8.99756 Error: 1.00041 */
genomestart 71
trait 1 0.1 0 0.0524876 0.0712277 0 0 0 0 
trait 2 0 1 0 0.697104 0.553658 0.618432 0 0 
trait 3 0.3 0 0 0 0 0 0 0 
node 1 2 1 3
node 2 3 1 1
node 3 1 1 1
node 4 2 0 2
node 11 3 0 0
node 21 1 0 0
gene 3 1 4 4.71302 0 1 4.71302 1
gene 3 2 4 -0.500972 0 2 -0.500972 1
gene 1 3 4 0.899193 0 3 0.899193 0
gene 1 3 11 -1.42258 0 16 -1.42258 1
gene 1 11 4 6.10475 0 17 6.10475 1
gene 3 2 21 2.34404 0 46 2.34404 1
gene 3 21 4 -6.05698 0 47 -6.05698 1
gene 1 1 11 0.744526 0 180 0.744526 1
genomeend 71

/* Organism #72 Fitness: 2.93678 Error: 2.2863 */
genomestart 72
trait 1 0.1 0 0.0524876 0.0712277 0 0 0 0 
trait 2 0 1 0 0.697104 0.553658 0.618432 0 0 
trait 3 0.3 0 0 0 0 0 0 0 
node 1 2 1 3
node 2 3 1 1
node 3 1 1 1
node 4 2 0 2
node 11 3 0 0
node 21 1 0 0
node 79 1 0 0
gene 3 1 4 3.65673 0 1 3.65673 1
gene 3 2 4 -1.99968 0 2 -1.99968 1
gene 1 3 4 4.85166 0 3 4.85166 0
gene 1 3 11 -3.43343 0 16 -3.43343 1
gene 1 11 4 3.9669 0 17 3.9669 0
gene 3 2 21 4.64025 0 46 4.64025 1
gene 3 21 4 -3.909 0 47 -3.909 1
gene 1 1 11 1.09526 0 180 1.09526 1
gene 1 11 79 -0.121982 0 239 -0.121982 1
gene 1 79 4 4.17574 0 240 4.17574 1
genomeend 72

/* Organism #73 Fitness: 8.94163 Error: 1.00974 */
genomestart 73
trait 1 0.1 0 0.0524876 0.0712277 0.385644 0 0 0.24845 
trait 2 0 1 0 0.697104 0.553658 0.618432 0 0 
trait 3 0.3 0 0 0 0 0 0 0 
node 1 2 1 3
node 2 3 1 1
node 3 1 1 1
node 4 2 0 2
node 11 3 0 0
node 21 1 0 0
node 79 1 0 0
gene 3 1 4 3.28526 0 1 3.28526 1
gene 3 2 4 -1.47317 0 2 -1.47317 1
gene 1 3 4 3.19636 0 3 3.19636 0
gene 1 3 11 -2.97238 0 16 -2.97238 1
gene 1 11 4 5.82423 0 17 5.82423 0
gene 3 2 21 2.34487 0 46 2.34487 1
gene 3 21 4 -5.66546 0 47 -5.66546 1
gene 1 1 11 1.1951 0 180 1.1951 1
gene 1 11 79 1 0 239 0 1
gene 1 79 4 5.82423 0 240 0 1
genomeend 73

/* Organism #74 Fitness: 4.00086 Error: 1.99979 */
genomestart 74
trait 1 0.1 0 0.0524876 0.0712277 0 0 0 0 
trait 2 0 1 0 0.697104 0.553658 0.618432 0 0 
trait 3 0.3 0 0 0 0 0 0 0 
node 1 2 1 3
node 2 3 1 1
node 3 1 1 1
node 4 2 0 2
node 11 3 0 0
node 21 1 0 0
node 79 1 0 0
gene 3 1 4 5.63918 0 1 5.63918 1
gene 3 2 4 0.900237 0 2 0.900237 1
gene 1 3 4 1.00519 0 3 1.00519 0
gene 1 3 11 -3.42634 0 16 -3.42634 1
gene 1 11 4 3.48497 0 17 3.48497 0
gene 3 2 21 1.24449 0 46 1.24449 1
gene 1 21 4 -7.99942 0 47 -7.99942 1
gene 1 1 11 2.23581 0 180 2.23581 1
gene 1 11 79 0.398386 0 239 0.398386 1
gene 1 79 4 6.29925 0 240 6.29925 1
genomeend 74

/* Organism #75 Fitness: 4 Error: 2 */
genomestart 75
trait 1 0.1 0 0.0524876 0.0712277 0 0 0 0 
trait 2 0 1 0 0.697104 0.553658 0.618432 0 0 
trait 3 0.3 0 0 0 0 0 0 0 
node 1 2 1 3
node 2 3 1 1
node 3 1 1 1
node 4 2 0 2
node 11 3 0 0
node 21 1 0 0
gene 3 1 4 3.44124 0 1 3.44124 1
gene 3 2 4 -1.16063 0 2 -1.16063 1
gene 1 3 4 3.82658 0 3 3.82658 0
gene 1 3 11 -4.05413 0 16 -4.05413 1
gene 1 11 4 4.85164 0 17 4.85164 0
gene 2 2 21 3.88279 0 46 3.88279 1
gene 3 21 4 -3.9379 0 47 -3.9379 1
gene 1 1 11 3.05661 0 180 3.05661 1
genomeend 75

/* Organism #76 Fitness: 4.00005 Error: 1.99999 */
genomestart 76
trait 1 0.1 0 0.0524876 0.0712277 0 0 0 0 
trait 2 0 1 0 0.697104 0.553658 0.618432 0 0 
trait 3 0.3 0 0 0 0 0 0 0 
node 1 2 1 3
node 2 3 1 1
node 3 1 1 1
node 4 2 0 2
node 11 3 0 0
node 21 1 0 0
node 79 1 0 0
gene 3 1 4 3.82397 0 1 3.82397 1
gene 3 2 4 -0.959671 0 2 -0.959671 1
gene 1 3 4 4.98354 0 3 4.98354 0
gene 1 3 11 -0.783689 0 16 -0.783689 1
gene 1 11 4 7.63816 0 17 7.63816 0
gene 3 2 21 3.88321 0 46 3.88321 1
gene 3 21 4 -7.518 0 47 -7.518 1
gene 1 1 11 2.29653 0 180 2.29653 1
gene 1 11 79 -0.354319 0 239 -0.354319 1
gene 1 79 4 7.69205 0 240 7.69205 1
genomeend 76

/* Species #10 : (Size 7) (AF 5.89876) (Age 20)  */


/* Organism #77 Fitness: 8.96647 Error: 1.00559 */
genomestart 77
trait 1 0.1 0 0 0 0 0 0 0 
trait 2 0.2 0.0477894 0 0.115208 0 0 0 0 
trait 3 0.3 0.183941 0 0.109872 0 0 0 0 
node 1 2 1 3
node 2 3 1 1
node 3 1 1 1
node 4 2 0 2
node 11 1 0 0
node 25 1 0 0
node 77 1 0 0
gene 3 1 4 -2.63558 0 1 -2.63558 1
gene 3 2 4 -2.37084 0 2 -2.37084 1
gene 1 3 4 4.61902 0 3 4.61902 1
gene 1 3 11 3.16692 0 16 3.16692 1
gene 1 11 4 2.11072 0 17 2.11072 1
gene 2 1 11 1.22237 0 31 1.22237 1
gene 3 2 25 0.648683 0 56 0.648683 1
gene 3 25 4 -2.82522 0 57 -2.82522 0
gene 3 25 77 1 0 229 0 1
gene 3 77 4 -2.82522 0 230 0 1
genomeend 77

/* Organism #78 Fitness: 3.99958 Error: 2.00011 */
genomestart 78
trait 1 0.1 0 0 0 0 0 0 0 
trait 2 0.2 0.0477894 0 0.115208 0 0 0 0 
trait 3 0.3 0.183941 0 0.109872 0 0 0 0 
node 1 2 1 3
node 2 3 1 1
node 3 1 1 1
node 4 2 0 2
node 11 1 0 0
node 25 1 0 0
node 77 1 0 0
gene 3 1 4 -0.346498 0 1 -0.346498 1
gene 3 2 4 -2.69095 0 2 -2.69095 1
gene 1 3 4 7.02857 0 3 7.02857 1
gene 1 3 11 2.91041 0 16 2.91041 1
gene 1 11 4 4.47605 0 17 4.47605 1
gene 2 1 11 -0.845863 0 31 -0.845863 1
gene 3 2 25 1.28566 0 56 1.28566 1
gene 3 25 4 -5.083 0 57 -5.083 0
gene 3 25 77 1.90896 0 229 1.90896 1
gene 3 77 4 -1.59615 0 230 -1.59615 1
genomeend 78

/* Organism #79 Fitness: 8.89118 Error: 1.01819 */
genomestart 79
trait 1 0.1 0 0 0 0 0 0 0 
trait 2 0.2 0.0477894 0 0.115208 0 0 0 0 
trait 3 0.3 0.183941 0 0.109872 0 0 0 0 
node 1 2 1 3
node 2 3 1 1
node 3 1 1 1
node 4 2 0 2
node 11 1 0 0
node 25 1 0 0
node 77 1 0 0
gene 3 1 4 -0.570919 0 1 -0.570919 1
gene 3 2 4 -1.91527 0 2 -1.91527 1
gene 1 3 4 3.81802 0 3 3.81802 1
gene 1 3 11 4.73192 0 16 4.73192 1
gene 1 11 4 0.48138 0 17 0.48138 1
gene 2 1 11 0.445676 0 31 0.445676 1
gene 3 2 25 2.14264 0 56 2.14264 1
gene 3 25 4 -1.98606 0 57 -1.98606 1
gene 3 25 77 -0.021103 0 229 -0.021103 1
gene 3 77 4 -1.34855 0 230 -1.34855 1
genomeend 79

/* Organism #80 Fitness: 4.00066 Error: 1.99983 */
genomestart 80
trait 1 0.1 0.112752 0 0.034473 0 0 0 0 
trait 2 0.2 0.0477894 0 0.115208 0 0 0 0 
trait 3 0.3 0.183941 0 0.109872 0 0 0 0 
node 1 2 1 3
node 2 3 1 1
node 3 1 1 1
node 4 2 0 2
node 11 1 0 0
node 25 1 0 0
node 77 1 0 0
gene 3 1 4 -3.96841 0 1 -3.96841 1
gene 3 2 4 -0.89809 0 2 -0.89809 1
gene 1 3 4 4.23017 0 3 4.23017 1
gene 1 3 11 4.58721 0 16 4.58721 1
gene 1 11 4 -0.360169 0 17 -0.360169 1
gene 2 1 11 0.0207331 0 31 0.0207331 1
gene 3 2 25 -0.875889 0 56 -0.875889 1
gene 3 25 4 -1.17083 0 57 -1.17083 1
gene 3 25 77 -0.37079 0 229 -0.37079 1
gene 3 77 4 -3.78435 0 230 -3.78435 1
genomeend 80

/* Organism #81 Fitness: 3.98028 Error: 2.00494 */
genomestart 81
trait 1 0.1 0 0 0 0 0 0 0 
trait 2 0.2 0.0477894 0 0.115208 0 0 0 0 
trait 3 0.3 0.183941 0 0.109872 0 0 0 0 
node 1 2 1 3
node 2 3 1 1
node 3 1 1 1
node 4 2 0 2
node 11 1 0 0
node 25 1 0 0
node 77 1 0 0
gene 3 1 4 -2.63558 0 1 -2.63558 1
gene 3 2 4 1.08718 0 2 1.08718 1
gene 1 3 4 4.61902 0 3 4.61902 1
gene 1 3 11 1.11434 0 16 1.11434 1
gene 1 11 4 -2.38691 0 17 -2.38691 1
gene 2 1 11 2.06438 0 31 2.06438 1
gene 3 2 25 -0.625759 0 56 -0.625759 1
gene 3 25 4 1.81733 0 57 1.81733 0
gene 3 25 77 2.33296 0 229 2.33296 1
gene 3 77 4 -2.82522 0 230 -2.82522 1
genomeend 81

/* Organism #82 Fitness: 7.4532 Error: 1.26995 */
genomestart 82
trait 1 0.1 0 0 0 0 0 0 0 
trait 2 0.2 0.0477894 0 0.115208 0 0 0 0 
trait 3 0.3 0.183941 0 0.109872 0 0 0 0 
node 1 2 1 3
node 2 3 1 1
node 3 1 1 1
node 4 2 0 2
node 11 1 0 0
node 25 1 0 0
node 77 1 0 0
gene 3 1 4 -2.75145 0 1 -2.75145 1
gene 3 2 4 -4.85615 0 2 -4.85615 1
gene 1 3 4 1.11086 0 3 1.11086 1
gene 1 3 11 5.24659 0 16 5.24659 1
gene 1 11 4 1.9113 0 17 1.9113 1
gene 2 1 11 -1.58445 0 31 -1.58445 1
gene 3 2 25 1.77036 0 56 1.77036 1
gene 3 25 4 -1.94974 0 57 -1.94974 0
gene 3 25 77 -1.12029 0 229 -1.12029 1
gene 3 77 4 -1.15176 0 230 -1.15176 1
genomeend 82

/* Organism #83 Fitness: 3.99994 Error: 2.00002 */
genomestart 83
trait 1 0.1 0 0 0 0 0 0 0 
trait 2 0.2 0.0477894 0 0.115208 0 0 0 0 
trait 3 0.3 0.183941 0 0.109872 0 0 0 0 
node 1 2 1 3
node 2 3 1 1
node 3 1 1 1
node 4 2 0 2
node 11 1 0 0
node 25 1 0 0
node 77 1 0 0
gene 3 1 4 -5.10404 0 1 -5.10404 1
gene 3 2 4 -1.29323 0 2 -1.29323 1
gene 1 3 4 4.61902 0 3 4.61902 1
gene 1 3 11 2.45097 0 16 2.45097 1
gene 1 11 4 1.7694 0 17 1.7694 1
gene 2 1 11 -1.06506 0 31 -1.06506 1
gene 3 2 25 -1.10503 0 56 -1.10503 1
gene 3 25 4 -2.50061 0 57 -2.50061 1
gene 3 25 77 2.62178 0 229 2.62178 1
gene 3 77 4 -4.34594 0 230 -4.34594 1
genomeend 83

/* Species #11 : (Size 7) (AF 6.83294) (Age 19)  */


/* Organism #84 Fitness: 8.99591 Error: 1.00068 */
genomestart 84
trait 1 0.124572 0 0.0546092 0 0 0 0.110899 0.120031 
trait 2 0 0.408417 0 0 0 0 0.421526 0 
trait 3 0.2625 0 0 0 0.0350175 0 0.0295653 0 
node 1 2 1 3
node 2 1 1 1
node 3 3 1 1
node 4 1 0 2
node 12 1 0 0
node 28 1 0 0
gene 1 1 4 -1.616 0 1 -1.616 1
gene 3 2 4 -1.24777 0 2 -1.24777 0
gene 1 3 4 0.806921 0 3 0.806921 0
gene 3 3 12 -2.28898 0 18 -2.28898 1
gene 3 12 4 7.61602 0 19 7.61602 1
gene 3 2 28 -2.06586 0 66 -2.06586 1
gene 3 28 4 -7.66212 0 67 -7.66212 1
genomeend 84

/* Organism #85 Fitness: 3.99474 Error: 2.00132 */
genomestart 85
trait 1 0.124572 0 0.0546092 0 0 0 0.110899 0.120031 
trait 2 0 0.408417 0 0 0 0 0.421526 0 
trait 3 0.2625 0 0 0 0.0350175 0 0.0295653 0 
node 1 2 1 3
node 2 1 1 1
node 3 3 1 1
node 4 1 0 2
node 12 1 0 0
node 28 1 0 0
gene 1 1 4 0.0972037 0 1 0.0972037 1
gene 3 2 4 0.598538 0 2 0.598538 0
gene 1 3 4 -0.89997 0 3 -0.89997 0
gene 3 3 12 -4.26112 0 18 -4.26112 1
gene 3 12 4 5.12107 0 19 5.12107 1
gene 3 2 28 0.0803088 0 66 0.0803088 1
gene 3 28 4 -8 0 67 -8 1
genomeend 85

/* Organism #86 Fitness: 8.99482 Error: 1.00086 */
genomestart 86
trait 1 0.124572 0 0.0546092 0 0 0 0.110899 0.120031 
trait 2 0 0.408417 0 0 0 0 0.421526 0 
trait 3 0.2625 0 0 0 0.0350175 0 0.0295653 0 
node 1 2 1 3
node 2 1 1 1
node 3 3 1 1
node 4 1 0 2
node 12 1 0 0
node 28 1 0 0
gene 1 1 4 -1.616 0 1 -1.616 1
gene 3 2 4 0.462352 0 2 0.462352 0
gene 1 3 4 0.806921 0 3 0.806921 0
gene 3 3 12 -2.28898 0 18 -2.28898 1
gene 3 12 4 7.80801 0 19 7.80801 1
gene 3 2 28 -2.06586 0 66 -2.06586 1
gene 3 28 4 -7.66212 0 67 -7.66212 1
genomeend 86

/* Organism #87 Fitness: 8.52175 Error: 1.0808 */
genomestart 87
trait 1 0.124572 0 0.0546092 0 0 0 0.110899 0.120031 
trait 2 0 0.408417 0 0 0 0 0.421526 0 
trait 3 0.2625 0 0 0 0.0350175 0 0.0295653 0 
node 1 2 1 3
node 2 1 1 1
node 3 3 1 1
node 4 1 0 2
node 12 1 0 0
node 28 1 0 0
gene 1 1 4 -1.616 0 1 -1.616 1
gene 3 2 4 2.45592 0 2 2.45592 0
gene 1 3 4 1.92124 0 3 1.92124 0
gene 3 3 12 -1.41574 0 18 -1.41574 1
gene 3 12 4 8 0 19 8 1
gene 3 2 28 -3.1913 0 66 -3.1913 1
gene 3 28 4 -5.75762 0 67 -5.75762 1
genomeend 87

/* Organism #88 Fitness: 3.96432 Error: 2.00894 */
genomestart 88
trait 1 0.124572 0 0.0546092 0 0 0 0.110899 0.120031 
trait 2 0 0.408417 0 0 0 0 0.421526 0 
trait 3 0.2625 0 0 0 0.0350175 0 0.0295653 0 
node 1 2 1 3
node 2 1 1 1
node 3 3 1 1
node 4 1 0 2
node 12 1 0 0
node 28 1 0 0
gene 1 1 4 -1.616 0 1 -1.616 1
gene 3 2 4 -0.392711 0 2 -0.392711 0
gene 1 3 4 0.806921 0 3 0.806921 1
gene 3 3 12 -1.41574 0 18 -1.41574 1
gene 3 12 4 7.71202 0 19 7.71202 1
gene 3 2 28 -2.06586 0 66 -2.06586 1
gene 3 28 4 -7.70435 0 67 -7.70435 1
gene 2 1 28 -0.322704 0 257 -0.322704 1
genomeend 88

/* Organism #89 Fitness: 8.9938 Error: 1.00103 */
genomestart 89
trait 1 0.124572 0 0.0546092 0 0 0 0.110899 0.120031 
trait 2 0 0.408417 0 0 0 0 0.421526 0 
trait 3 0.2625 0 0 0 0.0350175 0 0.0295653 0 
node 1 2 1 3
node 2 1 1 1
node 3 3 1 1
node 4 1 0 2
node 12 1 0 0
node 28 1 0 0
gene 1 1 4 -2.06151 0 1 -2.06151 1
gene 3 2 4 -1.37495 0 2 -1.37495 0
gene 1 3 4 0.326006 0 3 0.326006 0
gene 3 3 12 -0.807958 0 18 -0.807958 1
gene 3 12 4 7.13661 0 19 7.13661 1
gene 3 2 28 -3.89566 0 66 -3.89566 1
gene 3 28 4 -6.23422 0 67 -6.23422 1
genomeend 89

/* Organism #90 Fitness: 4.36525 Error: 1.91068 */
genomestart 90
trait 1 0.124572 0 0.0546092 0 0 0 0.110899 0.120031 
trait 2 0 0.408417 0 0 0 0 0.421526 0 
trait 3 0.2625 0 0 0 0.0350175 0 0.0295653 0 
node 1 2 1 3
node 2 1 1 1
node 3 3 1 1
node 4 1 0 2
node 12 1 0 0
node 28 1 0 0
gene 1 1 4 -1.616 0 1 -1.616 1
gene 3 2 4 0.30632 0 2 0.30632 0
gene 1 3 4 2.21674 0 3 2.21674 0
gene 3 3 12 -2.28898 0 18 -2.28898 1
gene 3 12 4 5.78147 0 19 5.78147 1
gene 3 2 28 -4.31834 0 66 -4.31834 1
gene 3 28 4 -1.61735 0 67 -1.61735 1
genomeend 90

/* Species #12 : (Size 10) (AF 6.929) (Age 13)  */


/* Organism #91 Fitness: 9 Error: 1 */
genomestart 91
trait 1 0.136858 0 0.0819138 0 0 0 0.166349 0.236188 
trait 2 0 0.408417 0 0 0 0 0.421526 0 
trait 3 0.271875 0 0 0 0.0262631 0 0.0221739 0 
node 1 2 1 3
node 2 1 1 1
node 3 3 1 1
node 4 1 0 2
node 12 1 0 0
gene 3 1 4 -2.99177 0 1 -2.99177 1
gene 3 2 4 -6.61101 0 2 -6.61101 1
gene 2 3 4 6.58544 0 3 6.58544 1
gene 3 3 12 0.360073 0 18 0.360073 1
gene 3 12 4 8 0 19 8 1
gene 2 1 12 -2.86411 0 114 -2.86411 1
genomeend 91

/* Organism #92 Fitness: 3.93246 Error: 2.01696 */
genomestart 92
trait 1 0.136858 0 0.0819138 0 0 0 0.166349 0.236188 
trait 2 0 0.408417 0 0 0 0 0.421526 0 
trait 3 0.271875 0 0 0 0.0262631 0 0.0221739 0 
node 1 2 1 3
node 2 1 1 1
node 3 3 1 1
node 4 1 0 2
node 12 1 0 0
gene 3 1 4 -0.77247 0 1 -0.77247 1
gene 3 2 4 -4.64697 0 2 -4.64697 1
gene 2 3 4 6.48668 0 3 6.48668 1
gene 3 3 12 2.65726 0 18 2.65726 1
gene 3 12 4 5.70655 0 19 5.70655 1
gene 2 1 12 -3.87313 0 114 -3.87313 1
genomeend 92

/* Organism #93 Fitness: 3.56929 Error: 2.11074 */
genomestart 93
trait 1 0.136858 0 0 0 0 0 0.166349 0.236188 
trait 2 0 0.408417 0 0 0 0 0.421526 0 
trait 3 0.271875 0 0 0 0.0262631 0 0.0221739 0 
node 1 2 1 3
node 2 1 1 1
node 3 3 1 1
node 4 1 0 2
node 12 1 0 0
gene 3 1 4 1.60167 0 1 1.60167 1
gene 3 2 4 -7.79001 0 2 -7.79001 1
gene 2 3 4 5.76607 0 3 5.76607 1
gene 3 3 12 -1.78454 0 18 -1.78454 1
gene 3 12 4 0.885541 0 19 0.885541 1
gene 2 1 12 -1.76146 0 114 -1.76146 1
genomeend 93

/* Organism #94 Fitness: 4.0003 Error: 1.99993 */
genomestart 94
trait 1 0.136858 0 0.0819138 0 0 0 0.166349 0.236188 
trait 2 0 0.408417 0 0 0 0 0.421526 0 
trait 3 0.271875 0 0 0 0.0262631 0 0.0221739 0 
node 1 2 1 3
node 2 1 1 1
node 3 3 1 1
node 4 1 0 2
node 12 1 0 0
gene 2 1 4 -5.07607 0 1 -5.07607 1
gene 3 2 4 -6.48739 0 2 -6.48739 1
gene 2 3 4 6.0042 0 3 6.0042 1
gene 3 3 12 1.82755 0 18 1.82755 1
gene 3 12 4 7.70102 0 19 7.70102 1
gene 2 1 12 -1.10189 0 114 -1.10189 1
genomeend 94

/* Organism #95 Fitness: 8.73339 Error: 1.04477 */
genomestart 95
trait 1 0.136858 0 0.0819138 0 0 0 0.166349 0.236188 
trait 2 0 0.408417 0 0 0 0 0.421526 0 
trait 3 0.271875 0 0 0 0.0262631 0 0.0221739 0 
node 1 2 1 3
node 2 1 1 1
node 3 3 1 1
node 4 1 0 2
node 12 1 0 0
gene 3 1 4 -1.49225 0 1 -1.49225 1
gene 3 2 4 -4.37174 0 2 -4.37174 1
gene 2 3 4 5.23941 0 3 5.23941 1
gene 3 3 12 -0.626401 0 18 -0.626401 1
gene 3 12 4 8 0 19 8 1
gene 2 1 12 -2.80697 0 114 -2.80697 1
genomeend 95

/* Organism #96 Fitness: 9 Error: 1 */
genomestart 96
trait 1 0.136858 0 0.0819138 0 0 0 0.166349 0.236188 
trait 2 0 0.408417 0 0 0 0 0.421526 0 
trait 3 0.271875 0 0 0 0.0262631 0 0.0221739 0 
node 1 2 1 3
node 2 1 1 1
node 3 3 1 1
node 4 1 0 2
node 12 1 0 0
gene 3 1 4 -2.99177 0 1 -2.99177 1
gene 3 2 4 -6.61101 0 2 -6.61101 1
gene 2 3 4 6.58544 0 3 6.58544 1
gene 3 3 12 0.360073 0 18 0.360073 1
gene 3 12 4 8 0 19 8 1
gene 2 1 12 -2.86411 0 114 -2.86411 1
gene 2 2 12 0.848118 0 258 0.848118 1
genomeend 96

/* Organism #97 Fitness: 9 Error: 1 */
genomestart 97
trait 1 0.136858 0 0.0819138 0 0 0 0.166349 0.236188 
trait 2 0 0.408417 0 0 0 0 0.421526 0 
trait 3 0.271875 0 0 0 0.0262631 0 0.0221739 0 
node 1 2 1 3
node 2 1 1 1
node 3 3 1 1
node 4 1 0 2
node 12 1 0 0
gene 3 1 4 -4.7577 0 1 -4.7577 1
gene 3 2 4 -7.09918 0 2 -7.09918 1
gene 2 3 4 8 0 3 8 1
gene 3 3 12 -1.35837 0 18 -1.35837 1
gene 3 12 4 8 0 19 8 1
gene 2 1 12 -3.21564 0 114 -3.21564 1
genomeend 97

/* Organism #98 Fitness: 4.05493 Error: 1.98631 */
genomestart 98
trait 1 0.136858 0 0.0819138 0 0 0 0.166349 0.236188 
trait 2 0 0.408417 0 0 0 0 0.421526 0 
trait 3 0.271875 0 0 0 0.0262631 0 0.0221739 0 
node 1 2 1 3
node 2 3 1 1
node 3 3 1 1
node 4 1 0 2
node 12 1 0 0
gene 3 1 4 -1.14538 0 1 -1.14538 1
gene 3 2 4 -6.02179 0 2 -6.02179 1
gene 2 3 4 7.98836 0 3 7.98836 1
gene 3 3 12 -0.905686 0 18 -0.905686 1
gene 3 12 4 5.53758 0 19 5.53758 1
gene 2 1 12 -2.10194 0 114 -2.10194 1
genomeend 98

/* Organism #99 Fitness: 8.99964 Error: 1.00006 */
genomestart 99
trait 1 0.136858 0 0.0819138 0.0977587 0.476006 0 0.166349 0.236188 
trait 2 0 0.408417 0 0 0 0 0.421526 0 
trait 3 0.271875 0 0 0 0.0262631 0 0.0221739 0 
node 1 2 1 3
node 2 1 1 1
node 3 3 1 1
node 4 1 0 2
node 12 1 0 0
gene 3 1 4 -1.97377 0 1 -1.97377 1
gene 3 2 4 -8 0 2 -8 1
gene 2 3 4 6.86008 0 3 6.86008 1
gene 3 3 12 2.4332 0 18 2.4332 1
gene 3 12 4 -0.752977 0 19 -0.752977 1
gene 2 1 12 -3.5247 0 114 -3.5247 1
genomeend 99

/* Organism #100 Fitness: 9 Error: 1 */
genomestart 100
trait 1 0.136858 0 0.0819138 0 0 0 0.166349 0.236188 
trait 2 0 0.408417 0 0 0 0 0.421526 0 
trait 3 0.271875 0 0 0 0.0262631 0 0.0221739 0 
node 1 2 1 3
node 2 1 1 1
node 3 3 1 1
node 4 1 0 2
node 12 1 0 0
gene 3 1 4 -3.23112 0 1 -3.23112 1
gene 3 2 4 -8 0 2 -8 1
gene 2 3 4 6.19845 0 3 6.19845 1
gene 3 3 12 2.18866 0 18 2.18866 1
gene 3 12 4 8 0 19 8 1
gene 2 1 12 -4.77341 0 114 -4.77341 1
genomeend 100

/* Species #13 : (Size 9) (AF 8.12756) (Age 12)  */


/* Organism #101 Fitness: 9 Error: 1 */
genomestart 101
trait 1 0.1 0 0 0 0 0 0 0 
trait 2 0.56001 0 0.976014 0.960941 0 0.543921 0.0526907 0 
trait 3 0.3 0 0 0 0 0 0 0 
node 1 2 1 3
node 2 3 1 1
node 3 1 1 1
node 4 1 0 2
node 15 1 0 0
node 48 1 0 0
node 52 1 0 0
gene 2 1 4 0.587029 0 1 0.587029 1
gene 3 2 4 -6.27902 0 2 -6.27902 1
gene 1 3 4 7.09997 0 3 7.09997 1
gene 3 2 15 -1.88462 0 27 -1.88462 0
gene 3 15 4 -5.59724 0 28 -5.59724 1
gene 1 3 15 -2.18047 0 59 -2.18047 1
gene 3 2 48 6.70008 0 129 6.70008 1
gene 3 48 15 -2.95265 0 130 -2.95265 1
gene 3 15 52 0.668 0 142 0.668 1
gene 2 52 4 -6.21988 0 143 -6.21988 1
gene 3 48 4 -1.50785 0 216 -1.50785 1
genomeend 101

/* Organism #102 Fitness: 9 Error: 1 */
genomestart 102
trait 1 0.1 0 0 0 0 0 0 0 
trait 2 0.56001 0 0.976014 0.960941 0 0.543921 0.0526907 0 
trait 3 0.3 0 0 0 0 0 0 0 
node 1 2 1 3
node 2 3 1 1
node 3 1 1 1
node 4 1 0 2
node 15 1 0 0
node 48 1 0 0
node 52 1 0 0
gene 2 1 4 0.587029 0 1 0.587029 1
gene 3 2 4 -6.27902 0 2 -6.27902 1
gene 1 3 4 7.09997 0 3 7.09997 1
gene 3 2 15 -1.88462 0 27 -1.88462 0
gene 3 15 4 -5.59724 0 28 -5.59724 1
gene 1 3 15 -2.18047 0 59 -2.18047 1
gene 3 2 48 6.70008 0 129 6.70008 1
gene 3 48 15 -2.95265 0 130 -2.95265 1
gene 3 15 52 0.668 0 142 0.668 1
gene 2 52 4 -6.21988 0 143 -6.21988 1
gene 3 48 4 -1.50785 0 216 -1.50785 1
genomeend 102

/* Organism #103 Fitness: 9 Error: 1 */
genomestart 103
trait 1 0.1 0 0 0 0 0 0 0 
trait 2 0.56001 0 0.976014 0.960941 0 0.543921 0.0526907 0 
trait 3 0.3 0 0 0 0 0 0 0 
node 1 2 1 3
node 2 3 1 1
node 3 1 1 1
node 4 1 0 2
node 15 1 0 0
node 48 1 0 0
node 52 1 0 0
gene 2 1 4 0.587029 0 1 0.587029 1
gene 3 2 4 -6.27902 0 2 -6.27902 1
gene 1 3 4 7.09997 0 3 7.09997 1
gene 3 2 15 -1.08788 0 27 -1.08788 0
gene 3 15 4 -5.59724 0 28 -5.59724 1
gene 1 3 15 -3.31556 0 59 -3.31556 1
gene 3 2 48 5.73678 0 129 5.73678 1
gene 3 48 15 -2.95265 0 130 -2.95265 1
gene 3 15 52 0.668 0 142 0.668 1
gene 2 52 4 -6.64802 0 143 -6.64802 1
gene 3 48 4 -1.50785 0 216 -1.50785 1
genomeend 103

/* Organism #104 Fitness: 8.98465 Error: 1.00256 */
genomestart 104
trait 1 0.1 0 0 0 0 0 0 0 
trait 2 0.56001 0 0.976014 0.960941 0 0.543921 0.0526907 0 
trait 3 0.3 0 0 0 0 0 0 0 
node 1 2 1 3
node 2 3 1 1
node 3 2 1 1
node 4 1 0 2
node 15 1 0 0
node 48 1 0 0
node 52 1 0 0
gene 2 1 4 2.75961 0 1 2.75961 1
gene 3 2 4 -8 0 2 -8 1
gene 1 3 4 4.38497 0 3 4.38497 1
gene 3 2 15 -3.97519 0 27 -3.97519 0
gene 3 15 4 -6.69635 0 28 -6.69635 1
gene 1 3 15 -0.978188 0 59 -0.978188 1
gene 3 2 48 8 0 129 8 1
gene 3 48 15 -4.76519 0 130 -4.76519 1
gene 3 15 52 2.28932 0 142 2.28932 1
gene 2 52 4 -6.43395 0 143 -6.43395 1
gene 3 48 4 -1.50785 0 216 -1.50785 1
genomeend 104

/* Organism #105 Fitness: 8.97561 Error: 1.00407 */
genomestart 105
trait 1 0.1 0 0 0 0 0 0 0 
trait 2 0.56001 0 0.976014 0.960941 0 0.543921 0.0526907 0 
trait 3 0.3 0 0 0 0 0 0 0 
node 1 2 1 3
node 2 3 1 1
node 3 1 1 1
node 4 1 0 2
node 15 1 0 0
node 48 1 0 0
node 52 1 0 0
gene 2 1 4 0.587029 0 1 0.587029 1
gene 3 2 4 -4.34945 0 2 -4.34945 1
gene 1 3 4 8 0 3 8 1
gene 3 2 15 -1.04552 0 27 -1.04552 0
gene 3 15 4 -5.59724 0 28 -5.59724 1
gene 1 3 15 -1.94313 0 59 -1.94313 1
gene 3 2 48 7.33717 0 129 7.33717 1
gene 3 48 15 1.61918 0 130 1.61918 1
gene 3 15 52 -1.31113 0 142 -1.31113 1
gene 2 52 4 -5.98772 0 143 -5.98772 1
gene 3 48 4 -2.9027 0 216 -2.9027 1
genomeend 105

/* Organism #106 Fitness: 1.18779 Error: 2.91014 */
genomestart 106
trait 1 0.1 0 0 0.27672 0 0 0 0 
trait 2 0.56001 0 0.976014 0.960941 0 0.543921 0.0526907 0 
trait 3 0.3 0 0 0 0 0 0 0 
node 1 2 1 3
node 2 3 1 1
node 3 1 1 1
node 4 1 0 2
node 15 1 0 0
node 48 1 0 0
node 52 1 0 0
gene 2 1 4 0.700925 0 1 0.700925 1
gene 3 2 4 -1.46471 0 2 -1.46471 1
gene 1 3 4 4.74439 0 3 4.74439 1
gene 3 2 15 0.634715 0 27 0.634715 0
gene 3 15 4 -5.03323 0 28 -5.03323 1
gene 1 3 15 -4.42496 0 59 -4.42496 1
gene 3 2 48 4.06003 0 129 4.06003 1
gene 3 48 15 -4.41931 0 130 -4.41931 1
gene 3 15 52 1.6265 0 142 1.6265 1
gene 2 52 4 0.50755 0 143 0.50755 1
gene 3 48 4 -0.965385 0 216 -0.965385 1
genomeend 106

/* Organism #107 Fitness: 8.99998 Error: 1 */
genomestart 107
trait 1 0.1 0 0 0 0 0 0 0 
trait 2 0.56001 0 0.976014 0.960941 0 0.543921 0.0526907 0 
trait 3 0.3 0 0 0 0 0 0 0 
node 1 2 1 3
node 2 3 1 1
node 3 1 1 1
node 4 1 0 2
node 15 1 0 0
node 48 1 0 0
node 52 1 0 0
gene 2 1 4 0.135493 0 1 0.135493 1
gene 3 2 4 -8 0 2 -8 1
gene 1 3 4 6.54351 0 3 6.54351 1
gene 3 2 15 -1.07263 0 27 -1.07263 0
gene 3 15 4 -1.67325 0 28 -1.67325 1
gene 1 3 15 -3.31556 0 59 -3.31556 1
gene 3 2 48 -0.877161 0 129 -0.877161 1
gene 3 48 15 -5.01188 0 130 -5.01188 1
gene 3 15 52 1.96184 0 142 1.96184 1
gene 2 52 4 -6.64802 0 143 -6.64802 1
gene 3 48 4 -1.50785 0 216 -1.50785 1
genomeend 107

/* Organism #108 Fitness: 8.99998 Error: 1 */
genomestart 108
trait 1 0.1 0 0 0 0 0 0 0 
trait 2 0.56001 0 0.976014 0.960941 0 0.543921 0.0526907 0 
trait 3 0.3 0 0 0 0 0 0 0 
node 1 2 1 3
node 2 3 1 1
node 3 1 1 1
node 4 1 0 2
node 15 1 0 0
node 48 1 0 0
node 52 1 0 0
gene 2 1 4 0.141066 0 1 0.141066 1
gene 3 2 4 -7.54385 0 2 -7.54385 1
gene 1 3 4 6.54351 0 3 6.54351 1
gene 3 2 15 -1.08788 0 27 -1.08788 0
gene 3 15 4 -7.51841 0 28 -7.51841 1
gene 1 3 15 -3.31556 0 59 -3.31556 1
gene 3 2 48 5.73678 0 129 5.73678 1
gene 3 48 15 -4.03813 0 130 -4.03813 1
gene 3 15 52 2.3313 0 142 2.3313 1
gene 2 52 4 -6.64802 0 143 -6.64802 1
gene 3 48 4 -1.50785 0 216 -1.50785 1
genomeend 108

/* Organism #109 Fitness: 9 Error: 1 */
genomestart 109
trait 1 0.1 0 0 0 0 0 0 0 
trait 2 0.56001 0 0.976014 0.960941 0 0.543921 0.0526907 0 
trait 3 0.3 0 0 0 0 0 0 0 
node 1 2 1 3
node 2 3 1 1
node 3 1 1 1
node 4 1 0 2
node 15 1 0 0
node 48 1 0 0
node 52 1 0 0
gene 2 1 4 0.587029 0 1 0.587029 1
gene 3 2 4 -6.27902 0 2 -6.27902 1
gene 1 3 4 7.09997 0 3 7.09997 1
gene 3 2 15 -1.88462 0 27 -1.88462 0
gene 3 15 4 -5.59724 0 28 -5.59724 1
gene 1 3 15 -2.18047 0 59 -2.18047 1
gene 3 2 48 6.70008 0 129 6.70008 1
gene 3 48 15 -2.95265 0 130 -2.95265 1
gene 3 15 52 0.668 0 142 0.668 1
gene 2 52 4 -6.21988 0 143 -6.21988 1
gene 3 48 4 -1.50785 0 216 -1.50785 1
gene 3 1 15 -0.698402 0 259 -0.698402 1
genomeend 109

/* Species #14 : (Size 4) (AF 3.93608) (Age 10)  */


/* Organism #110 Fitness: 3.97777 Error: 2.00557 */
genomestart 110
trait 1 0.1 0 0 0 0 0 0 0 
trait 2 0.385156 0 0 0 0 0 0 0 
trait 3 0.3 0 0 0 0 0 0 0 
node 1 2 1 3
node 2 1 1 1
node 3 1 1 1
node 4 3 0 2
node 10 1 0 0
node 81 1 0 0
gene 3 1 4 2.41644 0 1 2.41644 1
gene 1 2 4 5.03491 0 2 5.03491 0
gene 1 3 4 -3.45269 0 3 -3.45269 0
gene 1 2 10 1.35463 0 14 1.35463 1
gene 2 10 4 -2.45611 0 15 -2.45611 1
gene 1 1 10 1.06682 0 210 1.06682 1
gene 1 3 81 1.35957 0 243 1.35957 1
gene 1 81 4 -0.69943 0 244 -0.69943 1
genomeend 110

/* Organism #111 Fitness: 4 Error: 2 */
genomestart 111
trait 1 0.1 0 0 0 0 0 0 0 
trait 2 0.385156 0 0 0 0 0 0 0 
trait 3 0.3 0 0 0 0 0 0 0 
node 1 2 1 3
node 2 1 1 1
node 3 1 1 1
node 4 3 0 2
node 10 1 0 0
gene 3 1 4 -0.583397 0 1 -0.583397 1
gene 1 2 4 4.57637 0 2 4.57637 0
gene 1 3 4 -1.85534 0 3 -1.85534 0
gene 1 2 10 2.92157 0 14 2.92157 1
gene 2 10 4 1.43941 0 15 1.43941 1
gene 1 1 10 0.632088 0 210 0.632088 1
genomeend 111

/* Organism #112 Fitness: 3.79857 Error: 2.05101 */
genomestart 112
trait 1 0.1 0 0 0 0 0 0 0 
trait 2 0.385156 0 0 0 0 0 0 0 
trait 3 0.3 0 0 0 0 0 0 0 
node 1 2 1 3
node 2 1 1 1
node 3 1 1 1
node 4 3 0 2
node 10 1 0 0
gene 3 1 4 -1.68883 0 1 -1.68883 1
gene 1 2 4 0.482715 0 2 0.482715 0
gene 1 3 4 -1.51891 0 3 -1.51891 1
gene 1 2 10 0.83485 0 14 0.83485 1
gene 2 10 4 2.92461 0 15 2.92461 1
gene 1 1 10 0.180329 0 210 0.180329 1
genomeend 112

/* Organism #113 Fitness: 3.968 Error: 2.00802 */
genomestart 113
trait 1 0.1 0 0 0 0 0 0 0 
trait 2 0.385156 0 0 0 0 0 0 0 
trait 3 0.3 0 0 0 0 0 0 0 
node 1 2 1 3
node 2 1 1 1
node 3 1 1 1
node 4 3 0 2
node 10 1 0 0
node 81 1 0 0
gene 3 1 4 2.47044 0 1 2.47044 1
gene 1 2 4 2.23295 0 2 2.23295 0
gene 1 3 4 -0.804633 0 3 -0.804633 0
gene 1 2 10 5.14638 0 14 5.14638 1
gene 2 10 4 -1.63314 0 15 -1.63314 1
gene 1 1 10 0.484142 0 210 0.484142 1
gene 1 3 81 0.401904 0 243 0.401904 1
gene 1 81 4 -3.61241 0 244 -3.61241 1
genomeend 113

/* Species #15 : (Size 9) (AF 8.04522) (Age 9)  */


/* Organism #114 Fitness: 9 Error: 1 */
genomestart 114
trait 1 0.1 0 0 0 0 0 0 0 
trait 2 0.2 0 0 0 0 0 0 0 
trait 3 0.3 0 0 0 0 0 0 0 
node 1 2 1 3
node 2 2 1 1
node 3 3 1 1
node 4 2 0 2
node 18 1 0 0
node 60 1 0 0
gene 1 1 4 -8 0 1 -8 1
gene 3 2 4 -7.64281 0 2 -7.64281 1
gene 1 3 4 8 0 3 8 1
gene 1 3 18 2.86123 0 36 2.86123 1
gene 1 18 4 0.968364 0 37 0.968364 0
gene 1 18 60 1.53974 0 174 1.53974 1
gene 1 60 4 3.96673 0 175 3.96673 1
genomeend 114

/* Organism #115 Fitness: 9 Error: 1 */
genomestart 115
trait 1 0.1 0 0 0 0 0 0 0 
trait 2 0.2 0 0 0 0 0 0 0 
trait 3 0.3 0 0 0 0 0 0 0 
node 1 1 1 3
node 2 3 1 1
node 3 3 1 1
node 4 2 0 2
node 18 1 0 0
node 60 1 0 0
gene 1 1 4 -4.92577 0 1 -4.92577 1
gene 3 2 4 -8 0 2 -8 1
gene 1 3 4 5.04797 0 3 5.04797 1
gene 1 3 18 -2.51013 0 36 -2.51013 1
gene 1 18 4 2.01492 0 37 2.01492 0
gene 1 18 60 -1.42106 0 174 -1.42106 1
gene 1 60 4 5.86359 0 175 5.86359 1
genomeend 115

/* Organism #116 Fitness: 9 Error: 1 */
genomestart 116
trait 1 0.1 0 0 0 0 0 0 0 
trait 2 0.2 0 0 0 0 0 0 0 
trait 3 0.3 0 0 0 0 0 0 0 
node 1 2 1 3
node 2 2 1 1
node 3 3 1 1
node 4 2 0 2
node 18 1 0 0
node 60 1 0 0
gene 1 1 4 -8 0 1 -8 1
gene 3 2 4 -7.64281 0 2 -7.64281 1
gene 1 3 4 8 0 3 8 1
gene 1 3 18 2.86123 0 36 2.86123 1
gene 1 18 4 0.968364 0 37 0.968364 0
gene 1 18 60 1.53974 0 174 1.53974 1
gene 1 60 4 3.96673 0 175 3.96673 1
genomeend 116

/* Organism #117 Fitness: 9 Error: 1 */
genomestart 117
trait 1 0.1 0 0 0 0 0 0 0 
trait 2 0.2 0 0 0 0 0 0 0 
trait 3 0.3 0 0 0 0 0 0 0 
node 1 1 1 3
node 2 3 1 1
node 3 3 1 1
node 4 2 0 2
node 18 1 0 0
node 60 1 0 0
gene 1 1 4 -5.3402 0 1 -5.3402 1
gene 3 2 4 -8 0 2 -8 1
gene 1 3 4 6.50431 0 3 6.50431 1
gene 1 3 18 -2.4441 0 36 -2.4441 1
gene 1 18 4 2.35457 0 37 2.35457 0
gene 1 18 60 -0.163429 0 174 -0.163429 1
gene 1 60 4 5.25222 0 175 5.25222 1
genomeend 117

/* Organism #118 Fitness: 9 Error: 1 */
genomestart 118
trait 1 0.1 0 0 0 0 0 0 0 
trait 2 0.2 0 0 0 0 0 0 0 
trait 3 0.3 0 0 0 0 0 0 0 
node 1 2 1 3
node 2 2 1 1
node 3 3 1 1
node 4 2 0 2
node 18 1 0 0
node 60 1 0 0
gene 1 1 4 -7.52297 0 1 -7.52297 1
gene 3 2 4 -8 0 2 -8 1
gene 1 3 4 8 0 3 8 1
gene 1 3 18 0.667995 0 36 0.667995 1
gene 1 18 4 2.71205 0 37 2.71205 0
gene 1 18 60 0.953315 0 174 0.953315 1
gene 1 60 4 3.36109 0 175 3.36109 1
genomeend 118

/* Organism #119 Fitness: 9 Error: 1 */
genomestart 119
trait 1 0.1 0 0 0 0 0 0 0 
trait 2 0.2 0 0 0 0 0 0 0 
trait 3 0.3 0 0 0 0 0 0 0 
node 1 2 1 3
node 2 2 1 1
node 3 3 1 1
node 4 2 0 2
node 18 1 0 0
node 60 1 0 0
node 85 1 0 0
gene 1 1 4 -8 0 1 -8 1
gene 3 2 4 -7.64281 0 2 -7.64281 1
gene 1 3 4 8 0 3 8 1
gene 1 3 18 2.86123 0 36 2.86123 1
gene 1 18 4 0.968364 0 37 0.968364 0
gene 1 18 60 1.53974 0 174 1.53974 1
gene 1 60 4 3.96673 0 175 3.96673 0
gene 1 60 85 1 0 261 0 1
gene 1 85 4 3.96673 0 262 0 1
genomeend 119

/* Organism #120 Fitness: 8.49065 Error: 1.08613 */
genomestart 120
trait 1 0.1 0 0 0 0 0 0 0 
trait 2 0.2 0 0 0 0 0 0 0 
trait 3 0.3 0 0 0 0 0 0 0 
node 1 1 1 3
node 2 3 1 1
node 3 3 1 1
node 4 2 0 2
node 18 1 0 0
node 60 1 0 0
gene 1 1 4 -5.19241 0 1 -5.19241 1
gene 3 2 4 -7.65278 0 2 -7.65278 1
gene 2 3 4 8 0 3 8 1
gene 1 3 18 0.646261 0 36 0.646261 1
gene 1 18 4 -0.588486 0 37 -0.588486 0
gene 1 18 60 1.99572 0 174 1.99572 1
gene 1 60 4 4.33211 0 175 4.33211 1
genomeend 120

/* Organism #121 Fitness: 1.00005 Error: 2.99998 */
genomestart 121
trait 1 0.1 0 0 0 0 0 0 0 
trait 2 0.2 0 0 0 0 0 0 0 
trait 3 0.3 0 0 0 0 0 0 0 
node 1 2 1 3
node 2 2 1 1
node 3 3 1 1
node 4 2 0 2
node 18 1 0 0
node 60 1 0 0
gene 1 1 4 1.32005 0 1 1.32005 1
gene 3 2 4 -7.15588 0 2 -7.15588 1
gene 1 3 4 6.01438 0 3 6.01438 1
gene 1 3 18 2.86123 0 36 2.86123 1
gene 1 18 4 0.341682 0 37 0.341682 0
gene 1 18 60 1.99066 0 174 1.99066 1
gene 1 60 4 1.98577 0 175 1.98577 1
genomeend 121

/* Organism #122 Fitness: 8.91631 Error: 1.01398 */
genomestart 122
trait 1 0.1 0 0 0 0 0 0 0 
trait 2 0.925732 0 0 0 0 0 0 0 
trait 3 0.3 0 0 0 0 0 0 0 
node 1 1 1 3
node 2 3 1 1
node 3 3 1 1
node 4 2 0 2
node 18 1 0 0
node 60 1 0 0
gene 1 1 4 -5.23197 0 1 -5.23197 1
gene 3 2 4 -8 0 2 -8 1
gene 1 3 4 6.46419 0 3 6.46419 1
gene 1 3 18 -2.6071 0 36 -2.6071 1
gene 1 18 4 3.30972 0 37 3.30972 0
gene 1 18 60 -1.42158 0 174 -1.42158 1
gene 1 60 4 -0.735909 0 175 -0.735909 1
genomeend 122

/* Species #17 : (Size 11) (AF 8.29823) (Age 8)  */


/* Organism #123 Fitness: 8.99999 Error: 1 */
genomestart 123
trait 1 0.136858 0 0.0819138 0 0 0 0.166349 0.236188 
trait 2 0 0.408417 0 0 0 0 0.421526 0 
trait 3 0.271875 0 0 0 0.0262631 0 0.0221739 0 
node 1 2 1 3
node 2 1 1 1
node 3 3 1 1
node 4 1 0 2
node 12 1 0 0
node 63 1 0 0
gene 3 1 4 -2.78699 0 1 -2.78699 1
gene 3 2 4 6.9609 0 2 6.9609 1
gene 3 3 4 7.80025 0 3 7.80025 1
gene 2 3 12 0.25521 0 18 0.25521 0
gene 3 12 4 0.302497 0 19 0.302497 1
gene 2 1 12 -1.26228 0 114 -1.26228 1
gene 2 3 63 1.08996 0 185 1.08996 1
gene 2 63 12 -0.239471 0 186 -0.239471 1
genomeend 123

/* Organism #124 Fitness: 8.99721 Error: 1.00047 */
genomestart 124
trait 1 0.136858 0 0.0819138 0 0 0 0.166349 0.236188 
trait 2 0 0.408417 0 0 0 0 0.421526 0 
trait 3 0.271875 0 0 0 0.0262631 0 0.0221739 0 
node 1 2 1 3
node 2 1 1 1
node 3 3 1 1
node 4 1 0 2
node 12 2 0 0
node 63 1 0 0
gene 3 1 4 -1.55802 0 1 -1.55802 1
gene 3 2 4 6.87385 0 2 6.87385 1
gene 3 3 4 5.25119 0 3 5.25119 1
gene 2 3 12 3.03524 0 18 3.03524 0
gene 3 12 4 0.81893 0 19 0.81893 1
gene 2 1 12 -2.62119 0 114 -2.62119 1
gene 2 3 63 2.30452 0 185 2.30452 1
gene 2 63 12 -1.397 0 186 -1.397 1
gene 2 2 63 -2.18172 0 245 -2.18172 1
genomeend 124

/* Organism #125 Fitness: 8.99998 Error: 1 */
genomestart 125
trait 1 0.136858 0 0.0819138 0 0 0 0.166349 0.236188 
trait 2 0 0.408417 0 0 0 0 0.421526 0 
trait 3 0.271875 0 0 0 0.0262631 0 0.0221739 0 
node 1 2 1 3
node 2 1 1 1
node 3 3 1 1
node 4 1 0 2
node 12 2 0 0
node 63 1 0 0
gene 3 1 4 -2.69189 0 1 -2.69189 1
gene 3 2 4 5.40148 0 2 5.40148 1
gene 3 3 4 7.60242 0 3 7.60242 1
gene 2 3 12 0.696417 0 18 0.696417 0
gene 3 12 4 2.02178 0 19 2.02178 1
gene 2 1 12 -1.40672 0 114 -1.40672 1
gene 2 3 63 3.42427 0 185 3.42427 1
gene 2 63 12 -2.48434 0 186 -2.48434 1
gene 2 2 63 -0.333851 0 245 -0.333851 1
genomeend 125

/* Organism #126 Fitness: 6.77045 Error: 1.39799 */
genomestart 126
trait 1 0.136858 0 0.0819138 0 0 0 0.166349 0.236188 
trait 2 0 0.408417 0 0 0 0 0.421526 0 
trait 3 0.271875 0 0 0 0.0262631 0 0.0221739 0 
node 1 2 1 3
node 2 1 1 1
node 3 3 1 1
node 4 1 0 2
node 12 2 0 0
node 63 1 0 0
gene 3 1 4 -3.57835 0 1 -3.57835 1
gene 3 2 4 3.66236 0 2 3.66236 1
gene 3 3 4 6.85018 0 3 6.85018 1
gene 2 3 12 2.11659 0 18 2.11659 0
gene 3 12 4 0.0675581 0 19 0.0675581 1
gene 2 1 12 0.549345 0 114 0.549345 1
gene 2 3 63 2.17398 0 185 2.17398 1
gene 2 63 12 -4.24333 0 186 -4.24333 1
genomeend 126

/* Organism #127 Fitness: 4.00023 Error: 1.99994 */
genomestart 127
trait 1 0.136858 0 0.0819138 0 0 0 0.166349 0.236188 
trait 2 0 0.408417 0 0 0 0 0.421526 0 
trait 3 0.271875 0 0 0 0.0262631 0 0.0221739 0 
node 1 2 1 3
node 2 1 1 1
node 3 3 1 1
node 4 1 0 2
node 12 1 0 0
node 63 1 0 0
gene 3 1 4 -0.754575 0 1 -0.754575 1
gene 3 2 4 8 0 2 8 1
gene 3 3 4 8 0 3 8 1
gene 2 3 12 1.54224 0 18 1.54224 0
gene 3 12 4 2.77546 0 19 2.77546 1
gene 2 1 12 -0.20351 0 114 -0.20351 1
gene 2 3 63 3.42803 0 185 3.42803 1
gene 2 63 12 2.19115 0 186 2.19115 1
genomeend 127

/* Organism #128 Fitness: 8.99999 Error: 1 */
genomestart 128
trait 1 0.136858 0 0.0819138 0 0 0 0.166349 0.236188 
trait 2 0 0.408417 0 0 0 0 0.421526 0 
trait 3 0.271875 0 0 0 0.0262631 0 0.0221739 0 
node 1 2 1 3
node 2 1 1 1
node 3 3 1 1
node 4 1 0 2
node 12 1 0 0
node 63 1 0 0
gene 3 1 4 -2.78699 0 1 -2.78699 1
gene 3 2 4 6.9609 0 2 6.9609 1
gene 3 3 4 7.80025 0 3 7.80025 1
gene 2 3 12 0.25521 0 18 0.25521 0
gene 3 12 4 0.302497 0 19 0.302497 1
gene 2 1 12 -1.26228 0 114 -1.26228 1
gene 2 3 63 1.08996 0 185 1.08996 1
gene 2 63 12 -0.239471 0 186 -0.239471 1
gene 1 2 63 -0.458386 0 263 -0.458386 1
genomeend 128

/* Organism #129 Fitness: 8.99998 Error: 1 */
genomestart 129
trait 1 0.136858 0 0.0819138 0 0 0 0.166349 0.236188 
trait 2 0 0.408417 0 0 0 0 0.421526 0 
trait 3 0.716503 0 0 0 0.0262631 0 0 0.640354 
node 1 2 1 3
node 2 1 1 1
node 3 3 1 1
node 4 1 0 2
node 12 2 0 0
node 63 1 0 0
gene 3 1 4 -2.69189 0 1 -2.69189 1
gene 3 2 4 5.40148 0 2 5.40148 1
gene 3 3 4 7.60242 0 3 7.60242 1
gene 2 3 12 0.696417 0 18 0.696417 0
gene 3 12 4 2.02178 0 19 2.02178 1
gene 2 1 12 -1.40672 0 114 -1.40672 1
gene 2 3 63 3.42427 0 185 3.42427 1
gene 2 63 12 -2.48434 0 186 -2.48434 1
gene 2 2 63 -0.333851 0 245 -0.333851 1
genomeend 129

/* Organism #130 Fitness: 8.51277 Error: 1.08234 */
genomestart 130
trait 1 0.136858 0 0.0819138 0 0 0 0.166349 0.236188 
trait 2 0 0.408417 0 0 0 0 0.421526 0 
trait 3 0.271875 0 0 0 0.0262631 0 0.0221739 0 
node 1 2 1 3
node 2 1 1 1
node 3 3 1 1
node 4 1 0 2
node 12 2 0 0
node 63 1 0 0
gene 3 1 4 -2.88571 0 1 -2.88571 1
gene 3 2 4 3.37533 0 2 3.37533 1
gene 3 3 4 6.87263 0 3 6.87263 1
gene 2 3 12 0.115298 0 18 0.115298 0
gene 3 12 4 2.1904 0 19 2.1904 1
gene 2 1 12 -0.202423 0 114 -0.202423 1
gene 2 3 63 5.80177 0 185 5.80177 1
gene 2 63 12 -4.37204 0 186 -4.37204 1
gene 2 2 63 0.893486 0 245 0.893486 1
genomeend 130

/* Organism #131 Fitness: 9 Error: 1 */
genomestart 131
trait 1 0.136858 0 0.0819138 0 0 0 0.166349 0.236188 
trait 2 0 0.408417 0 0 0 0 0.421526 0 
trait 3 0.271875 0 0 0 0.0262631 0 0.0221739 0 
node 1 2 1 3
node 2 1 1 1
node 3 3 1 1
node 4 1 0 2
node 12 2 0 0
node 63 1 0 0
gene 3 1 4 -3.17269 0 1 -3.17269 1
gene 3 2 4 6.61457 0 2 6.61457 1
gene 3 3 4 8 0 3 8 1
gene 2 3 12 0.500169 0 18 0.500169 0
gene 3 12 4 4.40965 0 19 4.40965 1
gene 2 1 12 -0.193641 0 114 -0.193641 1
gene 2 3 63 2 0 185 2 1
gene 2 63 12 -1.09112 0 186 -1.09112 1
genomeend 131

/* Organism #132 Fitness: 8.99999 Error: 1 */
genomestart 132
trait 1 0.136858 0 0.0819138 0 0 0 0.166349 0.236188 
trait 2 0 0.408417 0 0 0 0 0.421526 0 
trait 3 0.271875 0 0 0 0.0262631 0 0.0221739 0 
node 1 2 1 3
node 2 1 1 1
node 3 3 1 1
node 4 1 0 2
node 12 2 0 0
node 63 1 0 0
gene 3 1 4 -4.0616 0 1 -4.0616 1
gene 3 2 4 6.79696 0 2 6.79696 1
gene 3 3 4 8 0 3 8 1
gene 2 3 12 1.78637 0 18 1.78637 0
gene 3 12 4 3.17866 0 19 3.17866 1
gene 1 1 12 -3.57537 0 114 -3.57537 1
gene 2 3 63 3.68876 0 185 3.68876 1
gene 2 63 12 -4.25384 0 186 -4.25384 1
gene 2 2 63 1.74965 0 245 1.74965 1
genomeend 132

/* Organism #133 Fitness: 8.99998 Error: 1 */
genomestart 133
trait 1 0.136858 0 0.0819138 0 0 0 0.166349 0.236188 
trait 2 0 0.408417 0 0 0 0 0.421526 0 
trait 3 0.271875 0 0 0 0.0262631 0 0.0221739 0 
node 1 2 1 3
node 2 1 1 1
node 3 3 1 1
node 4 1 0 2
node 12 2 0 0
node 63 1 0 0
gene 3 1 4 -2.69189 0 1 -2.69189 1
gene 3 2 4 5.40148 0 2 5.40148 1
gene 3 3 4 7.60242 0 3 7.60242 1
gene 2 3 12 0.696417 0 18 0.696417 0
gene 3 12 4 2.02178 0 19 2.02178 1
gene 2 1 12 -1.40672 0 114 -1.40672 1
gene 2 3 63 3.42427 0 185 3.42427 1
gene 2 63 12 -2.48434 0 186 -2.48434 1
gene 2 2 63 -0.333851 0 245 -0.333851 1
genomeend 133

/* Species #18 : (Size 8) (AF 8.99955) (Age 6)  */


/* Organism #134 Fitness: 9 Error: 1 */
genomestart 134
trait 1 0.136858 0 0.0819138 0 0 0 0.166349 0.236188 
trait 2 0 0.408417 0 0 0 0 0.421526 0 
trait 3 0.271875 0 0 0 0.0262631 0 0.0221739 0 
node 1 2 1 3
node 2 2 1 1
node 3 3 1 1
node 4 1 0 2
node 12 1 0 0
gene 3 1 4 -3.75922 0 1 -3.75922 1
gene 3 2 4 -8 0 2 -8 1
gene 3 3 4 8 0 3 8 1
gene 3 3 12 0.821068 0 18 0.821068 1
gene 3 12 4 -0.311833 0 19 -0.311833 1
gene 2 1 12 -0.146944 0 44 -0.146944 1
gene 3 2 12 -0.282282 0 183 -0.282282 1
genomeend 134

/* Organism #135 Fitness: 9 Error: 1 */
genomestart 135
trait 1 0 0.396681 0.0819138 0 0 0.431371 0.19651 0.236188 
trait 2 0 0.408417 0 0 0 0 0.421526 0 
trait 3 0.271875 0 0 0 0.0262631 0 0.0221739 0 
node 1 2 1 3
node 2 2 1 1
node 3 3 1 1
node 4 1 0 2
node 12 2 0 0
gene 3 1 4 -4.37338 0 1 -4.37338 1
gene 3 2 4 -7.05988 0 2 -7.05988 1
gene 3 3 4 7.28712 0 3 7.28712 1
gene 3 3 12 -0.198159 0 18 -0.198159 1
gene 3 12 4 -2.25284 0 19 -2.25284 1
gene 2 1 12 -2.18677 0 44 -2.18677 1
gene 3 2 12 -1.63285 0 183 -1.63285 1
genomeend 135

/* Organism #136 Fitness: 9 Error: 1 */
genomestart 136
trait 1 0.136858 0 0.0819138 0 0 0 0.166349 0.236188 
trait 2 0 0.408417 0 0 0 0 0.421526 0 
trait 3 0.271875 0 0 0 0.0262631 0 0.0221739 0 
node 1 2 1 3
node 2 2 1 1
node 3 3 1 1
node 4 1 0 2
node 12 1 0 0
gene 3 1 4 -3.75922 0 1 -3.75922 1
gene 3 2 4 -8 0 2 -8 1
gene 1 3 4 8 0 3 8 1
gene 3 3 12 0.821068 0 18 0.821068 1
gene 3 12 4 -0.311833 0 19 -0.311833 1
gene 2 1 12 -0.146944 0 44 -0.146944 1
gene 3 2 12 -0.282282 0 183 -0.282282 1
genomeend 136

/* Organism #137 Fitness: 8.99654 Error: 1.00058 */
genomestart 137
trait 1 0.136858 0 0.0819138 0 0 0 0.166349 0.236188 
trait 2 0 0.408417 0 0 0 0 0.421526 0 
trait 3 0.271875 0 0 0 0.0262631 0 0.0221739 0 
node 1 2 1 3
node 2 2 1 1
node 3 3 1 1
node 4 1 0 2
node 12 1 0 0
gene 3 1 4 -2.72702 0 1 -2.72702 1
gene 3 2 4 -8 0 2 -8 1
gene 3 3 4 5.63254 0 3 5.63254 1
gene 3 3 12 -0.459307 0 18 -0.459307 1
gene 3 12 4 -3.82728 0 19 -3.82728 1
gene 2 1 12 0.345492 0 44 0.345492 1
gene 3 2 12 0.739446 0 183 0.739446 1
genomeend 137

/* Organism #138 Fitness: 9 Error: 1 */
genomestart 138
trait 1 0.136858 0 0.0819138 0 0 0 0.166349 0.236188 
trait 2 0 0.408417 0 0 0 0 0.421526 0 
trait 3 0.271875 0 0 0 0.0262631 0 0.0221739 0 
node 1 2 1 3
node 2 2 1 1
node 3 3 1 1
node 4 1 0 2
node 12 1 0 0
gene 3 1 4 -2.7094 0 1 -2.7094 1
gene 3 2 4 -8 0 2 -8 1
gene 3 3 4 8 0 3 8 1
gene 3 3 12 -0.0458083 0 18 -0.0458083 1
gene 3 12 4 -2.38133 0 19 -2.38133 1
gene 2 1 12 0.746734 0 44 0.746734 1
gene 3 2 12 1.04346 0 183 1.04346 1
genomeend 138

/* Organism #139 Fitness: 8.99994 Error: 1.00001 */
genomestart 139
trait 1 0.136858 0 0.0819138 0 0 0 0.166349 0.236188 
trait 2 0 0.408417 0 0 0 0 0.421526 0 
trait 3 0.271875 0 0 0 0.0262631 0 0.0221739 0 
node 1 2 1 3
node 2 2 1 1
node 3 3 1 1
node 4 1 0 2
node 12 1 0 0
gene 3 1 4 -1.5647 0 1 -1.5647 1
gene 3 2 4 -8 0 2 -8 1
gene 3 3 4 6.10877 0 3 6.10877 1
gene 3 3 12 -0.16103 0 18 -0.16103 1
gene 3 12 4 -0.78604 0 19 -0.78604 1
gene 2 1 12 1.63661 0 44 1.63661 1
gene 3 2 12 -0.282282 0 183 -0.282282 1
genomeend 139

/* Organism #140 Fitness: 8.99996 Error: 1.00001 */
genomestart 140
trait 1 0.136858 0 0.0819138 0 0 0 0.166349 0.236188 
trait 2 0 0.408417 0 0 0 0 0.421526 0 
trait 3 0.271875 0 0 0 0.0262631 0 0.0221739 0 
node 1 2 1 3
node 2 2 1 1
node 3 3 1 1
node 4 1 0 2
node 12 1 0 0
gene 3 1 4 -2.34143 0 1 -2.34143 1
gene 3 2 4 -8 0 2 -8 1
gene 3 3 4 5.86519 0 3 5.86519 1
gene 3 3 12 -1.4249 0 18 -1.4249 1
gene 3 12 4 -1.79081 0 19 -1.79081 1
gene 2 1 12 -0.62875 0 44 -0.62875 1
gene 3 2 12 -0.90649 0 183 -0.90649 1
genomeend 140

/* Organism #141 Fitness: 9 Error: 1 */
genomestart 141
trait 1 0.136858 0 0.0819138 0 0 0 0.166349 0.236188 
trait 2 0 0.408417 0 0 0 0 0.421526 0 
trait 3 0.271875 0 0 0 0.0262631 0 0.0221739 0 
node 1 2 1 3
node 2 2 1 1
node 3 3 1 1
node 4 1 0 2
node 12 1 0 0
gene 3 1 4 -3.75922 0 1 -3.75922 1
gene 3 2 4 -8 0 2 -8 1
gene 3 3 4 8 0 3 8 1
gene 3 3 12 0.821068 0 18 0.821068 1
gene 3 12 4 -0.311833 0 19 -0.311833 1
gene 2 1 12 -0.146944 0 44 -0.146944 1
gene 3 2 12 -0.282282 0 183 -0.282282 1
genomeend 141

/* Species #19 : (Size 5) (AF 3.92334) (Age 2)  */


/* Organism #142 Fitness: 3.86363 Error: 2.03439 */
genomestart 142
trait 1 0.1 0 0 0 0 0 0 0 
trait 2 0.2 0 0 0 0 0 0 0 
trait 3 0.3 0 0 0 0 0 0 0 
node 1 2 1 3
node 2 3 1 1
node 3 1 1 1
node 4 3 0 2
node 10 1 0 0
node 16 1 0 0
node 19 2 0 0
node 75 1 0 0
gene 3 1 4 1.52045 0 1 1.52045 1
gene 1 2 4 -1.85408 0 2 -1.85408 0
gene 1 3 4 1.87846 0 3 1.87846 0
gene 1 2 10 -1.78542 0 14 -1.78542 1
gene 1 10 4 5.61383 0 15 5.61383 1
gene 1 3 16 5.00123 0 29 5.00123 1
gene 1 16 4 0.137798 0 30 0.137798 1
gene 1 16 19 -4.58595 0 38 -4.58595 0
gene 1 19 4 -2.01221 0 39 -2.01221 1
gene 2 16 10 -0.162904 0 110 -0.162904 1
gene 1 16 75 -0.315229 0 225 -0.315229 1
gene 1 75 19 0.128997 0 226 0.128997 1
genomeend 142

/* Organism #143 Fitness: 3.75667 Error: 2.06179 */
genomestart 143
trait 1 0.1 0 0 0 0 0 0 0 
trait 2 0.2 0 0 0 0 0 0 0 
trait 3 0.3 0 0 0 0 0 0 0 
node 1 2 1 3
node 2 3 1 1
node 3 1 1 1
node 4 3 0 2
node 10 1 0 0
node 16 1 0 0
node 19 2 0 0
node 75 1 0 0
gene 3 1 4 0.364003 0 1 0.364003 1
gene 1 2 4 -1.85408 0 2 -1.85408 0
gene 1 3 4 0.992995 0 3 0.992995 0
gene 1 2 10 -2.12801 0 14 -2.12801 1
gene 1 10 4 3.67948 0 15 3.67948 1
gene 1 3 16 3.75604 0 29 3.75604 1
gene 1 16 4 1.03448 0 30 1.03448 1
gene 1 16 19 -3.55599 0 38 -3.55599 0
gene 1 19 4 -3.22542 0 39 -3.22542 1
gene 2 16 10 -0.48955 0 110 -0.48955 1
gene 1 16 75 1 0 225 1 1
gene 1 75 19 0.130449 0 226 0.130449 1
genomeend 143

/* Organism #144 Fitness: 4 Error: 2 */
genomestart 144
trait 1 0.1 0 0 0 0 0 0 0 
trait 2 0.2 0 0 0 0 0 0 0 
trait 3 0.3 0 0 0 0 0 0 0 
node 1 2 1 3
node 2 3 1 1
node 3 1 1 1
node 4 3 0 2
node 10 1 0 0
node 16 1 0 0
node 19 2 0 0
node 75 1 0 0
gene 3 1 4 1.59063 0 1 1.59063 1
gene 1 2 4 -3.83599 0 2 -3.83599 0
gene 1 3 4 2.05986 0 3 2.05986 0
gene 1 2 10 -0.681856 0 14 -0.681856 1
gene 1 10 4 4.34739 0 15 4.34739 1
gene 1 3 16 3.53095 0 29 3.53095 1
gene 1 16 4 1.45882 0 30 1.45882 1
gene 1 16 19 -3.72758 0 38 -3.72758 0
gene 1 19 4 -1.91932 0 39 -1.91932 1
gene 2 16 10 -2.80327 0 110 -2.80327 1
gene 1 16 75 1 0 225 1 1
gene 1 75 19 -1.04985 0 226 -1.04985 1
genomeend 144

/* Organism #145 Fitness: 3.99643 Error: 2.00089 */
genomestart 145
trait 1 0.1 0 0 0 0 0 0 0 
trait 2 0.2 0 0 0 0 0 0 0 
trait 3 0.3 0 0 0 0 0 0 0 
node 1 2 1 3
node 2 3 1 1
node 3 1 1 1
node 4 3 0 2
node 10 1 0 0
node 16 1 0 0
node 19 2 0 0
node 75 1 0 0
gene 3 1 4 1.12196 0 1 1.12196 1
gene 1 2 4 -1.38028 0 2 -1.38028 0
gene 1 3 4 1.8031 0 3 1.8031 0
gene 1 2 10 -2.71605 0 14 -2.71605 1
gene 1 10 4 4.34447 0 15 4.34447 1
gene 1 3 16 6.05097 0 29 6.05097 1
gene 1 16 4 0.444322 0 30 0.444322 1
gene 1 16 19 -5.31254 0 38 -5.31254 0
gene 1 19 4 -3.35298 0 39 -3.35298 1
gene 2 16 10 1.27127 0 110 1.27127 1
gene 1 16 75 1 0 225 1 1
gene 1 75 19 -2.36442 0 226 -2.36442 1
genomeend 145

/* Organism #146 Fitness: 3.99997 Error: 2.00001 */
genomestart 146
trait 1 0.1 0 0 0 0 0 0 0 
trait 2 0.2 0 0 0 0 0 0 0 
trait 3 0.3 0 0 0 0 0 0 0 
node 1 2 1 3
node 2 3 1 1
node 3 1 1 1
node 4 3 0 2
node 10 1 0 0
node 16 1 0 0
node 19 2 0 0
node 75 1 0 0
gene 3 1 4 2.38926 0 1 2.38926 1
gene 2 2 4 -3.37662 0 2 -3.37662 0
gene 1 3 4 0.0362551 0 3 0.0362551 0
gene 1 2 10 -1.10928 0 14 -1.10928 1
gene 1 10 4 1.68742 0 15 1.68742 1
gene 1 3 16 2.30554 0 29 2.30554 1
gene 1 16 4 1.77881 0 30 1.77881 1
gene 1 16 19 -4.09524 0 38 -4.09524 0
gene 1 19 4 -3.17254 0 39 -3.17254 1
gene 2 16 10 -2.8885 0 110 -2.8885 1
gene 1 16 75 0.144312 0 225 0.144312 1
gene 1 75 19 0.130449 0 226 0.130449 1
genomeend 146

/* Species #20 : (Size 1) (AF 8.03969) (Age 1)  */


/* Organism #147 Fitness: 8.03969 Error: 1.16456 */
genomestart 147
trait 1 0.1 0 0.0524876 0.0712277 0 0 0 0 
trait 2 0 1 0 0.697104 0.553658 0.618432 0 0 
trait 3 0.3 0 0 0 0 0 0 0 
node 1 2 1 3
node 2 3 1 1
node 3 1 1 1
node 4 2 0 2
node 11 3 0 0
node 21 1 0 0
node 79 1 0 0
node 84 1 0 0
gene 3 1 4 3.28526 0 1 3.28526 1
gene 3 2 4 -1.47317 0 2 -1.47317 1
gene 1 3 4 3.19636 0 3 3.19636 0
gene 1 3 11 -2.97238 0 16 -2.97238 0
gene 1 11 4 5.82423 0 17 5.82423 0
gene 3 2 21 2.34487 0 46 2.34487 1
gene 3 21 4 -5.66546 0 47 -5.66546 1
gene 1 1 11 1.1951 0 180 1.1951 1
gene 1 11 79 1 0 239 0 1
gene 1 79 4 5.82423 0 240 0 1
gene 1 3 84 1 0 254 0 1
gene 1 84 11 -2.97238 0 255 0 1
genomeend 147

/* Species #21 : (Size 1) (AF 8.93643) (Age 1)  */


/* Organism #148 Fitness: 8.93643 Error: 1.01061 */
genomestart 148
trait 1 0.1 0 0.0524876 0.0712277 0 0 0 0 
trait 2 0 1 0 0.697104 0.553658 0.618432 0 0 
trait 3 0.3 0 0 0 0 0 0 0 
node 1 2 1 3
node 2 3 1 1
node 3 1 1 1
node 4 2 0 2
node 11 3 0 0
node 21 1 0 0
node 79 1 0 0
gene 3 1 4 3.28526 0 1 3.28526 1
gene 3 2 4 -1.47317 0 2 -1.47317 1
gene 1 3 4 3.19636 0 3 3.19636 0
gene 1 3 11 -2.97238 0 16 -2.97238 1
gene 1 11 4 5.82423 0 17 5.82423 0
gene 3 2 21 2.34487 0 46 2.34487 1
gene 3 21 4 -5.66546 0 47 -5.66546 1
gene 1 1 11 1.1951 0 180 1.1951 1
gene 1 11 79 1 0 239 0 1
gene 1 79 4 5.82423 0 240 0 1
gene 3 79 21 0.678075 0 256 0.678075 1
genomeend 148

/* Species #22 : (Size 1) (AF 4.10388) (Age 1)  */


/* Organism #149 Fitness: 4.10388 Error: 1.9742 */
genomestart 149
trait 1 0.1 0 0 0 0 0 0 0 
trait 2 0.385156 0 0 0 0 0 0 0 
trait 3 0.3 0 0 0 0 0 0 0 
node 1 2 1 3
node 2 1 1 1
node 3 1 1 1
node 4 3 0 2
node 10 1 0 0
node 81 1 0 0
gene 3 1 4 1.85107 0 1 1.85107 1
gene 1 2 4 4.47425 0 2 4.47425 0
gene 1 3 4 -1.14602 0 3 -1.14602 0
gene 1 2 10 2.89856 0 14 2.89856 1
gene 2 10 4 -0.222377 0 15 -0.222377 1
gene 1 1 10 -0.223103 0 210 -0.223103 1
gene 1 3 81 1 0 243 0 1
gene 1 81 4 -1.14602 0 244 0 1
gene 1 10 81 -0.442789 0 260 -0.442789 1
genomeend 149
