
/* Species #1 : (Size 34) (AF 7.77715) (Age 14)  */


/* Organism #0 Fitness: 9 Error: 1 */
genomestart 0
trait 1 0.103276 0 0 0 0 0 0 0.0124262 
trait 2 0.186719 0.058663 0 0.0271154 0 0 0.00204596 0 
trait 3 0.296484 0.00377006 0 0 0 0 0 0 
node 1 3 1 3
node 2 3 1 1
node 3 2 1 1
node 4 1 0 2
gene 2 1 4 -3.79125 0 1 -3.79125 1
gene 3 2 4 8 0 2 8 1
gene 3 3 4 7.59771 0 3 7.59771 1
genomeend 0

/* Organism #1 Fitness: 4.00023 Error: 1.99994 */
genomestart 1
trait 1 0.106552 0 0 0 0 0 0 0.0248524 
trait 2 0.272285 0.0517615 0 0.027913 0 0 0.00210614 0 
trait 3 0.293555 0.00691177 0 0 0 0 0 0 
node 1 3 1 3
node 2 3 1 1
node 3 2 1 1
node 4 1 0 2
gene 2 1 4 1.98641 0 1 1.98641 1
gene 3 2 4 8 0 2 8 1
gene 3 3 4 8 0 3 8 1
genomeend 1

/* Organism #2 Fitness: 9 Error: 1 */
genomestart 2
trait 1 0.109828 0 0 0 0 0 0 0.0372785 
trait 2 0.84959 0.04486 0 1 0.276727 0 0.00216631 0.847704 
trait 3 0.290625 0.0100535 0 0 0 0 0 0 
node 1 2 1 3
node 2 3 1 1
node 3 2 1 1
node 4 1 0 2
gene 2 1 4 -3.84378 0 1 -3.84378 1
gene 3 2 4 8 0 2 8 1
gene 3 3 4 7.49664 0 3 7.49664 1
genomeend 2

/* Organism #3 Fitness: 9 Error: 1 */
genomestart 3
trait 1 0.101638 0 0.00169426 0 0 0 0 0.00636104 
trait 2 0.193359 0.0293315 0 0.0135577 0 0 0.00102298 0 
trait 3 0.298242 0.0118739 0 0.00173156 0.0158843 0 0 0.0158577 
node 1 3 1 3
node 2 2 1 1
node 3 1 1 1
node 4 2 0 2
gene 2 1 4 -2.87535 0 1 -2.87535 1
gene 3 2 4 8 0 2 8 1
gene 3 3 4 7.59771 0 3 7.59771 1
genomeend 3

/* Organism #4 Fitness: 9 Error: 1 */
genomestart 4
trait 1 0.106552 0 0 0 0 0 0 0.0248524 
trait 2 0.186719 0.058663 0 0.0271154 0 0 0.00204596 0 
trait 3 0.294141 0.00628343 0 0 0 0 0 0 
node 1 3 1 3
node 2 3 1 1
node 3 2 1 1
node 4 1 0 2
gene 2 1 4 -3.32221 0 1 -3.32221 1
gene 3 2 4 8 0 2 8 1
gene 3 3 4 7.77867 0 3 7.77867 1
genomeend 4

/* Organism #5 Fitness: 9 Error: 1 */
genomestart 5
trait 1 0.106552 0 0 0 0 0 0 0.0248524 
trait 2 0.186719 0.058663 0 0.0271154 0 0 0.00204596 0 
trait 3 0.294141 0.00628343 0 0 0 0 0 0 
node 1 3 1 3
node 2 3 1 1
node 3 2 1 1
node 4 1 0 2
gene 2 1 4 -3.32221 0 1 -3.32221 1
gene 3 2 4 6.99547 0 2 6.99547 1
gene 3 3 4 8 0 3 8 1
genomeend 5

/* Organism #6 Fitness: 8.99902 Error: 1.00016 */
genomestart 6
trait 1 0.114741 0 0 0 0 0 0 0.0559178 
trait 2 0.271894 0.0534869 0 0.0287105 0 0 0.00216631 0 
trait 3 0.287109 0.0138235 0 0 0 0 0 0 
node 1 2 1 3
node 2 3 1 1
node 3 2 1 1
node 4 1 0 2
gene 2 1 4 -1.77176 0 1 -1.77176 1
gene 3 2 4 7.30278 0 2 7.30278 1
gene 3 3 4 6.61016 0 3 6.61016 1
genomeend 6

/* Organism #7 Fitness: 8.638 Error: 1.06095 */
genomestart 7
trait 1 0.114741 0 0 0 0 0 0 0.0559178 
trait 2 0.186328 0.0603884 0 0.027913 0 0 0.00210614 0 
trait 3 0.287695 0.0131952 0 0 0 0 0 0 
node 1 2 1 3
node 2 3 1 1
node 3 2 1 1
node 4 1 0 2
gene 2 1 4 -4.35409 0 1 -4.35409 1
gene 3 2 4 8 0 2 8 1
gene 3 3 4 4.90946 0 3 4.90946 1
genomeend 7

/* Organism #8 Fitness: 9 Error: 1 */
genomestart 8
trait 1 0.104095 0 0 0 0 0 0 0.0155327 
trait 2 0.186523 0.0595257 0 0.0275142 0 0 0.00207605 0 
trait 3 0.295605 0.00471257 0 0 0 0 0 0 
node 1 3 1 3
node 2 3 1 1
node 3 2 1 1
node 4 1 0 2
gene 2 1 4 -3.46197 0 1 -3.46197 1
gene 3 2 4 7.91149 0 2 7.91149 1
gene 3 3 4 7.99813 0 3 7.99813 1
genomeend 8

/* Organism #9 Fitness: 8.95884 Error: 1.00687 */
genomestart 9
trait 1 0.119655 0 0 0 0 0 0 0.0745571 
trait 2 0.185938 0.0621138 0 0.0287105 0 0 0.00216631 0 
trait 3 0.283594 0.0175936 0 0 0 0 0 0 
node 1 1 1 3
node 2 3 1 1
node 3 2 1 1
node 4 1 0 2
gene 1 1 4 -1.0101 0 1 -1.0101 1
gene 3 2 4 8 0 2 8 1
gene 3 3 4 7.91124 0 3 7.91124 1
genomeend 9

/* Organism #10 Fitness: 4.00349 Error: 1.99913 */
genomestart 10
trait 1 0.119655 0 0 0 0 0 0 0.0745571 
trait 2 0.185938 0.0621138 0 0.0287105 0 0 0.00216631 0 
trait 3 0.283594 0.0175936 0 0 0 0 0 0 
node 1 2 1 3
node 2 3 1 1
node 3 2 1 1
node 4 1 0 2
gene 2 1 4 1.43065 0 1 1.43065 1
gene 3 2 4 8 0 2 8 1
gene 3 3 4 3.78389 0 3 3.78389 1
genomeend 10

/* Organism #11 Fitness: 4.01821 Error: 1.99545 */
genomestart 11
trait 1 0.119655 0 0 0 0 0 0 0.0745571 
trait 2 0.185938 0.0621138 0 0.0287105 0 0 0.00216631 0 
trait 3 0 0 0 0 0 0 0 0 
node 1 2 1 3
node 2 3 1 1
node 3 2 1 1
node 4 1 0 2
gene 2 1 4 -4.99134 0 1 -4.99134 1
gene 3 2 4 8 0 2 8 1
gene 3 3 4 3.89707 0 3 3.89707 1
genomeend 11

/* Organism #12 Fitness: 8.99572 Error: 1.00071 */
genomestart 12
trait 1 0.109828 0 0 0 0 0 0 0.0372785 
trait 2 0.35785 0.04486 0 0.0287105 0 0 0.00216631 0 
trait 3 0.290625 0.0100535 0 0 0 0 0 0 
node 1 2 1 3
node 2 3 1 1
node 3 2 1 1
node 4 1 0 2
gene 2 1 4 -1.47108 0 1 -1.47108 1
gene 3 2 4 8 0 2 8 1
gene 3 3 4 7.66514 0 3 7.66514 1
genomeend 12

/* Organism #13 Fitness: 8.98527 Error: 1.00246 */
genomestart 13
trait 1 0.119655 0 0 0 0 0 0 0.0745571 
trait 2 0.185938 0.0621138 0 0.0287105 0 0 0.00216631 0 
trait 3 0.283594 0.0175936 0 0 0 0 0 0 
node 1 2 1 3
node 2 3 1 1
node 3 2 1 1
node 4 1 0 2
gene 2 1 4 -1.21983 0 1 -1.21983 1
gene 3 2 4 8 0 2 8 1
gene 3 3 4 8 0 3 8 1
genomeend 13

/* Organism #14 Fitness: 8.93726 Error: 1.01048 */
genomestart 14
trait 1 0.111466 0 0 0 0 0 0 0.0434916 
trait 2 0.186328 0.0603884 0 0.027913 0 0 0.00210614 0 
trait 3 0.290039 0.0106818 0 0 0 0 0 0 
node 1 3 1 3
node 2 3 1 1
node 3 2 1 1
node 4 1 0 2
gene 2 1 4 -0.923624 0 1 -0.923624 1
gene 3 2 4 8 0 2 8 1
gene 2 3 4 8 0 3 8 1
genomeend 14

/* Organism #15 Fitness: 8.9999 Error: 1.00002 */
genomestart 15
trait 1 0.112285 0 0 0 0 0 0 0.0465982 
trait 2 0.186133 0.0612511 0 0.0283117 0 0 0.00213622 0 
trait 3 0.28916 0.0116243 0 0 0 0 0 0 
node 1 2 1 3
node 2 3 1 1
node 3 2 1 1
node 4 1 0 2
gene 2 1 4 -3.95317 0 1 -3.95317 1
gene 3 2 4 8 0 2 8 1
gene 3 3 4 6.19629 0 3 6.19629 1
genomeend 15

/* Organism #16 Fitness: 8.98851 Error: 1.00192 */
genomestart 16
trait 1 0.106552 0 0 0 0 0 0 0.0248524 
trait 2 0.185938 0.0621138 0 0.0287105 0 0 0.00216631 0 
trait 3 0.280141 0.00754012 0 0.331244 0 0 0.491113 0 
node 1 2 1 3
node 2 3 1 1
node 3 2 1 1
node 4 1 0 2
gene 2 1 4 -6.00798 0 1 -6.00798 1
gene 3 2 4 8 0 2 8 1
gene 3 3 4 7.28429 0 3 7.28429 1
genomeend 16

/* Organism #17 Fitness: 4.0006 Error: 1.99985 */
genomestart 17
trait 1 0.113104 0 0 0 0 0 0 0.0497047 
trait 2 0.185938 0.0621138 0 0.0287105 0 0 0.00216631 0 
trait 3 0.281867 0.0125669 0 0.165622 0 0 0.245556 0 
node 1 2 1 3
node 2 3 1 1
node 3 2 1 1
node 4 1 0 2
gene 2 1 4 1.7896 0 1 1.7896 1
gene 3 2 4 8 0 2 8 1
gene 3 3 4 7.1735 0 3 7.1735 1
genomeend 17

/* Organism #18 Fitness: 9 Error: 1 */
genomestart 18
trait 1 0.105733 0 0 0 0 0 0 0.0217458 
trait 2 0.186133 0.0612511 0 0.0283117 0 0 0.00213622 0 
trait 3 0.287434 0.0065976 0 0.165622 0 0 0.245556 0 
node 1 2 1 3
node 2 3 1 1
node 3 2 1 1
node 4 1 0 2
gene 2 1 4 -3.79125 0 1 -3.79125 1
gene 3 2 4 8 0 2 8 1
gene 3 3 4 7.59771 0 3 7.59771 1
genomeend 18

/* Organism #19 Fitness: 3.99796 Error: 2.00051 */
genomestart 19
trait 1 0.1 0 0.0271082 0 0 0 0 0.00236717 
trait 2 0.1875 0 0.0112574 0.0282795 0 0 0.0547158 0 
trait 3 0.15 0.285517 0 0.00306327 0.0481452 0.1044 0.17055 0 
node 1 1 1 3
node 2 1 1 1
node 3 1 1 1
node 4 3 0 2
node 15 1 0 0
gene 2 1 4 -4.15126 0 1 -4.15126 1
gene 1 2 4 8 0 2 8 1
gene 3 3 4 0.52847 0 3 0.52847 1
gene 3 3 15 -0.0766049 0 25 -0.0766049 1
gene 3 15 4 6.01087 0 26 6.01087 1
genomeend 19

/* Organism #20 Fitness: 8.98423 Error: 1.00263 */
genomestart 20
trait 1 0.1 0 0.0271082 0 0 0 0 0.00236717 
trait 2 0.1875 0 0.0112574 0.0282795 0 0 0.0547158 0 
trait 3 0.3 0 0 0.00612653 0.0481452 0 0 0 
node 1 1 1 3
node 2 1 1 1
node 3 1 1 1
node 4 3 0 2
node 15 1 0 0
gene 2 1 4 -3.57603 0 1 -3.57603 1
gene 1 2 4 7.64098 0 2 7.64098 1
gene 3 3 4 1.18265 0 3 1.18265 1
gene 3 3 15 1.19545 0 25 1.19545 1
gene 3 15 4 3.6228 0 26 3.6228 1
genomeend 20

/* Organism #21 Fitness: 8.74627 Error: 1.04259 */
genomestart 21
trait 1 0.1 0 0.0271082 0 0 0 0 0.00236717 
trait 2 0.1875 0 0.0112574 0.0282795 0 0 0.0547158 0 
trait 3 0.3 0 0 0.00612653 0.0481452 0 0 0 
node 1 1 1 3
node 2 1 1 1
node 3 1 1 1
node 4 3 0 2
node 15 1 0 0
gene 2 1 4 -2.39534 0 1 -2.39534 1
gene 1 2 4 5.46123 0 2 5.46123 1
gene 3 3 4 4.85059 0 3 4.85059 1
gene 3 3 15 0.701398 0 25 0.701398 1
gene 3 15 4 3.52651 0 26 3.52651 1
genomeend 21

/* Organism #22 Fitness: 8.82822 Error: 1.02877 */
genomestart 22
trait 1 0.1 0 0.0271082 0 0 0 0 0.00236717 
trait 2 0.1875 0 0.0112574 0.0282795 0 0 0.0547158 0 
trait 3 0.3 0 0 0.00612653 0.0481452 0 0 0 
node 1 1 1 3
node 2 1 1 1
node 3 1 1 1
node 4 3 0 2
node 15 1 0 0
gene 2 1 4 -2.84427 0 1 -2.84427 1
gene 1 2 4 6.1508 0 2 6.1508 1
gene 3 3 4 3.44641 0 3 3.44641 1
gene 3 3 15 -0.565864 0 25 -0.565864 1
gene 3 15 4 3.90237 0 26 3.90237 1
genomeend 22

/* Organism #23 Fitness: 8.58043 Error: 1.07076 */
genomestart 23
trait 1 0.1 0 0.0135541 0 0 0 0 0.00118358 
trait 2 0.2 0 0 0 0 0 0 0 
trait 3 0.3 0.0799111 0 0.0138525 0.127075 0 0 0.126862 
node 1 3 1 3
node 2 3 1 1
node 3 2 1 1
node 4 1 0 2
node 14 1 0 0
gene 1 1 4 -3.22391 0 1 -3.22391 1
gene 3 2 4 3.96426 0 2 3.96426 0
gene 3 3 4 5.05479 0 3 5.05479 1
gene 3 2 14 0.589965 0 23 0.589965 1
gene 3 14 4 3.95914 0 24 3.95914 1
genomeend 23

/* Organism #24 Fitness: 8.91819 Error: 1.01367 */
genomestart 24
trait 1 0.1 0 0.0135541 0 0 0 0 0.00118358 
trait 2 0.2 0 0 0 0 0 0 0 
trait 3 0.3 0.0799111 0 0.0138525 0.127075 0 0 0.126862 
node 1 3 1 3
node 2 3 1 1
node 3 2 1 1
node 4 1 0 2
node 14 1 0 0
gene 1 1 4 -4.50295 0 1 -4.50295 1
gene 3 2 4 3.91131 0 2 3.91131 0
gene 3 3 4 5.12755 0 3 5.12755 1
gene 3 2 14 0.946472 0 23 0.946472 1
gene 3 14 4 5.42502 0 24 5.42502 1
genomeend 24

/* Organism #25 Fitness: 8.9909 Error: 1.00152 */
genomestart 25
trait 1 0.126207 0 0 0 0 0 0 0.0994094 
trait 2 0.190625 0.0414092 0 0.0191403 0 0 0.00144421 0 
trait 3 0.273047 0.0289038 0 0 0 0 0 0 
node 1 3 1 3
node 2 2 1 1
node 3 3 1 1
node 4 1 0 2
gene 2 1 4 -1.45555 0 1 -1.45555 1
gene 1 2 4 -5.87912 0 2 -5.87912 1
gene 2 3 4 2.91751 0 3 2.91751 1
genomeend 25

/* Organism #26 Fitness: 8.92286 Error: 1.01288 */
genomestart 26
trait 1 0.126207 0 0 0 0 0 0 0.0994094 
trait 2 0.190625 0.0414092 0 0.0191403 0 0 0.00144421 0 
trait 3 0.273047 0.0289038 0 0 0 0 0 0 
node 1 3 1 3
node 2 2 1 1
node 3 3 1 1
node 4 1 0 2
gene 2 1 4 -0.881093 0 1 -0.881093 1
gene 1 2 4 -8 0 2 -8 1
gene 2 3 4 5.11946 0 3 5.11946 1
genomeend 26

/* Organism #27 Fitness: 8.96905 Error: 1.00516 */
genomestart 27
trait 1 0.126207 0 0 0 0 0 0 0.0994094 
trait 2 0.190625 0.0414092 0 0.0191403 0 0 0.00144421 0 
trait 3 0.272754 0.029218 0 0 0 0 0 0 
node 1 3 1 3
node 2 3 1 1
node 3 3 1 1
node 4 1 0 2
gene 2 1 4 -1.0684 0 1 -1.0684 1
gene 1 2 4 -7.76384 0 2 -7.76384 1
gene 2 3 4 4.43338 0 3 4.43338 1
genomeend 27

/* Organism #28 Fitness: 5.00981 Error: 1.76174 */
genomestart 28
trait 1 0.126207 0 0 0 0 0 0 0.0994094 
trait 2 0.190625 0.0414092 0 0.0191403 0 0 0.00144421 0 
trait 3 0.272461 0.0295321 0 0 0 0 0 0 
node 1 3 1 3
node 2 2 1 1
node 3 3 1 1
node 4 1 0 2
gene 2 1 4 -2.27602 0 1 -2.27602 1
gene 1 2 4 -6.36086 0 2 -6.36086 1
gene 2 3 4 2.04002 0 3 2.04002 1
genomeend 28

/* Organism #29 Fitness: 8.64542 Error: 1.05969 */
genomestart 29
trait 1 0.126207 0 0 0 0 0 0 0.0994094 
trait 2 0.190625 0.0414092 0 0.0191403 0 0 0.00144421 0 
trait 3 0.272754 0.029218 0 0 0 0 0 0 
node 1 3 1 3
node 2 3 1 1
node 3 3 1 1
node 4 1 0 2
gene 2 1 4 -2.57528 0 1 -2.57528 1
gene 1 2 4 -8 0 2 -8 1
gene 2 3 4 3.13517 0 3 3.13517 1
genomeend 29

/* Organism #30 Fitness: 5.0795 Error: 1.74623 */
genomestart 30
trait 1 0.126207 0 0 0 0 0 0 0.0994094 
trait 2 0.190625 0.0414092 0 0.0191403 0 0 0.00144421 0 
trait 3 0.273047 0.0289038 0 0 0 0 0 0 
node 1 3 1 3
node 2 2 1 1
node 3 3 1 1
node 4 1 0 2
gene 2 1 4 -2.02185 0 1 -2.02185 1
gene 1 2 4 -6.20832 0 2 -6.20832 1
gene 2 3 4 1.80287 0 3 1.80287 1
genomeend 30

/* Organism #31 Fitness: 8.29879 Error: 1.11924 */
genomestart 31
trait 1 0.126207 0 0 0 0 0 0 0.0994094 
trait 2 0.951027 0.716715 0 0.0191403 0 0 0.00144421 0 
trait 3 0.273047 0.0289038 0 0 0 0 0 0 
node 1 3 1 3
node 2 2 1 1
node 3 3 1 1
node 4 1 0 2
gene 2 1 4 -0.406085 0 1 -0.406085 1
gene 1 2 4 -8 0 2 -8 1
gene 2 3 4 4.6513 0 3 4.6513 1
genomeend 31

/* Organism #32 Fitness: 7.92812 Error: 1.18431 */
genomestart 32
trait 1 0.126207 0 0 0 0 0 0 0.0994094 
trait 2 0.190625 0.0414092 0 0.0191403 0 0 0.00144421 0 
trait 3 0.273047 0.0289038 0 0 0 0 0 0 
node 1 3 1 3
node 2 2 1 1
node 3 3 1 1
node 4 1 0 2
gene 2 1 4 -3.31952 0 1 -3.31952 1
gene 1 2 4 -8 0 2 -8 1
gene 2 3 4 3.62158 0 3 3.62158 1
genomeend 32

/* Organism #33 Fitness: 3.99817 Error: 2.00046 */
genomestart 33
trait 1 0.1 0 0.00158837 0 0 0 0 0.000138701 
trait 2 0.2 0 0 0 0 0 0 0 
trait 3 0.3 0.00936458 0 0.00162334 0.0148916 0 0 0.0148666 
node 1 1 1 3
node 2 2 1 1
node 3 1 1 1
node 4 2 0 2
node 9 1 0 0
gene 2 1 4 -4.36291 0 1 -4.36291 1
gene 3 2 4 3.64691 0 2 3.64691 0
gene 3 3 4 6.80607 0 3 6.80607 1
gene 3 2 9 -4.21689 0 12 -4.21689 1
gene 3 9 4 5.60818 0 13 5.60818 1
genomeend 33

/* Species #2 : (Size 18) (AF 6.13711) (Age 10)  */


/* Organism #34 Fitness: 8.99433 Error: 1.00095 */
genomestart 34
trait 1 0.1 0 0.00169426 0 0 0 0 0.000147948 
trait 2 0.2 0 0 0 0 0 0 0 
trait 3 0.3 0.00998888 0 0.00173156 0.0158843 0 0 0.0158577 
node 1 2 1 3
node 2 2 1 1
node 3 1 1 1
node 4 2 0 2
node 9 1 0 0
gene 2 1 4 -1.7981 0 1 -1.7981 1
gene 3 2 4 3.05911 0 2 3.05911 1
gene 3 3 4 3.38587 0 3 3.38587 1
gene 3 2 9 0.482508 0 12 0.232508 1
gene 3 9 4 2.66035 0 13 1.25267 1
gene 1 1 9 -0.361454 0 29 -0.361454 1
gene 2 3 9 0.787438 0 33 0.787438 1
genomeend 34

/* Organism #35 Fitness: 8.97762 Error: 1.00373 */
genomestart 35
trait 1 0.1 0 0.00169426 0 0 0 0 0.000147948 
trait 2 0.2 0 0 0 0 0 0 0 
trait 3 0.3 0.00998888 0 0.00173156 0.0158843 0 0 0.0158577 
node 1 2 1 3
node 2 2 1 1
node 3 1 1 1
node 4 2 0 2
node 9 1 0 0
gene 2 1 4 -1.7981 0 1 -1.7981 1
gene 3 2 4 1.83106 0 2 1.83106 1
gene 3 3 4 3.38587 0 3 3.38587 1
gene 3 2 9 0.482508 0 12 0.232508 1
gene 3 9 4 2.66035 0 13 1.25267 1
gene 3 1 9 -0.547126 0 29 -0.547126 1
gene 2 3 9 0.787438 0 33 0.787438 1
genomeend 35

/* Organism #36 Fitness: 1.00024 Error: 2.99988 */
genomestart 36
trait 1 0.1 0 0.00169426 0 0 0 0 0.000147948 
trait 2 0.2 0 0 0 0 0 0 0 
trait 3 0.3 0.00998888 0 0.00173156 0.0158843 0 0 0.0158577 
node 1 2 1 3
node 2 2 1 1
node 3 1 1 1
node 4 2 0 2
node 9 1 0 0
gene 2 1 4 -2.17031 0 1 -2.17031 1
gene 3 2 4 1.79702 0 2 1.79702 0
gene 3 3 4 4.05048 0 3 4.05048 1
gene 3 2 9 -4.84428 0 12 -4.84428 1
gene 3 9 4 6.94865 0 13 6.94865 1
gene 1 1 9 0.76836 0 29 0.76836 1
gene 2 3 9 1.53686 0 33 1.53686 1
genomeend 36

/* Organism #37 Fitness: 8.98774 Error: 1.00204 */
genomestart 37
trait 1 0.1 0 0.00169426 0 0 0 0 0.000147948 
trait 2 0.2 0 0 0 0 0 0 0 
trait 3 0.3 0.00998888 0 0.00173156 0.0158843 0 0 0.0158577 
node 1 2 1 3
node 2 2 1 1
node 3 1 1 1
node 4 2 0 2
node 9 1 0 0
gene 2 1 4 -1.46088 0 1 -1.46088 1
gene 3 2 4 2.44508 0 2 2.44508 1
gene 3 3 4 4.57633 0 3 4.57633 1
gene 3 2 9 0.506691 0 12 0.381691 1
gene 3 9 4 2.08582 0 13 1.38198 1
gene 1 1 9 -0.45429 0 29 -0.45429 1
gene 2 3 9 0.787438 0 33 0.787438 1
genomeend 37

/* Organism #38 Fitness: 8.02332 Error: 1.16745 */
genomestart 38
trait 1 0.1 0 0.00169426 0 0 0 0 0.000147948 
trait 2 0.2 0 0 0 0 0 0 0 
trait 3 0.3 0.00998888 0 0.00173156 0.0158843 0 0 0.0158577 
node 1 2 1 3
node 2 2 1 1
node 3 1 1 1
node 4 2 0 2
node 9 1 0 0
gene 2 1 4 -0.325747 0 1 -0.325747 1
gene 3 2 4 0.467286 0 2 0.467286 1
gene 3 3 4 7.35824 0 3 7.35824 1
gene 3 2 9 2.59261 0 12 2.59261 1
gene 3 9 4 2.59873 0 13 2.59873 1
gene 1 1 9 -2.21525 0 29 -2.21525 1
gene 2 3 9 0.787438 0 33 0.787438 1
genomeend 38

/* Organism #39 Fitness: 3.07972 Error: 2.24509 */
genomestart 39
trait 1 0.1 0 0.00169426 0 0 0 0 0.000147948 
trait 2 0.2 0 0 0 0 0 0 0 
trait 3 0.3 0.00998888 0 0.00173156 0.0158843 0 0 0.0158577 
node 1 2 1 3
node 2 2 1 1
node 3 1 1 1
node 4 2 0 2
node 9 1 0 0
gene 2 1 4 0.0485177 0 1 0.0485177 1
gene 3 2 4 3.01869 0 2 3.01869 0
gene 3 3 4 -0.691506 0 3 -0.691506 1
gene 3 2 9 -1.11168 0 12 -1.11168 1
gene 3 9 4 4.85749 0 13 4.85749 1
gene 1 1 9 -0.600065 0 29 -0.600065 1
gene 2 3 9 2.28206 0 33 2.28206 1
genomeend 39

/* Organism #40 Fitness: 3.99886 Error: 2.00029 */
genomestart 40
trait 1 0.1 0 0.00169426 0 0 0 0 0.000147948 
trait 2 0.2 0 0 0 0 0 0 0 
trait 3 0.3 0.00998888 0 0.00173156 0.0158843 0 0 0.0158577 
node 1 2 1 3
node 2 2 1 1
node 3 1 1 1
node 4 2 0 2
node 9 1 0 0
gene 2 1 4 -2.32843 0 1 -2.32843 1
gene 3 2 4 3.73722 0 2 3.73722 0
gene 3 3 4 4.3657 0 3 4.3657 1
gene 3 2 9 -0.264996 0 12 -0.264996 1
gene 3 9 4 2.45056 0 13 2.45056 1
gene 1 1 9 2.06435 0 29 2.06435 1
gene 2 3 9 0.967357 0 33 0.967357 1
genomeend 40

/* Organism #41 Fitness: 8.99988 Error: 1.00002 */
genomestart 41
trait 1 0.1 0 0.00169426 0 0 0 0 0.000147948 
trait 2 0.2 0 0 0 0 0 0 0 
trait 3 0.3 0.00998888 0 0.00173156 0.0158843 0 0 0.0158577 
node 1 2 1 3
node 2 2 1 1
node 3 1 1 1
node 4 2 0 2
node 9 1 0 0
gene 2 1 4 -2.89578 0 1 -2.89578 1
gene 3 2 4 4.02882 0 2 4.02882 1
gene 3 3 4 6.91642 0 3 6.91642 1
gene 3 2 9 0.751907 0 12 0.751907 1
gene 3 9 4 1.23616 0 13 1.23616 1
gene 1 1 9 -0.361454 0 29 -0.361454 1
gene 2 3 9 1.41513 0 33 1.41513 1
genomeend 41

/* Organism #42 Fitness: 4.00054 Error: 1.99986 */
genomestart 42
trait 1 0.1 0 0.00169426 0 0 0 0 0.000147948 
trait 2 0.2 0 0 0 0 0 0 0 
trait 3 0.3 0.00998888 0 0.00173156 0.0158843 0 0 0.0158577 
node 1 2 1 3
node 2 2 1 1
node 3 1 1 1
node 4 2 0 2
node 9 1 0 0
gene 2 1 4 -1.79543 0 1 -1.79543 1
gene 3 2 4 3.89243 0 2 3.89243 1
gene 3 3 4 0.130622 0 3 0.130622 1
gene 3 2 9 1.11364 0 12 1.11364 1
gene 3 9 4 0.365167 0 13 0.365167 1
gene 1 1 9 -0.875871 0 29 -0.875871 1
gene 2 3 9 -1.43261 0 33 -1.43261 1
genomeend 42

/* Organism #43 Fitness: 8.09504 Error: 1.15482 */
genomestart 43
trait 1 0.1 0 0.00169426 0 0 0 0 0.000147948 
trait 2 0.2 0 0 0 0 0 0 0 
trait 3 0.3 0.00998888 0 0.00173156 0.0158843 0 0 0.0158577 
node 1 2 1 3
node 2 2 1 1
node 3 1 1 1
node 4 2 0 2
node 9 1 0 0
gene 2 1 4 -2.03835 0 1 -2.03835 1
gene 3 2 4 3.32508 0 2 3.32508 0
gene 3 3 4 1.57783 0 3 1.57783 1
gene 3 2 9 -1.45799 0 12 -1.58299 1
gene 3 9 4 3.91746 0 13 3.21362 1
gene 1 1 9 -0.306275 0 29 -0.306275 1
gene 2 3 9 1.05139 0 33 1.05139 1
genomeend 43

/* Organism #44 Fitness: 8.97762 Error: 1.00373 */
genomestart 44
trait 1 0.1 0 0.00169426 0 0 0 0 0.000147948 
trait 2 0.2 0 0 0 0 0 0 0 
trait 3 0.3 0.00998888 0 0.00173156 0.0158843 0 0 0.0158577 
node 1 2 1 3
node 2 2 1 1
node 3 1 1 1
node 4 2 0 2
node 9 1 0 0
gene 2 1 4 -1.7981 0 1 -1.7981 1
gene 3 2 4 1.83106 0 2 1.83106 1
gene 3 3 4 5.76678 0 3 5.76678 1
gene 3 2 9 0.482508 0 12 0.232508 1
gene 3 9 4 2.66035 0 13 1.25267 1
gene 1 1 9 -0.547126 0 29 -0.547126 1
gene 2 3 9 0.787438 0 33 0.787438 1
genomeend 44

/* Organism #45 Fitness: 4.00001 Error: 2 */
genomestart 45
trait 1 0.1 0 0.00169426 0 0 0 0 0.000147948 
trait 2 0.2 0 0 0 0 0 0 0 
trait 3 0.3 0.00998888 0 0.00173156 0.0158843 0 0 0.0158577 
node 1 2 1 3
node 2 2 1 1
node 3 1 1 1
node 4 2 0 2
node 9 1 0 0
gene 1 1 4 1.90218 0 1 1.90218 1
gene 3 2 4 3.59452 0 2 3.59452 0
gene 3 3 4 4.33735 0 3 4.33735 1
gene 3 2 9 0.105148 0 12 0.105148 1
gene 3 9 4 6.32082 0 13 6.32082 1
gene 1 1 9 -1.27261 0 29 -1.27261 1
gene 2 3 9 1.79179 0 33 1.79179 1
genomeend 45

/* Organism #46 Fitness: 4.00043 Error: 1.99989 */
genomestart 46
trait 1 0.1 0 0.00169426 0 0 0 0 0.000147948 
trait 2 0.2 0 0 0 0 0 0 0 
trait 3 0.3 0.00998888 0 0.00173156 0.0158843 0 0 0.0158577 
node 1 2 1 3
node 2 2 1 1
node 3 1 1 1
node 4 2 0 2
node 9 1 0 0
node 34 1 0 0
gene 2 1 4 -1.12366 0 1 -1.12366 1
gene 3 2 4 1.83106 0 2 1.83106 1
gene 3 3 4 5.76678 0 3 5.76678 0
gene 3 2 9 0.530873 0 12 0.530873 1
gene 3 9 4 1.51128 0 13 1.51128 1
gene 1 1 9 -0.547126 0 29 -0.547126 1
gene 2 3 9 0.787438 0 33 0.787438 1
gene 3 3 34 1 0 84 0 1
gene 3 34 4 5.76678 0 85 0 1
genomeend 46

/* Organism #47 Fitness: 3.26046 Error: 2.19433 */
genomestart 47
trait 1 0.1 0 0.00169426 0 0 0 0 0.000147948 
trait 2 0.2 0 0 0 0 0 0 0 
trait 3 0.3 0.00998888 0 0.00173156 0.0158843 0 0 0.0158577 
node 1 2 1 3
node 2 2 1 1
node 3 1 1 1
node 4 2 0 2
node 9 1 0 0
gene 1 1 4 0.225488 0 1 0.225488 1
gene 3 2 4 0.567166 0 2 0.567166 0
gene 3 3 4 -0.742984 0 3 -0.742984 1
gene 3 2 9 -0.62085 0 12 -0.62085 1
gene 3 9 4 4.48055 0 13 4.48055 1
gene 1 1 9 -0.251096 0 29 -0.251096 1
gene 2 3 9 1.31534 0 33 1.31534 1
genomeend 47

/* Organism #48 Fitness: 8.98436 Error: 1.00261 */
genomestart 48
trait 1 0.1 0 0.00169426 0 0 0 0 0.000147948 
trait 2 0.2 0 0 0 0 0 0 0 
trait 3 0.3 0.00998888 0 0.00173156 0.0158843 0 0 0.0158577 
node 1 2 1 3
node 2 2 1 1
node 3 1 1 1
node 4 2 0 2
node 9 1 0 0
gene 2 1 4 -0.592415 0 1 -0.592415 1
gene 3 2 4 2.39621 0 2 2.39621 1
gene 3 3 4 3.81483 0 3 3.81483 1
gene 3 2 9 -1.63734 0 12 -1.63734 1
gene 3 9 4 -0.63914 0 13 -0.63914 1
gene 1 1 9 0.801819 0 29 0.801819 1
gene 2 3 9 -0.815395 0 33 -0.815395 1
genomeend 48

/* Organism #49 Fitness: 4.18677 Error: 1.95384 */
genomestart 49
trait 1 0.1 0 0.00158837 0 0 0 0 0.000138701 
trait 2 0.538732 0 0 0 0 0.474819 0 0 
trait 3 0.3 0.00936458 0 0.00162334 0.0148916 0 0 0.0148666 
node 1 3 1 3
node 2 2 1 1
node 3 1 1 1
node 4 3 0 2
node 9 1 0 0
gene 1 1 4 -4.39126 0 1 -4.39126 1
gene 3 2 4 3.83627 0 2 3.83627 0
gene 3 3 4 1.38993 0 3 1.38993 1
gene 3 2 9 -2.71542 0 12 -2.71542 1
gene 3 9 4 4.77317 0 13 4.77317 1
genomeend 49

/* Organism #50 Fitness: 8.90098 Error: 1.01655 */
genomestart 50
trait 1 0.1 0 0.00158837 0 0 0 0 0.000138701 
trait 2 0.369366 0 0 0 0 0.23741 0 0 
trait 3 0.3 0.00936458 0 0.00162334 0.0148916 0 0 0.0148666 
node 1 3 1 3
node 2 2 1 1
node 3 1 1 1
node 4 2 0 2
node 9 1 0 0
gene 2 1 4 -6.5785 0 1 -6.5785 1
gene 3 2 4 2.86974 0 2 2.86974 0
gene 3 3 4 5.64896 0 3 5.64896 1
gene 3 2 9 -1.27516 0 12 -1.27516 1
gene 3 9 4 3.93458 0 13 3.93458 1
genomeend 50

/* Organism #51 Fitness: 4.00004 Error: 1.99999 */
genomestart 51
trait 1 0.1 0 0.00158837 0 0 0 0 0.000138701 
trait 2 0.538732 0 0 0 0 0.474819 0 0 
trait 3 0.3 0.00936458 0 0.00162334 0.0148916 0 0 0.0148666 
node 1 3 1 3
node 2 2 1 1
node 3 1 1 1
node 4 2 0 2
node 9 1 0 0
gene 1 1 4 -1.19717 0 1 -1.19717 1
gene 3 2 4 0.804759 0 2 0.804759 0
gene 3 3 4 3.64052 0 3 3.64052 1
gene 3 2 9 0.581702 0 12 0.581702 1
gene 3 9 4 7.0737 0 13 7.0737 1
genomeend 51

/* Species #3 : (Size 15) (AF 7.03052) (Age 9)  */


/* Organism #52 Fitness: 8.99451 Error: 1.00092 */
genomestart 52
trait 1 0.1 0 0 0 0 0 0 0 
trait 2 0.2 0.579065 0 0.376482 0.307294 0 0.110669 0 
trait 3 0.3 0 0 0 0 0 0 0 
node 1 3 1 3
node 2 2 1 1
node 3 1 1 1
node 4 2 0 2
node 10 1 0 0
gene 3 1 4 -1.42461 0 1 -1.42461 1
gene 1 2 4 5.3098 0 2 5.3098 1
gene 3 3 4 1.36861 0 3 1.36861 0
gene 3 3 10 2.55971 0 14 2.55971 1
gene 3 10 4 5.29614 0 15 5.29614 1
gene 3 1 10 -1.45482 0 30 -1.45482 1
gene 1 2 10 -0.0661061 0 77 0 1
genomeend 52

/* Organism #53 Fitness: 8.9879 Error: 1.00202 */
genomestart 53
trait 1 0.1 0 0 0 0 0 0 0 
trait 2 0.2 0.579065 0 0.376482 0.307294 0 0.110669 0 
trait 3 0.3 0 0 0 0 0 0 0 
node 1 3 1 3
node 2 2 1 1
node 3 1 1 1
node 4 2 0 2
node 10 1 0 0
gene 3 1 4 -1.26985 0 1 -1.26985 1
gene 1 2 4 4.84651 0 2 4.84651 1
gene 3 3 4 3.03422 0 3 3.03422 0
gene 3 3 10 2.62816 0 14 2.62816 1
gene 3 10 4 4.96767 0 15 4.96767 1
gene 3 1 10 -1.26193 0 30 -1.26193 1
genomeend 53

/* Organism #54 Fitness: 8.99998 Error: 1 */
genomestart 54
trait 1 0.1 0 0 0 0 0 0 0 
trait 2 0.2 0.579065 0 0.376482 0.307294 0 0.110669 0 
trait 3 0.3 0 0 0 0 0 0 0 
node 1 3 1 3
node 2 2 1 1
node 3 1 1 1
node 4 2 0 2
node 10 1 0 0
gene 3 1 4 -2.65801 0 1 -2.65801 1
gene 1 2 4 5.47742 0 2 5.47742 1
gene 3 3 4 1.25396 0 3 1.25396 0
gene 3 3 10 2.62816 0 14 2.62816 1
gene 3 10 4 5.87579 0 15 5.87579 1
gene 3 1 10 -1.179 0 30 -1.179 1
gene 1 2 10 -1.71174 0 77 -1.71174 1
genomeend 54

/* Organism #55 Fitness: 8.99451 Error: 1.00092 */
genomestart 55
trait 1 0.1 0 0 0 0 0 0 0 
trait 2 0.2 0.579065 0 0.376482 0.307294 0 0.110669 0 
trait 3 0.3 0 0 0 0 0 0 0 
node 1 3 1 3
node 2 2 1 1
node 3 1 1 1
node 4 2 0 2
node 10 1 0 0
gene 3 1 4 -1.42461 0 1 -1.42461 1
gene 1 2 4 5.3098 0 2 5.3098 1
gene 3 3 4 1.36861 0 3 1.36861 0
gene 3 3 10 2.55971 0 14 2.55971 1
gene 3 10 4 5.29614 0 15 5.29614 1
gene 3 1 10 -1.45482 0 30 -1.45482 1
gene 1 2 10 -0.0661061 0 77 0 1
genomeend 55

/* Organism #56 Fitness: 8.91673 Error: 1.01391 */
genomestart 56
trait 1 0.1 0 0 0 0 0 0 0 
trait 2 0.2 0.579065 0 0.376482 0.307294 0 0.110669 0 
trait 3 0.3 0 0 0 0 0 0 0 
node 1 3 1 3
node 2 2 1 1
node 3 1 1 1
node 4 2 0 2
node 10 1 0 0
gene 3 1 4 -0.868359 0 1 -0.868359 1
gene 1 2 4 7.40529 0 2 7.40529 1
gene 3 3 4 1.55324 0 3 1.55324 0
gene 3 3 10 1.95296 0 14 1.95296 1
gene 3 10 4 3.19058 0 15 3.19058 1
gene 3 1 10 -1.45482 0 30 -1.45482 1
gene 1 2 10 -0.6938 0 77 -0.6938 1
genomeend 56

/* Organism #57 Fitness: 8.99433 Error: 1.00095 */
genomestart 57
trait 1 0.1 0 0 0 0 0 0 0 
trait 2 0.2 0.789533 0 0.564723 0.46094 0 0.162598 0 
trait 3 0.3 0 0 0 0 0 0 0 
node 1 3 1 3
node 2 2 1 1
node 3 1 1 1
node 4 2 0 2
node 10 1 0 0
gene 3 1 4 -1.42461 0 1 -1.42461 1
gene 1 2 4 5.3098 0 2 5.3098 1
gene 3 3 4 3.03422 0 3 3.03422 0
gene 3 3 10 2.62816 0 14 2.62816 1
gene 3 10 4 5.29614 0 15 5.29614 1
gene 3 1 10 -1.26193 0 30 -1.26193 1
gene 1 2 10 -0.0661061 0 77 0 1
genomeend 57

/* Organism #58 Fitness: 4 Error: 2 */
genomestart 58
trait 1 0.1 0 0 0 0 0 0 0 
trait 2 0.2 0.579065 0 0.376482 0.307294 0 0.110669 0 
trait 3 0 0 0 0.480629 0.78199 0 0 0 
node 1 3 1 3
node 2 2 1 1
node 3 1 1 1
node 4 2 0 2
node 10 1 0 0
gene 3 1 4 -2.80377 0 1 -2.80377 1
gene 1 2 4 7.41926 0 2 7.41926 1
gene 3 3 4 1.31956 0 3 1.31956 0
gene 3 3 10 0.291351 0 14 0.291351 1
gene 3 10 4 7.06757 0 15 7.06757 1
gene 3 1 10 -3.92506 0 30 -3.92506 1
gene 1 2 10 0.0191362 0 77 0.0191362 1
genomeend 58

/* Organism #59 Fitness: 4.33393 Error: 1.91819 */
genomestart 59
trait 1 0.1 0 0 0 0 0 0 0 
trait 2 0.2 0.579065 0 0.376482 0.307294 0 0.110669 0 
trait 3 0.3 0 0 0 0 0 0 0 
node 1 3 1 3
node 2 2 1 1
node 3 1 1 1
node 4 2 0 2
node 10 1 0 0
gene 3 1 4 -0.488858 0 1 -0.488858 1
gene 1 2 4 5.24334 0 2 5.24334 1
gene 3 3 4 0.0728379 0 3 0.0728379 0
gene 3 3 10 1.37359 0 14 1.37359 1
gene 3 10 4 6.25368 0 15 6.25368 1
gene 3 1 10 -2.11428 0 30 -2.11428 1
gene 1 2 10 -1.98057 0 77 -1.98057 1
genomeend 59

/* Organism #60 Fitness: 8.99384 Error: 1.00103 */
genomestart 60
trait 1 0.1 0 0 0 0 0 0 0 
trait 2 0.2 1 0 0.752964 0.614587 0 0.214528 0 
trait 3 0.3 0 0 0 0 0 0 0 
node 1 3 1 3
node 2 2 1 1
node 3 1 1 1
node 4 2 0 2
node 10 1 0 0
gene 3 1 4 -1.42461 0 1 -1.42461 1
gene 1 2 4 5.3098 0 2 5.3098 1
gene 3 3 4 4.69983 0 3 4.69983 0
gene 3 3 10 2.6966 0 14 2.6966 1
gene 3 10 4 5.29614 0 15 5.29614 1
gene 3 1 10 -1.06904 0 30 -1.06904 1
genomeend 60

/* Organism #61 Fitness: 8.99999 Error: 1 */
genomestart 61
trait 1 0.1 0 0 0 0 0 0 0 
trait 2 0 0 0 0.376482 0.549649 0 0.45957 0.521156 
trait 3 0.3 0 0 0 0 0 0 0 
node 1 3 1 3
node 2 2 1 1
node 3 1 1 1
node 4 2 0 2
node 10 1 0 0
gene 3 1 4 -3.09422 0 1 -3.09422 1
gene 1 2 4 4.58223 0 2 4.58223 1
gene 3 3 4 3.9824 0 3 3.9824 0
gene 3 3 10 2.89842 0 14 2.89842 1
gene 3 10 4 5.97018 0 15 5.97018 1
gene 3 1 10 -2.12183 0 30 -2.12183 1
gene 1 2 10 2.14453 0 77 2.14453 1
genomeend 61

/* Organism #62 Fitness: 4.71949 Error: 1.82756 */
genomestart 62
trait 1 0.1 0 0 0 0 0 0 0 
trait 2 0.2 0.789533 0 0.564723 0.46094 0 0.162598 0 
trait 3 0.3 0 0 0 0 0 0 0 
node 1 3 1 3
node 2 2 1 1
node 3 1 1 1
node 4 2 0 2
node 10 3 0 0
gene 3 1 4 0.313044 0 1 0.313044 1
gene 1 2 4 6.62078 0 2 6.62078 1
gene 3 3 4 2.06862 0 3 2.06862 0
gene 3 3 10 1.70886 0 14 1.70886 1
gene 3 10 4 4.28585 0 15 4.28585 1
gene 3 1 10 -1.35305 0 30 -1.35305 1
gene 1 2 10 -0.313286 0 77 -0.313286 1
genomeend 62

/* Organism #63 Fitness: 4 Error: 2 */
genomestart 63
trait 1 0.1 0 0 0 0 0 0 0 
trait 2 0.2 1 0 0.752964 0.614587 0 0.214528 0 
trait 3 0.3 0 0 0 0 0 0 0 
node 1 3 1 3
node 2 2 1 1
node 3 1 1 1
node 4 3 0 2
node 10 1 0 0
gene 3 1 4 -2.35852 0 1 -2.35852 1
gene 1 2 4 6.02969 0 2 6.02969 1
gene 3 3 4 6.53217 0 3 6.53217 0
gene 3 3 10 1.09432 0 14 1.09432 1
gene 3 10 4 5.2613 0 15 5.2613 1
gene 3 1 10 -2.31148 0 30 -2.31148 1
genomeend 63

/* Organism #64 Fitness: 4.29672 Error: 1.92715 */
genomestart 64
trait 1 0.1 0 0 0 0 0 0 0 
trait 2 1 1 0.0294012 0.0553419 0.614587 0.683745 0.214528 0.287171 
trait 3 0.3 0 0 0 0 0 0 0 
node 1 3 1 3
node 2 2 1 1
node 3 1 1 1
node 4 2 0 2
node 10 1 0 0
gene 3 1 4 -3.50373 0 1 -3.50373 1
gene 1 2 4 6.32388 0 2 6.32388 1
gene 3 3 4 6.32676 0 3 6.32676 0
gene 3 3 10 3.21518 0 14 3.21518 1
gene 3 10 4 2.98719 0 15 2.98719 1
gene 3 1 10 -0.688284 0 30 -0.688284 1
genomeend 64

/* Organism #65 Fitness: 8.10778 Error: 1.15258 */
genomestart 65
trait 1 0.1 0 0 0 0 0 0 0 
trait 2 0.2 1 0 0.752964 0.614587 0 0.214528 0 
trait 3 0.3 0 0 0 0 0 0 0 
node 1 3 1 3
node 2 2 1 1
node 3 1 1 1
node 4 2 0 2
node 10 1 0 0
gene 3 1 4 -2.70513 0 1 -2.70513 1
gene 1 2 4 3.23299 0 2 3.23299 1
gene 3 3 4 3.58913 0 3 3.58913 0
gene 3 3 10 2.79509 0 14 2.79509 1
gene 3 10 4 3.31669 0 15 3.31669 1
gene 3 1 10 -2.13689 0 30 -2.13689 1
genomeend 65

/* Organism #66 Fitness: 4.11802 Error: 1.97071 */
genomestart 66
trait 1 0.1 0 0 0 0 0 0 0 
trait 2 0.2 0.789533 0 0.564723 0.46094 0 0.162598 0 
trait 3 0.3 0 0 0 0 0 0 0 
node 1 3 1 3
node 2 2 1 1
node 3 1 1 1
node 4 2 0 2
node 10 1 0 0
gene 3 1 4 0.668236 0 1 0.668236 1
gene 1 2 4 5.16211 0 2 5.16211 1
gene 3 3 4 3.1686 0 3 3.1686 0
gene 3 3 10 1.09207 0 14 1.09207 1
gene 3 10 4 5.27518 0 15 5.27518 1
gene 3 1 10 -0.976597 0 30 -0.976597 1
gene 1 2 10 -1.52536 0 77 -1.52536 1
genomeend 66

/* Species #4 : (Size 13) (AF 5.30007) (Age 8)  */


/* Organism #67 Fitness: 8.99439 Error: 1.00093 */
genomestart 67
trait 1 0.1 0 0.0271082 0 0 0 0 0.00236717 
trait 2 0.1875 0 0.0112574 0.0282795 0 0 0.0547158 0 
trait 3 0.3 0 0 0.00612653 0.0481452 0 0 0 
node 1 1 1 3
node 2 1 1 1
node 3 1 1 1
node 4 3 0 2
node 15 1 0 0
gene 2 1 4 -3.19252 0 1 -3.19252 1
gene 1 2 4 6.1508 0 2 6.1508 1
gene 3 3 4 2.44831 0 3 2.44831 1
gene 3 3 15 0.333474 0 25 0.333474 1
gene 3 15 4 3.54463 0 26 3.54463 1
genomeend 67

/* Organism #68 Fitness: 4.00389 Error: 1.99903 */
genomestart 68
trait 1 0.1 0 0.0271082 0 0 0 0 0.00236717 
trait 2 0.1875 0 0.0112574 0.0282795 0 0 0.0547158 0 
trait 3 0.3 0 0 0.00612653 0.0481452 0 0 0 
node 1 1 1 3
node 2 1 1 1
node 3 1 1 1
node 4 3 0 2
node 15 1 0 0
gene 2 1 4 -4.37145 0 1 -4.37145 1
gene 1 2 4 4.8262 0 2 4.8262 1
gene 3 3 4 2.71509 0 3 2.71509 1
gene 3 3 15 -0.309181 0 25 -0.309181 1
gene 3 15 4 2.02274 0 26 2.02274 1
genomeend 68

/* Organism #69 Fitness: 4.00046 Error: 1.99989 */
genomestart 69
trait 1 0.1 0 0.0271082 0 0 0 0 0.00236717 
trait 2 0.1875 0 0.0112574 0.0282795 0 0 0.0547158 0 
trait 3 0.15 0.285517 0 0.00306327 0.0481452 0.1044 0.17055 0 
node 1 1 1 3
node 2 1 1 1
node 3 1 1 1
node 4 3 0 2
node 15 1 0 0
gene 2 1 4 -0.912717 0 1 -0.912717 1
gene 1 2 4 7.32096 0 2 7.32096 1
gene 3 3 4 0.268981 0 3 0.268981 1
gene 3 3 15 -0.00651555 0 25 -0.00651555 1
gene 3 15 4 5.34786 0 26 5.34786 1
genomeend 69

/* Organism #70 Fitness: 8.83767 Error: 1.02718 */
genomestart 70
trait 1 0.1 0 0.0271082 0 0 0 0 0.00236717 
trait 2 0.1875 0 0.0112574 0.0282795 0 0 0.0547158 0 
trait 3 0.3 0 0 0.00612653 0.0481452 0 0 0 
node 1 1 1 3
node 2 1 1 1
node 3 1 1 1
node 4 3 0 2
node 15 1 0 0
gene 2 1 4 -4.66566 0 1 -4.66566 1
gene 1 2 4 4.80591 0 2 4.80591 1
gene 3 3 4 3.44473 0 3 3.44473 1
gene 3 3 15 1.17132 0 25 1.17132 1
gene 3 15 4 1.98477 0 26 1.98477 1
genomeend 70

/* Organism #71 Fitness: 3.99932 Error: 2.00017 */
genomestart 71
trait 1 0.1 0 0.0271082 0 0 0 0 0.00236717 
trait 2 0.1875 0 0.0112574 0.0282795 0 0 0.0547158 0 
trait 3 0.3 0 0 0.00612653 0.0481452 0 0 0 
node 1 1 1 3
node 2 1 1 1
node 3 1 1 1
node 4 3 0 2
node 15 1 0 0
gene 2 1 4 -5.60835 0 1 -5.60835 1
gene 1 2 4 6.1508 0 2 6.1508 1
gene 3 3 4 2.09235 0 3 2.09235 1
gene 3 3 15 -0.531714 0 25 -0.531714 1
gene 3 15 4 2.4392 0 26 2.4392 1
genomeend 71

/* Organism #72 Fitness: 4.67884 Error: 1.83694 */
genomestart 72
trait 1 0.1 0 0.0271082 0 0 0 0 0.00236717 
trait 2 0.1875 0 0.0112574 0.0282795 0 0 0.0547158 0 
trait 3 0.15 0.285517 0 0.00306327 0.0481452 0.1044 0.17055 0 
node 1 1 1 3
node 2 1 1 1
node 3 1 1 1
node 4 3 0 2
node 15 1 0 0
gene 2 1 4 -1.92788 0 1 -1.92788 1
gene 1 2 4 6.03219 0 2 6.03219 1
gene 3 3 4 1.74622 0 3 1.74622 1
gene 3 3 15 1.42334 0 25 1.42334 1
gene 3 15 4 4.52007 0 26 4.52007 1
genomeend 72

/* Organism #73 Fitness: 3.32381 Error: 2.17687 */
genomestart 73
trait 1 0.1 0 0.0271082 0 0 0 0 0.00236717 
trait 2 0.1875 0 0.0112574 0.0282795 0 0 0.0547158 0 
trait 3 0.3 0 0 0.00612653 0.0481452 0 0 0 
node 1 1 1 3
node 2 1 1 1
node 3 1 1 1
node 4 2 0 2
node 15 1 0 0
gene 2 1 4 -1.1419 0 1 -1.1419 1
gene 1 2 4 5.47582 0 2 5.47582 1
gene 3 3 4 0.0261869 0 3 0.0261869 1
gene 3 3 15 -0.647281 0 25 -0.647281 1
gene 3 15 4 1.67487 0 26 1.67487 1
genomeend 73

/* Organism #74 Fitness: 1.36338 Error: 2.83236 */
genomestart 74
trait 1 0.1 0 0.0271082 0 0 0 0 0.00236717 
trait 2 0.1875 0 0.0112574 0.0282795 0 0 0.0547158 0 
trait 3 0.15 0.285517 0 0.00306327 0.0481452 0.1044 0.17055 0 
node 1 1 1 3
node 2 1 1 1
node 3 1 1 1
node 4 3 0 2
node 15 1 0 0
gene 2 1 4 -2.6355 0 1 -2.6355 1
gene 1 2 4 4.85742 0 2 4.85742 1
gene 3 3 4 0.944165 0 3 0.944165 1
gene 3 3 15 -1.98865 0 25 -1.98865 1
gene 3 15 4 5.92255 0 26 5.92255 1
genomeend 74

/* Organism #75 Fitness: 8.28252 Error: 1.12206 */
genomestart 75
trait 1 0.1 0 0.0271082 0 0 0 0 0.00236717 
trait 2 0.1875 0 0.0112574 0.0282795 0 0 0.0547158 0 
trait 3 0.3 0 0 0.00612653 0.0481452 0 0 0 
node 1 1 1 3
node 2 1 1 1
node 3 1 1 1
node 4 3 0 2
node 15 1 0 0
gene 2 1 4 -3.19252 0 1 -3.19252 1
gene 1 2 4 5.39626 0 2 5.39626 1
gene 3 3 4 1.16468 0 3 1.16468 1
gene 3 3 15 0.0457054 0 25 0.0457054 1
gene 3 15 4 4.39337 0 26 4.39337 1
genomeend 75

/* Organism #76 Fitness: 4.26872 Error: 1.93391 */
genomestart 76
trait 1 0.1 0 0.0271082 0 0 0 0 0.00236717 
trait 2 0.1875 0 0.0112574 0.0282795 0 0 0.0547158 0 
trait 3 0.3 0 0 0.00612653 0.0481452 0 0 0 
node 1 1 1 3
node 2 1 1 1
node 3 1 1 1
node 4 3 0 2
node 15 1 0 0
gene 2 1 4 -0.713463 0 1 -0.713463 1
gene 1 2 4 6.4442 0 2 6.4442 1
gene 3 3 4 4.30076 0 3 4.30076 1
gene 3 3 15 0.362623 0 25 0.362623 1
gene 1 15 4 2.50257 0 26 2.50257 1
genomeend 76

/* Organism #77 Fitness: 8.99439 Error: 1.00093 */
genomestart 77
trait 1 0.1 0 0.0271082 0 0 0 0 0.00236717 
trait 2 0.1875 0 0.0112574 0.0282795 0 0 0.0547158 0 
trait 3 0 0.628018 0.697697 0 0.0481452 0.2088 1 0 
node 1 1 1 3
node 2 1 1 1
node 3 1 1 1
node 4 3 0 2
node 15 1 0 0
gene 2 1 4 -3.19252 0 1 -3.19252 1
gene 1 2 4 6.1508 0 2 6.1508 1
gene 3 3 4 2.44831 0 3 2.44831 1
gene 3 3 15 0.333474 0 25 0.333474 1
gene 3 15 4 3.54463 0 26 3.54463 1
genomeend 77

/* Organism #78 Fitness: 4.15352 Error: 1.96198 */
genomestart 78
trait 1 0.1 0 0.0271082 0 0 0 0 0.00236717 
trait 2 0.1875 0 0.0112574 0.0282795 0 0 0.0547158 0 
trait 3 0.15 0.285517 0 0.00306327 0.0481452 0.1044 0.17055 0 
node 1 1 1 3
node 2 1 1 1
node 3 1 1 1
node 4 3 0 2
node 15 1 0 0
gene 2 1 4 -2.37223 0 1 -2.37223 1
gene 1 2 4 5.8095 0 2 5.8095 1
gene 3 3 4 1.75773 0 3 1.75773 1
gene 3 3 15 -0.972429 0 25 -0.972429 1
gene 3 15 4 3.0156 0 26 3.0156 1
genomeend 78

/* Organism #79 Fitness: 3.99999 Error: 2 */
genomestart 79
trait 1 0.1 0 0.0271082 0 0 0 0 0.00236717 
trait 2 0.1875 0 0.0112574 0.0282795 0 0 0.0547158 0 
trait 3 0.15 0.285517 0 0.00306327 0.0481452 0.1044 0.17055 0 
node 1 1 1 3
node 2 1 1 1
node 3 1 1 1
node 4 3 0 2
node 15 1 0 0
gene 2 1 4 -3.19252 0 1 -3.19252 1
gene 1 2 4 6.73684 0 2 6.73684 1
gene 3 3 4 -1.11507 0 3 -1.11507 1
gene 3 3 15 0.333474 0 25 0.333474 1
gene 3 15 4 1.2799 0 26 1.2799 1
genomeend 79

/* Species #5 : (Size 12) (AF 6.27594) (Age 8)  */


/* Organism #80 Fitness: 8.94492 Error: 1.00919 */
genomestart 80
trait 1 0.1 0 0.0135541 0 0 0 0 0.00118358 
trait 2 0.2 0 0 0 0 0 0 0 
trait 3 0.3 0.0799111 0 0.0138525 0.127075 0 0 0.126862 
node 1 3 1 3
node 2 3 1 1
node 3 2 1 1
node 4 1 0 2
node 14 1 0 0
gene 1 1 4 -3.29177 0 1 -3.29177 1
gene 3 2 4 1.50389 0 2 1.50389 0
gene 3 3 4 3.95604 0 3 3.95604 1
gene 3 2 14 1.15252 0 23 1.15252 1
gene 3 14 4 4.59631 0 24 4.59631 1
genomeend 80

/* Organism #81 Fitness: 8.94492 Error: 1.00919 */
genomestart 81
trait 1 0.1 0 0.0135541 0 0 0 0 0.00118358 
trait 2 0.2 0 0 0 0 0 0 0 
trait 3 0.3 0.0799111 0 0.0138525 0.127075 0 0 0.126862 
node 1 3 1 3
node 2 3 1 1
node 3 2 1 1
node 4 1 0 2
node 14 1 0 0
gene 1 1 4 -3.29177 0 1 -3.29177 1
gene 3 2 4 1.50389 0 2 1.50389 0
gene 3 3 4 3.95604 0 3 3.95604 1
gene 3 2 14 1.15252 0 23 1.15252 1
gene 3 14 4 4.59631 0 24 4.59631 1
gene 3 3 14 0.636771 0 86 0.636771 1
genomeend 81

/* Organism #82 Fitness: 4 Error: 2 */
genomestart 82
trait 1 0.1 0 0.0135541 0 0 0 0 0.00118358 
trait 2 0.2 0 0 0 0 0 0 0 
trait 3 0.3 0.0739221 0 0.0121209 0.127075 0 0.0115424 0.126862 
node 1 3 1 3
node 2 3 1 1
node 3 2 1 1
node 4 1 0 2
node 14 1 0 0
gene 1 1 4 2.22537 0 1 2.22537 1
gene 3 2 4 2.07172 0 2 2.07172 0
gene 3 3 4 6.34822 0 3 6.34822 1
gene 3 2 14 0.209619 0 23 0.209619 1
gene 3 14 4 3.38353 0 24 3.38353 1
gene 1 3 14 -0.537635 0 81 -0.537635 1
genomeend 82

/* Organism #83 Fitness: 3.98477 Error: 2.00381 */
genomestart 83
trait 1 0.1 0 0.0135541 0 0 0 0 0.00118358 
trait 2 0.2 0 0 0 0 0 0 0 
trait 3 0.3 0.0799111 0 0.0138525 0.127075 0 0 0.126862 
node 1 3 1 3
node 2 3 1 1
node 3 2 1 1
node 4 1 0 2
node 14 1 0 0
gene 1 1 4 -3.83277 0 1 -3.83277 1
gene 3 2 4 0.441651 0 2 0.441651 0
gene 3 3 4 2.55884 0 3 2.55884 1
gene 3 2 14 0.567408 0 23 0.567408 1
gene 3 14 4 2.35331 0 24 2.35331 1
gene 1 3 14 0.575899 0 81 0.575899 1
genomeend 83

/* Organism #84 Fitness: 3.99987 Error: 2.00003 */
genomestart 84
trait 1 0.1 0 0.0135541 0 0 0 0 0.00118358 
trait 2 0.2 0 0 0 0 0 0 0 
trait 3 0.3 0.0739221 0 0.0121209 0.127075 0 0.0115424 0.126862 
node 1 3 1 3
node 2 3 1 1
node 3 2 1 1
node 4 1 0 2
node 14 1 0 0
gene 1 1 4 2.06964 0 1 2.06964 1
gene 3 2 4 3.31652 0 2 3.31652 0
gene 3 3 4 5.46544 0 3 5.46544 1
gene 3 2 14 -0.906431 0 23 -0.906431 1
gene 3 14 4 3.08605 0 24 3.08605 1
gene 1 3 14 -0.836277 0 81 -0.836277 1
genomeend 84

/* Organism #85 Fitness: 3.7076 Error: 2.07449 */
genomestart 85
trait 1 0.1 0 0.0135541 0 0 0 0 0.00118358 
trait 2 0.2 0 0 0 0 0 0 0 
trait 3 0.3 0.0799111 0 0.0138525 0.127075 0 0 0.126862 
node 1 3 1 3
node 2 3 1 1
node 3 2 1 1
node 4 1 0 2
node 14 1 0 0
gene 1 1 4 -1.96752 0 1 -1.96752 1
gene 3 2 4 0.350561 0 2 0.350561 0
gene 3 3 4 5.35741 0 3 5.35741 1
gene 3 2 14 -0.0136784 0 23 -0.0136784 1
gene 3 14 4 3.80669 0 24 3.80669 1
genomeend 85

/* Organism #86 Fitness: 7.13546 Error: 1.32877 */
genomestart 86
trait 1 0.1 0 0.0135541 0 0 0 0 0.00118358 
trait 2 0.2 0 0 0 0 0 0 0 
trait 3 0.3 0.0739221 0 0.0121209 0.127075 0 0.0115424 0.126862 
node 1 3 1 3
node 2 3 1 1
node 3 2 1 1
node 4 1 0 2
node 14 1 0 0
gene 1 1 4 -3.49944 0 1 -3.49944 1
gene 3 2 4 -0.540034 0 2 -0.540034 0
gene 3 3 4 1.7628 0 3 1.7628 1
gene 3 2 14 0.834698 0 23 0.834698 1
gene 3 14 4 3.98992 0 24 3.98992 1
genomeend 86

/* Organism #87 Fitness: 8.07086 Error: 1.15907 */
genomestart 87
trait 1 0.1 0 0.0135541 0 0 0 0 0.00118358 
trait 2 0.2 0 0 0 0 0 0 0 
trait 3 0.3 0.0739221 0 0.0121209 0.127075 0 0.0115424 0.126862 
node 1 3 1 3
node 2 3 1 1
node 3 2 1 1
node 4 1 0 2
node 14 1 0 0
gene 1 1 4 -2.98171 0 1 -2.98171 1
gene 3 2 4 -0.284507 0 2 -0.284507 0
gene 3 3 4 3.08037 0 3 3.08037 1
gene 3 2 14 1.04881 0 23 1.04881 1
gene 3 14 4 3.98992 0 24 3.98992 1
gene 1 3 14 -0.537635 0 81 -0.537635 1
genomeend 87

/* Organism #88 Fitness: 8.94492 Error: 1.00919 */
genomestart 88
trait 1 0.1 0 0.0135541 0 0 0 0 0.00118358 
trait 2 0.2 0 0 0 0 0 0 0 
trait 3 0.3 0.0799111 0 0.0138525 0.127075 0 0 0.126862 
node 1 3 1 3
node 2 3 1 1
node 3 2 1 1
node 4 1 0 2
node 14 1 0 0
gene 1 1 4 -3.29177 0 1 -3.29177 1
gene 3 2 4 1.50389 0 2 1.50389 0
gene 3 3 4 3.95604 0 3 3.95604 1
gene 3 2 14 1.15252 0 23 1.15252 1
gene 3 14 4 4.59631 0 24 4.59631 1
genomeend 88

/* Organism #89 Fitness: 4.67873 Error: 1.83696 */
genomestart 89
trait 1 0.1 0 0.0135541 0 0 0 0 0.00118358 
trait 2 0.2 0 0 0 0 0.545687 0 0 
trait 3 0.3 0.0739221 0 0.0121209 0.127075 0 0.0115424 0.126862 
node 1 3 1 3
node 2 3 1 1
node 3 2 1 1
node 4 1 0 2
node 14 1 0 0
gene 1 1 4 -2.88725 0 1 -2.88725 1
gene 3 2 4 -1.46165 0 2 -1.46165 0
gene 3 3 4 4.49689 0 3 4.49689 1
gene 3 2 14 0.183547 0 23 0.183547 1
gene 3 14 4 3.59962 0 24 3.59962 1
genomeend 89

/* Organism #90 Fitness: 8.8946 Error: 1.01762 */
genomestart 90
trait 1 0.1 0 0.0135541 0 0 0 0 0.00118358 
trait 2 0.2 0 0 0 0 0 0 0 
trait 3 0.3 0.0799111 0 0.0138525 0.127075 0 0 0.126862 
node 1 3 1 3
node 2 3 1 1
node 3 2 1 1
node 4 1 0 2
node 14 1 0 0
gene 1 1 4 -3.29177 0 1 -3.29177 1
gene 3 2 4 1.50389 0 2 1.50389 0
gene 3 3 4 3.95604 0 3 3.95604 1
gene 3 2 14 1.15252 0 23 1.15252 1
gene 3 14 4 4.59631 0 24 4.59631 1
gene 1 3 14 -0.537635 0 81 -0.537635 1
genomeend 90

/* Organism #91 Fitness: 4.00458 Error: 1.99886 */
genomestart 91
trait 1 0.1 0 0.0135541 0 0 0 0 0.00118358 
trait 2 0.2 0 0 0 0 0 0 0 
trait 3 0.3 0.0739221 0 0.0121209 0.127075 0 0.0115424 0.126862 
node 1 3 1 3
node 2 3 1 1
node 3 2 1 1
node 4 1 0 2
node 14 1 0 0
gene 1 1 4 -4.75096 0 1 -4.75096 1
gene 3 2 4 -0.942438 0 2 -0.942438 1
gene 3 3 4 4.70605 0 3 4.70605 1
gene 3 2 14 0.992866 0 23 0.992866 1
gene 3 14 4 2.35917 0 24 2.35917 1
gene 1 3 14 0.509664 0 81 0.509664 1
genomeend 91

/* Species #6 : (Size 13) (AF 5.76625) (Age 7)  */


/* Organism #92 Fitness: 8.97648 Error: 1.00392 */
genomestart 92
trait 1 0.1 0 0.00338852 0 0 0 0 0.000295896 
trait 2 0.2 0 0 0 0 0 0 0 
trait 3 0.3 0.0199778 0 0.00346313 0.0317686 0 0 0.0317155 
node 1 3 1 3
node 2 2 1 1
node 3 1 1 1
node 4 2 0 2
node 9 1 0 0
node 23 1 0 0
gene 2 1 4 -3.17219 0 1 -3.17219 1
gene 3 2 4 -2.13404 0 2 -2.13404 0
gene 3 3 4 1.39362 0 3 1.39362 1
gene 3 2 9 1.91176 0 12 1.91176 1
gene 3 9 4 1.54931 0 13 1.54931 1
gene 1 1 9 -1.02953 0 29 -1.02953 1
gene 2 3 9 1.65477 0 33 1.65477 1
gene 3 9 23 0.990802 0 52 0.990802 1
gene 3 23 4 3.89229 0 53 3.89229 1
gene 1 2 23 -0.720332 0 61 -0.720332 1
genomeend 92

/* Organism #93 Fitness: 6.31855 Error: 1.48633 */
genomestart 93
trait 1 0.1 0 0.00338852 0 0 0 0 0.000295896 
trait 2 0.2 0 0 0 0 0 0 0 
trait 3 0.3 0.0199778 0 0.00346313 0.0317686 0 0 0.0317155 
node 1 3 1 3
node 2 2 1 1
node 3 2 1 1
node 4 2 0 2
node 9 1 0 0
node 23 1 0 0
gene 2 1 4 -1.65528 0 1 -1.65528 1
gene 3 2 4 -2.73142 0 2 -2.73142 0
gene 3 3 4 0.0944544 0 3 0.0944544 1
gene 3 2 9 4.33602 0 12 4.33602 1
gene 3 9 4 3.76208 0 13 3.76208 1
gene 1 1 9 -4.09396 0 29 -4.09396 1
gene 2 3 9 -3.97112 0 33 -3.97112 1
gene 3 9 23 0.562387 0 52 0.562387 1
gene 3 23 4 1.62649 0 53 1.62649 1
gene 1 2 23 0.631521 0 61 0.631521 1
genomeend 93

/* Organism #94 Fitness: 3.99712 Error: 2.00072 */
genomestart 94
trait 1 0.1 0 0.00338852 0 0 0 0 0.000295896 
trait 2 0.2 0 0 0 0 0 0 0 
trait 3 0.3 0.0199778 0 0.00346313 0.0317686 0 0 0.0317155 
node 1 3 1 3
node 2 2 1 1
node 3 2 1 1
node 4 2 0 2
node 9 1 0 0
node 23 1 0 0
gene 2 1 4 -0.966973 0 1 -0.966973 1
gene 3 2 4 1.56938 0 2 1.56938 0
gene 3 3 4 4.94136 0 3 4.94136 1
gene 3 2 9 2.19949 0 12 2.19949 1
gene 3 9 4 1.76446 0 13 1.76446 1
gene 1 1 9 -4.18597 0 29 -4.18597 1
gene 2 3 9 -4.52976 0 33 -4.52976 1
gene 3 9 23 -0.461619 0 52 -0.461619 1
gene 3 23 4 -0.960535 0 53 -0.960535 1
gene 1 2 23 0.782527 0 61 0.782527 1
genomeend 94

/* Organism #95 Fitness: 7.91628 Error: 1.18641 */
genomestart 95
trait 1 0.1 0 0.00338852 0 0 0 0 0.000295896 
trait 2 0.2 0 0 0 0 0 0 0 
trait 3 0.3 0.0199778 0 0.00346313 0.0317686 0 0 0.0317155 
node 1 3 1 3
node 2 2 1 1
node 3 2 1 1
node 4 2 0 2
node 9 1 0 0
node 23 1 0 0
gene 2 1 4 -2.12031 0 1 -2.12031 1
gene 3 2 4 0.138919 0 2 0.138919 0
gene 3 3 4 2.5213 0 3 2.5213 1
gene 3 2 9 2.3238 0 12 2.3238 1
gene 3 9 4 4.22712 0 13 4.22712 1
gene 1 1 9 -2.49166 0 29 -2.49166 1
gene 2 3 9 -0.858002 0 33 -0.858002 1
gene 3 9 23 -0.806483 0 52 -0.806483 1
gene 3 23 4 1.17339 0 53 1.17339 1
gene 1 2 23 0.985951 0 61 0.985951 1
genomeend 95

/* Organism #96 Fitness: 13.6242 Error: 0.308899 */
/* ##------$ WINNER 96 SPECIES #6 $------## */
genomestart 96
trait 1 0.1 0 0.00338852 0 0 0 0 0.000295896 
trait 2 0.2 0 0 0 0 0 0 0 
trait 3 0.3 0.0199778 0 0.00346313 0.0317686 0 0 0.0317155 
node 1 3 1 3
node 2 2 1 1
node 3 1 1 1
node 4 2 0 2
node 9 1 0 0
node 23 1 0 0
gene 2 1 4 -3.17219 0 1 -3.17219 1
gene 3 2 4 -2.13404 0 2 -2.13404 0
gene 3 3 4 1.39362 0 3 1.39362 1
gene 3 2 9 1.91176 0 12 1.91176 1
gene 3 9 4 1.54931 0 13 1.54931 1
gene 1 1 9 -1.02953 0 29 -1.02953 1
gene 2 3 9 -1.46782 0 33 -1.46782 1
gene 3 9 23 1 0 52 0 1
gene 3 23 4 3.89229 0 53 3.89229 1
gene 1 2 23 -0.720332 0 61 -0.720332 1
genomeend 96

/* Organism #97 Fitness: 3.99999 Error: 2 */
genomestart 97
trait 1 0.1 0 0.00338852 0 0 0 0 0.000295896 
trait 2 0.2 0 0 0 0 0 0 0 
trait 3 0.3 0.0199778 0 0.00346313 0.0317686 0 0 0.0317155 
node 1 3 1 3
node 2 2 1 1
node 3 1 1 1
node 4 2 0 2
node 9 1 0 0
node 23 1 0 0
gene 2 1 4 -3.86233 0 1 -3.86233 1
gene 3 2 4 -2.13404 0 2 -2.13404 0
gene 3 3 4 -2.16933 0 3 -2.16933 1
gene 3 2 9 -0.329912 0 12 -0.329912 1
gene 3 9 4 1.39568 0 13 1.39568 1
gene 1 1 9 -1.51297 0 29 -1.51297 1
gene 2 3 9 0.341443 0 33 0.341443 1
gene 3 9 23 1.52035 0 52 1.52035 1
gene 3 23 4 2.37626 0 53 2.37626 1
gene 1 2 23 -2.16383 0 61 -2.16383 1
genomeend 97

/* Organism #98 Fitness: 3.99111 Error: 2.00222 */
genomestart 98
trait 1 0.1 0 0.00338852 0 0 0 0 0.000295896 
trait 2 0.2 0 0 0 0 0 0 0 
trait 3 0.3 0.0199778 0 0.00346313 0.0317686 0 0 0.0317155 
node 1 3 1 3
node 2 2 1 1
node 3 1 1 1
node 4 2 0 2
node 9 1 0 0
node 23 1 0 0
gene 2 1 4 -1.79178 0 1 -1.79178 1
gene 3 2 4 -0.21707 0 2 -0.21707 0
gene 3 3 4 -0.235201 0 3 -0.235201 1
gene 3 2 9 2.86113 0 12 2.86113 1
gene 3 9 4 2.92285 0 13 2.92285 1
gene 1 1 9 1.32708 0 29 1.32708 1
gene 2 3 9 0.118107 0 33 0.118107 1
gene 3 9 23 -0.272149 0 52 -0.272149 1
gene 3 23 4 1.28748 0 53 1.28748 1
gene 1 2 23 2.17662 0 61 2.17662 1
genomeend 98

/* Organism #99 Fitness: 2.91734 Error: 2.29198 */
genomestart 99
trait 1 0.1 0 0.00338852 0 0 0 0 0.000295896 
trait 2 0.2 0 0 0 0 0 0 0 
trait 3 0.3 0.0199778 0 0.00346313 0.0317686 0 0 0.0317155 
node 1 3 1 3
node 2 2 1 1
node 3 2 1 1
node 4 2 0 2
node 9 1 0 0
node 23 1 0 0
gene 2 1 4 -1.70053 0 1 -1.70053 1
gene 3 2 4 -3.90474 0 2 -3.90474 0
gene 3 3 4 0.875581 0 3 0.875581 1
gene 3 2 9 1.16595 0 12 1.16595 1
gene 3 9 4 1.02906 0 13 1.02906 1
gene 1 1 9 1.98297 0 29 1.98297 1
gene 2 3 9 -1.96583 0 33 -1.96583 1
gene 3 9 23 -0.0210005 0 52 -0.0210005 1
gene 3 23 4 -0.292506 0 53 -0.292506 1
gene 1 2 23 1.9736 0 61 1.9736 1
genomeend 99

/* Organism #100 Fitness: 4.3555 Error: 1.91302 */
genomestart 100
trait 1 0.1 0 0.00338852 0 0 0 0 0.000295896 
trait 2 0.2 0 0 0 0 0 0 0 
trait 3 0.3 0.0199778 0 0.00346313 0.0317686 0 0 0.0317155 
node 1 3 1 3
node 2 2 1 1
node 3 2 1 1
node 4 2 0 2
node 9 1 0 0
node 23 1 0 0
gene 2 1 4 -1.42712 0 1 -1.42712 1
gene 3 2 4 -1.98087 0 2 -1.98087 0
gene 3 3 4 3.047 0 3 3.047 1
gene 3 2 9 2.49818 0 12 2.49818 1
gene 3 9 4 2.80361 0 13 2.80361 1
gene 1 1 9 -0.979789 0 29 -0.979789 1
gene 2 3 9 2.20341 0 33 2.20341 1
gene 3 9 23 -1.7517 0 52 -1.7517 1
gene 3 23 4 3.89229 0 53 3.89229 1
gene 1 2 23 -0.820879 0 61 -0.820879 1
genomeend 100

/* Organism #101 Fitness: 4.10995 Error: 1.9727 */
genomestart 101
trait 1 0.1 0 0.00338852 0 0 0 0 0.000295896 
trait 2 0.2 0 0 0 0 0 0 0 
trait 3 0.3 0.0199778 0 0.00346313 0.0317686 0 0 0.0317155 
node 1 3 1 3
node 2 2 1 1
node 3 1 1 1
node 4 2 0 2
node 9 1 0 0
node 23 1 0 0
gene 2 1 4 -3.51455 0 1 -3.51455 1
gene 3 2 4 2.11777 0 2 2.11777 0
gene 3 3 4 0.701055 0 3 0.701055 1
gene 3 2 9 2.65044 0 12 2.65044 1
gene 3 9 4 0.042926 0 13 0.042926 1
gene 1 1 9 -1.50688 0 29 -1.50688 1
gene 2 3 9 -2.84523 0 33 -2.84523 1
gene 3 9 23 -0.587858 0 52 -0.587858 1
gene 3 23 4 4.18948 0 53 4.18948 1
gene 1 2 23 -1.50899 0 61 -1.50899 1
genomeend 101

/* Organism #102 Fitness: 8.81948 Error: 1.03024 */
genomestart 102
trait 1 0.1 0 0.00338852 0 0 0 0 0.000295896 
trait 2 0.2 0 0 0 0 0 0 0 
trait 3 0.3 0.0199778 0 0.00346313 0.0317686 0 0 0.0317155 
node 1 3 1 3
node 2 2 1 1
node 3 1 1 1
node 4 2 0 2
node 9 1 0 0
node 23 1 0 0
gene 2 1 4 -1.2719 0 1 -1.2719 1
gene 3 2 4 -1.20964 0 2 -1.20964 0
gene 3 3 4 2.75742 0 3 2.75742 1
gene 3 2 9 1.86653 0 12 1.86653 1
gene 3 9 4 2.02387 0 13 2.02387 1
gene 1 1 9 -1.52355 0 29 -1.52355 1
gene 2 3 9 -0.862402 0 33 -0.862402 1
gene 3 9 23 0.927657 0 52 0.927657 1
gene 3 23 4 0.299367 0 53 0.299367 1
gene 1 2 23 2.68467 0 61 2.68467 1
genomeend 102

/* Organism #103 Fitness: 3.99989 Error: 2.00003 */
genomestart 103
trait 1 0.1 0 0.00338852 0 0 0 0 0.000295896 
trait 2 0.2 0 0 0 0 0 0 0 
trait 3 0.3 0.0199778 0 0.00346313 0.0317686 0 0 0.0317155 
node 1 3 1 3
node 2 2 1 1
node 3 1 1 1
node 4 2 0 2
node 9 1 0 0
node 23 1 0 0
gene 2 1 4 -0.407926 0 1 -0.407926 1
gene 3 2 4 1.09504 0 2 1.09504 0
gene 3 3 4 1.13513 0 3 1.13513 1
gene 3 2 9 2.27343 0 12 2.27343 1
gene 3 9 4 2.07909 0 13 2.07909 1
gene 1 1 9 1.40643 0 29 1.40643 1
gene 2 3 9 -2.05768 0 33 -2.05768 1
gene 3 9 23 -1.09335 0 52 -1.09335 1
gene 3 23 4 3.41409 0 53 3.41409 1
gene 1 2 23 -1.50479 0 61 -1.50479 1
genomeend 103

/* Organism #104 Fitness: 1.93532 Error: 2.60884 */
genomestart 104
trait 1 0.1 0 0.00338852 0 0 0 0 0.000295896 
trait 2 0.2 0 0 0 0 0 0 0 
trait 3 0.3 0.0199778 0 0.00346313 0.0317686 0 0 0.0317155 
node 1 3 1 3
node 2 2 1 1
node 3 1 1 1
node 4 2 0 2
node 9 1 0 0
node 23 1 0 0
gene 2 1 4 -4.14127 0 1 -4.14127 1
gene 3 2 4 1.3473 0 2 1.3473 1
gene 3 3 4 -0.140654 0 3 -0.140654 1
gene 3 2 9 -2.16144 0 12 -2.16144 1
gene 3 9 4 0.71322 0 13 0.71322 1
gene 1 1 9 0.881798 0 29 0.881798 1
gene 2 3 9 2.24652 0 33 2.24652 1
gene 3 9 23 0.995401 0 52 0.995401 1
gene 3 23 4 2.34228 0 53 2.34228 1
gene 1 2 23 -0.0794655 0 61 -0.0794655 1
genomeend 104

/* Species #7 : (Size 8) (AF 6.79094) (Age 6)  */


/* Organism #105 Fitness: 8.99087 Error: 1.00152 */
genomestart 105
trait 1 0.126207 0 0 0 0 0 0 0.0994094 
trait 2 0.190625 0.0414092 0 0.0191403 0 0 0.00144421 0 
trait 3 0.273047 0.0289038 0 0 0 0 0 0 
node 1 3 1 3
node 2 2 1 1
node 3 3 1 1
node 4 1 0 2
gene 2 1 4 -1.47428 0 1 -1.47428 1
gene 1 2 4 -8 0 2 -8 1
gene 2 3 4 2.91751 0 3 2.91751 1
genomeend 105

/* Organism #106 Fitness: 4.00319 Error: 1.9992 */
genomestart 106
trait 1 0.126207 0 0 0 0 0 0 0.0994094 
trait 2 0.190625 0.0414092 0 0.0191403 0 0 0.00144421 0 
trait 3 0.272461 0.0295321 0 0 0 0 0 0 
node 1 3 1 3
node 2 3 1 1
node 3 3 1 1
node 4 1 0 2
gene 2 1 4 -1.95374 0 1 -1.95374 1
gene 1 2 4 -6.27784 0 2 -6.27784 1
gene 2 3 4 0.521502 0 3 0.521502 1
genomeend 106

/* Organism #107 Fitness: 6.21705 Error: 1.5066 */
genomestart 107
trait 1 0.126207 0 0 0 0 0 0 0.0994094 
trait 2 0.190625 0.0414092 0 0.0191403 0 0 0.00144421 0 
trait 3 0.273047 0.0289038 0 0 0 0 0 0 
node 1 3 1 3
node 2 2 1 1
node 3 3 1 1
node 4 1 0 2
gene 2 1 4 0.00534578 0 1 0.00534578 1
gene 1 2 4 -5.98667 0 2 -5.98667 1
gene 2 3 4 2.21435 0 3 2.21435 1
genomeend 107

/* Organism #108 Fitness: 4.19951 Error: 1.95073 */
genomestart 108
trait 1 0.126207 0 0 0 0 0 0 0.0994094 
trait 2 0.190625 0.0414092 0 0.0191403 0 0 0.00144421 0 
trait 3 0.272754 0 0 0 0 0 0.537342 0 
node 1 3 1 3
node 2 2 1 1
node 3 3 1 1
node 4 1 0 2
gene 2 1 4 -1.54406 0 1 -1.54406 1
gene 1 2 4 -8 0 2 -8 1
gene 2 3 4 0.945124 0 3 0.945124 1
genomeend 108

/* Organism #109 Fitness: 4.18165 Error: 1.95509 */
genomestart 109
trait 1 0.126207 0 0 0 0 0 0 0.0994094 
trait 2 0.190625 0.0414092 0 0.0191403 0 0 0.00144421 0 
trait 3 0.272461 0.0295321 0 0 0 0 0 0 
node 1 3 1 3
node 2 3 1 1
node 3 3 1 1
node 4 1 0 2
gene 2 1 4 -2.51584 0 1 -2.51584 1
gene 1 2 4 -8 0 2 -8 1
gene 2 3 4 1.89502 0 3 1.89502 1
genomeend 109

/* Organism #110 Fitness: 8.96607 Error: 1.00566 */
genomestart 110
trait 1 0.126207 0 0 0 0 0 0 0.0994094 
trait 2 0.190625 0.0414092 0 0.0191403 0 0 0.00144421 0 
trait 3 0.272754 0.029218 0 0 0 0 0 0 
node 1 3 1 3
node 2 2 1 1
node 3 3 1 1
node 4 1 0 2
gene 2 1 4 -1.08297 0 1 -1.08297 1
gene 1 2 4 -8 0 2 -8 1
gene 2 3 4 2.51789 0 3 2.51789 1
genomeend 110

/* Organism #111 Fitness: 8.80308 Error: 1.033 */
genomestart 111
trait 1 0.126207 0 0 0 0 0 0 0.0994094 
trait 2 0.190625 0.0414092 0 0.0191403 0 0 0.00144421 0 
trait 3 0.272461 0.0295321 0 0 0 0 0 0 
node 1 3 1 3
node 2 2 1 1
node 3 3 1 1
node 4 1 0 2
gene 2 1 4 -0.691648 0 1 -0.691648 1
gene 1 2 4 -8 0 2 -8 1
gene 2 3 4 2.11827 0 3 2.11827 1
genomeend 111

/* Organism #112 Fitness: 8.96607 Error: 1.00566 */
genomestart 112
trait 1 0.126207 0 0 0 0 0 0 0.0994094 
trait 2 0.190625 0.0414092 0 0.0191403 0 0 0.00144421 0 
trait 3 0.272754 0.029218 0 0 0 0 0 0 
node 1 3 1 3
node 2 2 1 1
node 3 3 1 1
node 4 1 0 2
gene 2 1 4 -1.08297 0 1 -1.08297 1
gene 1 2 4 -8 0 2 -8 1
gene 2 3 4 2.51789 0 3 2.51789 1
genomeend 112

/* Species #8 : (Size 15) (AF 6.15997) (Age 4)  */


/* Organism #113 Fitness: 8.99109 Error: 1.00149 */
genomestart 113
trait 1 0.1 0 0.00158837 0 0 0 0 0.000138701 
trait 2 0.538732 0 0 0 0 0.474819 0 0 
trait 3 0.3 0.00936458 0 0.00162334 0.0148916 0 0 0.0148666 
node 1 3 1 3
node 2 2 1 1
node 3 1 1 1
node 4 2 0 2
node 9 1 0 0
gene 1 1 4 -5.08724 0 1 -5.08724 1
gene 3 2 4 1.83911 0 2 1.83911 0
gene 3 3 4 3.13563 0 3 3.13563 1
gene 3 2 9 -3.39407 0 12 -3.39407 1
gene 3 9 4 6.61348 0 13 6.61348 1
genomeend 113

/* Organism #114 Fitness: 4.00221 Error: 1.99945 */
genomestart 114
trait 1 0.1 0 0.00158837 0 0 0 0 0.000138701 
trait 2 0.538732 0 0 0 0 0.474819 0 0 
trait 3 0.3 0.00936458 0 0.00162334 0.0148916 0 0 0.0148666 
node 1 3 1 3
node 2 2 1 1
node 3 1 1 1
node 4 2 0 2
node 9 1 0 0
gene 1 1 4 -3.86427 0 1 -3.86427 1
gene 3 2 4 -0.319205 0 2 -0.319205 0
gene 3 3 4 5.21261 0 3 5.21261 1
gene 3 2 9 -2.15487 0 12 -2.15487 1
gene 3 9 4 4.80729 0 13 4.80729 1
genomeend 114

/* Organism #115 Fitness: 8.99159 Error: 1.0014 */
genomestart 115
trait 1 0.1 0 0.00158837 0 0 0 0 0.000138701 
trait 2 0.538732 0 0 0 0 0.474819 0 0 
trait 3 0.3 0.00936458 0 0.00162334 0.0148916 0 0 0.0148666 
node 1 3 1 3
node 2 2 1 1
node 3 1 1 1
node 4 3 0 2
node 9 1 0 0
gene 1 1 4 -4.84301 0 1 -4.84301 1
gene 3 2 4 3.44764 0 2 3.44764 0
gene 3 3 4 3.0417 0 3 3.0417 1
gene 3 2 9 -4.01205 0 12 -4.01205 1
gene 3 9 4 6.44005 0 13 6.44005 1
genomeend 115

/* Organism #116 Fitness: 8.99109 Error: 1.00149 */
genomestart 116
trait 1 0.1 0 0.00158837 0 0 0 0 0.000138701 
trait 2 0.538732 0 0 0 0 0.474819 0 0 
trait 3 0.3 0.00936458 0 0.00162334 0.0148916 0 0 0.0148666 
node 1 3 1 3
node 2 2 1 1
node 3 1 1 1
node 4 2 0 2
node 9 1 0 0
gene 1 1 4 -5.08724 0 1 -5.08724 1
gene 3 2 4 1.83911 0 2 1.83911 0
gene 3 3 4 3.13563 0 3 3.13563 1
gene 3 2 9 -3.39407 0 12 -3.39407 1
gene 3 9 4 6.61348 0 13 6.61348 1
genomeend 116

/* Organism #117 Fitness: 4.00101 Error: 1.99975 */
genomestart 117
trait 1 0.1 0 0.00158837 0 0 0 0 0.000138701 
trait 2 0.2 0 0 0 0 0 0 0 
trait 3 0.3 0.00936458 0 0.00162334 0.0148916 0 0 0.0148666 
node 1 1 1 3
node 2 2 1 1
node 3 1 1 1
node 4 2 0 2
node 9 1 0 0
gene 2 1 4 -6.5785 0 1 -6.5785 1
gene 3 2 4 1.86656 0 2 1.86656 0
gene 3 3 4 5.05569 0 3 5.05569 1
gene 3 2 9 -5.05062 0 12 -5.05062 1
gene 3 9 4 5.60818 0 13 5.60818 1
gene 1 1 9 -0.869195 0 87 -0.869195 1
genomeend 117

/* Organism #118 Fitness: 3.99961 Error: 2.0001 */
genomestart 118
trait 1 0.1 0 0.00158837 0 0 0 0 0.000138701 
trait 2 0.538732 0 0 0 0 0.474819 0 0 
trait 3 0.3 0.00936458 0 0.00162334 0.0148916 0 0 0.0148666 
node 1 3 1 3
node 2 2 1 1
node 3 1 1 1
node 4 3 0 2
node 9 1 0 0
gene 1 1 4 1.87433 0 1 1.87433 1
gene 3 2 4 6.73404 0 2 6.73404 0
gene 3 3 4 3.64174 0 3 3.64174 1
gene 3 2 9 -4.27004 0 12 -4.27004 1
gene 3 9 4 5.92254 0 13 5.92254 1
genomeend 118

/* Organism #119 Fitness: 8.99668 Error: 1.00055 */
genomestart 119
trait 1 0.1 0 0.00158837 0 0 0 0 0.000138701 
trait 2 0.369366 0 0 0 0 0.23741 0 0 
trait 3 0.3 0.00936458 0 0.00162334 0.0148916 0 0 0.0148666 
node 1 3 1 3
node 2 2 1 1
node 3 1 1 1
node 4 3 0 2
node 9 1 0 0
gene 2 1 4 -6.5785 0 1 -6.5785 1
gene 3 2 4 1.86656 0 2 1.86656 0
gene 3 3 4 5.05569 0 3 5.05569 1
gene 3 2 9 -5.05062 0 12 -5.05062 1
gene 3 9 4 5.60818 0 13 5.60818 1
gene 3 3 9 0.93033 0 88 0.93033 1
genomeend 119

/* Organism #120 Fitness: 8.71997 Error: 1.04704 */
genomestart 120
trait 1 0.1 0 0.00158837 0 0 0 0 0.000138701 
trait 2 0.538732 0 0 0 0 0.474819 0 0 
trait 3 0.3 0.00936458 0 0.00162334 0.0148916 0 0 0.0148666 
node 1 3 1 3
node 2 2 1 1
node 3 1 1 1
node 4 3 0 2
node 9 1 0 0
gene 1 1 4 -4.73234 0 1 -4.73234 1
gene 3 2 4 5.42184 0 2 5.42184 0
gene 3 3 4 2.51724 0 3 2.51724 1
gene 3 2 9 -5.55147 0 12 -5.55147 1
gene 3 9 4 5.65307 0 13 5.65307 1
genomeend 120

/* Organism #121 Fitness: 4.00684 Error: 1.99829 */
genomestart 121
trait 1 0.1 0 0.00158837 0 0 0 0 0.000138701 
trait 2 0.538732 0 0 0 0 0.474819 0 0 
trait 3 0.3 0.00936458 0 0.00162334 0.0148916 0 0 0.0148666 
node 1 3 1 3
node 2 2 1 1
node 3 1 1 1
node 4 2 0 2
node 9 2 0 0
gene 1 1 4 -7.11293 0 1 -7.11293 1
gene 3 2 4 0.277213 0 2 0.277213 0
gene 3 3 4 3.20619 0 3 3.20619 1
gene 3 2 9 -2.60358 0 12 -2.60358 1
gene 3 9 4 5.22611 0 13 5.22611 1
genomeend 121

/* Organism #122 Fitness: 7.58343 Error: 1.2462 */
genomestart 122
trait 1 0.1 0 0.00158837 0 0 0 0 0.000138701 
trait 2 0.2 0 0 0 0 0 0 0 
trait 3 0.3 0.00936458 0 0.00162334 0.0148916 0 0 0.0148666 
node 1 1 1 3
node 2 2 1 1
node 3 1 1 1
node 4 2 0 2
node 9 1 0 0
gene 2 1 4 -5.6017 0 1 -5.6017 1
gene 3 2 4 3.23575 0 2 3.23575 0
gene 3 3 4 3.1122 0 3 3.1122 1
gene 3 2 9 -5.4082 0 12 -5.4082 1
gene 3 9 4 5.4335 0 13 5.4335 1
genomeend 122

/* Organism #123 Fitness: 4.11805 Error: 1.9707 */
genomestart 123
trait 1 0.1 0 0.00158837 0 0 0 0 0.000138701 
trait 2 0.538732 0 0 0 0 0.474819 0 0 
trait 3 0.3 0.00936458 0 0.00162334 0.0148916 0 0 0.0148666 
node 1 3 1 3
node 2 2 1 1
node 3 1 1 1
node 4 3 0 2
node 9 1 0 0
gene 1 1 4 -6.54018 0 1 -6.54018 1
gene 3 2 4 2.75721 0 2 2.75721 0
gene 3 3 4 2.73641 0 3 2.73641 1
gene 3 2 9 -2.18221 0 12 -2.18221 1
gene 3 9 4 6.18578 0 13 6.18578 1
genomeend 123

/* Organism #124 Fitness: 1.0118 Error: 2.99412 */
genomestart 124
trait 1 0.1 0 0.00158837 0 0 0 0 0.000138701 
trait 2 0.538732 0 0 0 0 0.474819 0 0 
trait 3 0.3 0.00936458 0 0.00162334 0.0148916 0 0 0.0148666 
node 1 3 1 3
node 2 2 1 1
node 3 1 1 1
node 4 3 0 2
node 9 1 0 0
node 35 1 0 0
gene 1 1 4 -4.84301 0 1 -4.84301 1
gene 3 2 4 3.44764 0 2 3.44764 0
gene 3 3 4 3.0417 0 3 3.0417 1
gene 3 2 9 -4.01205 0 12 -4.01205 1
gene 3 9 4 6.44005 0 13 6.44005 0
gene 3 9 35 1 0 89 0 1
gene 3 35 4 6.44005 0 90 0 1
genomeend 124

/* Organism #125 Fitness: 8.98618 Error: 1.0023 */
genomestart 125
trait 1 0.1 0 0.00158837 0 0 0 0 0.000138701 
trait 2 0.538732 0 0 0 0 0.474819 0 0 
trait 3 0.3 0.00936458 0 0.00162334 0.0148916 0 0 0.0148666 
node 1 3 1 3
node 2 2 1 1
node 3 1 1 1
node 4 2 0 2
node 9 1 0 0
gene 1 1 4 -4.59879 0 1 -4.59879 1
gene 3 2 4 1.83911 0 2 1.83911 0
gene 3 3 4 2.94777 0 3 2.94777 1
gene 3 2 9 -3.39407 0 12 -3.39407 1
gene 3 9 4 6.61348 0 13 6.61348 1
genomeend 125

/* Organism #126 Fitness: 8.99109 Error: 1.00149 */
genomestart 126
trait 1 0.1 0 0.00158837 0 0 0 0 0.000138701 
trait 2 0.538732 0 0 0 0 0.474819 0 0 
trait 3 0.3 0.00936458 0 0.00162334 0.0148916 0 0 0.0148666 
node 1 3 1 3
node 2 2 1 1
node 3 1 1 1
node 4 2 0 2
node 9 1 0 0
gene 1 1 4 -5.08724 0 1 -5.08724 1
gene 3 2 4 1.83911 0 2 1.83911 0
gene 3 3 4 3.13563 0 3 3.13563 1
gene 3 2 9 -3.39407 0 12 -3.39407 1
gene 3 9 4 6.61348 0 13 6.61348 1
genomeend 126

/* Organism #127 Fitness: 1.00894 Error: 2.99554 */
genomestart 127
trait 1 0.1 0 0.00158837 0 0 0 0 0.000138701 
trait 2 0.538732 0 0 0 0 0.474819 0 0 
trait 3 0.3 0.00936458 0 0.00162334 0.0148916 0 0 0.0148666 
node 1 3 1 3
node 2 2 1 1
node 3 1 1 1
node 4 3 0 2
node 9 1 0 0
node 35 1 0 0
gene 1 1 4 -4.59879 0 1 -4.59879 1
gene 3 2 4 5.05618 0 2 5.05618 0
gene 3 3 4 2.94777 0 3 2.94777 1
gene 3 2 9 -4.63003 0 12 -4.63003 1
gene 3 9 4 6.26661 0 13 6.26661 0
gene 3 9 35 1 0 89 0 1
gene 3 35 4 6.26661 0 90 0 1
genomeend 127

/* Species #9 : (Size 11) (AF 4.90058) (Age 4)  */


/* Organism #128 Fitness: 8.99659 Error: 1.00057 */
genomestart 128
trait 1 0.1 0 0.00338852 0 0 0 0 0.000295896 
trait 2 0.2 0 0 0 0 0 0 0 
trait 3 0.3 0.0199778 0 0.00346313 0.0317686 0 0 0.0317155 
node 1 3 1 3
node 2 2 1 1
node 3 1 1 1
node 4 2 0 2
node 9 1 0 0
node 23 1 0 0
node 30 1 0 0
gene 2 1 4 -2.87535 0 1 -2.87535 1
gene 3 2 4 1.37467 0 2 1.37467 1
gene 3 3 4 3.0236 0 3 3.0236 1
gene 3 2 9 0.842808 0 12 0.592808 1
gene 3 9 4 2.80113 0 13 1.39345 1
gene 1 1 9 -0.37541 0 29 -0.37541 1
gene 2 3 9 0.33215 0 33 0.33215 1
gene 3 9 23 -0.237555 0 52 -0.737555 0
gene 3 23 4 1.95884 0 53 0.551158 1
gene 3 9 30 0.929771 0 70 0.429771 1
gene 3 30 23 -0.0178171 0 71 -0.517817 1
genomeend 128

/* Organism #129 Fitness: 4 Error: 2 */
genomestart 129
trait 1 0.1 0 0.00338852 0 0 0 0 0.000295896 
trait 2 0.2 0 0 0 0 0 0 0 
trait 3 0.3 0.0199778 0 0.00346313 0.0317686 0 0 0.0317155 
node 1 3 1 3
node 2 2 1 1
node 3 1 1 1
node 4 2 0 2
node 9 1 0 0
node 23 1 0 0
node 30 1 0 0
gene 2 1 4 0.484116 0 1 0.484116 1
gene 3 2 4 0.0947703 0 2 0.0947703 1
gene 3 3 4 4.79141 0 3 4.79141 1
gene 3 2 9 1.17514 0 12 1.17514 1
gene 3 9 4 -0.377663 0 13 -0.377663 0
gene 1 1 9 0.550787 0 29 0.550787 1
gene 2 3 9 0.43829 0 33 0.43829 1
gene 3 9 23 2.79305 0 52 2.79305 0
gene 3 23 4 2.3871 0 53 2.3871 1
gene 3 9 30 1.70071 0 70 1.70071 1
gene 3 30 23 1.49259 0 71 1.49259 1
genomeend 129

/* Organism #130 Fitness: 8.91036 Error: 1.01498 */
genomestart 130
trait 1 0.1 0 0.00338852 0 0 0 0 0.000295896 
trait 2 0.2 0 0 0 0 0 0 0 
trait 3 0.3 0.0199778 0 0.00346313 0.0317686 0 0 0.0317155 
node 1 3 1 3
node 2 2 1 1
node 3 1 1 1
node 4 2 0 2
node 9 1 0 0
node 23 1 0 0
node 30 1 0 0
gene 2 1 4 -2.87535 0 1 -2.87535 1
gene 3 2 4 1.37467 0 2 1.37467 1
gene 3 3 4 3.0236 0 3 3.0236 1
gene 3 2 9 0.842808 0 12 0.592808 1
gene 3 9 4 2.80113 0 13 1.39345 1
gene 1 1 9 -0.37541 0 29 -0.37541 1
gene 2 3 9 0.33215 0 33 0.33215 1
gene 3 9 23 -0.237555 0 52 -0.737555 0
gene 3 23 4 1.95884 0 53 0.551158 1
gene 3 9 30 0.929771 0 70 0.429771 1
gene 3 30 23 -0.0178171 0 71 -0.517817 1
gene 2 1 23 0.347382 0 91 0.347382 1
genomeend 130

/* Organism #131 Fitness: 4 Error: 2 */
genomestart 131
trait 1 0.1 0 0.00338852 0 0 0 0 0.000295896 
trait 2 0 0 0 0 0 0 0 0.209495 
trait 3 0.3 0.0199778 0 0.00346313 0.0317686 0 0 0.0317155 
node 1 3 1 3
node 2 2 1 1
node 3 1 1 1
node 4 2 0 2
node 9 1 0 0
node 23 1 0 0
node 30 1 0 0
gene 2 1 4 1.77603 0 1 1.77603 1
gene 3 2 4 1.23019 0 2 1.23019 1
gene 3 3 4 4.80945 0 3 4.80945 1
gene 3 2 9 -2.06617 0 12 -2.06617 1
gene 3 9 4 1.61514 0 13 1.61514 1
gene 1 1 9 1.77025 0 29 1.77025 1
gene 2 3 9 -2.04817 0 33 -2.04817 1
gene 3 9 23 -0.115859 0 52 -0.115859 0
gene 3 23 4 1.98616 0 53 1.98616 1
gene 3 9 30 0.929771 0 70 0.929771 1
gene 3 30 23 0.0278845 0 71 0.0278845 1
genomeend 131

/* Organism #132 Fitness: 3.99758 Error: 2.0006 */
genomestart 132
trait 1 0.1 0 0.00338852 0 0 0 0 0.000295896 
trait 2 0.2 0 0 0 0 0 0 0 
trait 3 0.3 0.0199778 0 0.00346313 0.0317686 0 0 0.0317155 
node 1 3 1 3
node 2 2 1 1
node 3 1 1 1
node 4 2 0 2
node 9 1 0 0
node 23 1 0 0
node 30 1 0 0
gene 2 1 4 -4.60669 0 1 -4.60669 1
gene 3 2 4 2.08324 0 2 2.08324 0
gene 3 3 4 4.24268 0 3 4.24268 1
gene 3 2 9 -0.274682 0 12 -0.274682 1
gene 3 9 4 0.638132 0 13 0.638132 0
gene 1 1 9 -1.20656 0 29 -1.20656 1
gene 2 3 9 -0.277363 0 33 -0.277363 1
gene 3 9 23 1.18263 0 52 1.18263 0
gene 3 23 4 3.98574 0 53 3.98574 1
gene 3 9 30 2.81329 0 70 2.81329 1
gene 3 30 23 1.54069 0 71 1.54069 1
genomeend 132

/* Organism #133 Fitness: 3.99992 Error: 2.00002 */
genomestart 133
trait 1 0.1 0 0.00338852 0 0 0 0 0.000295896 
trait 2 0.2 0 0 0 0 0 0 0 
trait 3 0.3 0.0199778 0 0.00346313 0.0317686 0 0 0.0317155 
node 1 3 1 3
node 2 2 1 1
node 3 1 1 1
node 4 2 0 2
node 9 1 0 0
node 23 1 0 0
node 30 1 0 0
gene 2 1 4 -2.87535 0 1 -2.87535 1
gene 3 2 4 1.37467 0 2 1.37467 0
gene 3 3 4 3.0236 0 3 3.0236 1
gene 3 2 9 0.842808 0 12 0.592808 1
gene 3 9 4 2.81536 0 13 0 0
gene 1 1 9 -0.37541 0 29 -0.37541 1
gene 2 3 9 0.787438 0 33 0.787438 1
gene 3 9 23 -0.237555 0 52 -0.737555 0
gene 3 23 4 2.81536 0 53 0 1
gene 3 9 30 1 0 70 0 1
gene 3 30 23 -0.0178171 0 71 -0.517817 1
gene 1 3 23 -0.289245 0 92 -0.289245 1
genomeend 133

/* Organism #134 Fitness: 4.00004 Error: 1.99999 */
genomestart 134
trait 1 0.1 0 0.00338852 0 0 0 0 0.000295896 
trait 2 0.2 0 0 0 0 0 0 0 
trait 3 0.3 0.0199778 0 0.00346313 0.0317686 0 0 0.0317155 
node 1 3 1 3
node 2 2 1 1
node 3 1 1 1
node 4 2 0 2
node 9 1 0 0
node 23 1 0 0
node 30 1 0 0
gene 2 1 4 -4.97635 0 1 -4.97635 1
gene 3 2 4 -0.938163 0 2 -0.938163 1
gene 3 3 4 3.43187 0 3 3.43187 1
gene 3 2 9 2.5732 0 12 2.5732 1
gene 3 9 4 -1.02202 0 13 -1.02202 1
gene 1 1 9 -0.446161 0 29 -0.446161 1
gene 2 3 9 0.83395 0 33 0.83395 1
gene 3 9 23 -0.237555 0 52 -0.237555 0
gene 3 23 4 1.70964 0 53 1.70964 1
gene 3 9 30 -0.223745 0 70 -0.223745 1
gene 3 30 23 -2.11987 0 71 -2.11987 1
genomeend 134

/* Organism #135 Fitness: 4 Error: 2 */
genomestart 135
trait 1 0.1 0 0.00338852 0 0 0 0 0.000295896 
trait 2 0.2 0 0 0 0 0 0 0 
trait 3 0.3 0.0199778 0 0.00346313 0.0317686 0 0 0.0317155 
node 1 3 1 3
node 2 2 1 1
node 3 1 1 1
node 4 2 0 2
node 9 1 0 0
node 23 1 0 0
node 30 1 0 0
gene 3 1 4 -4.28111 0 1 -4.28111 1
gene 3 2 4 -0.773538 0 2 -0.773538 0
gene 3 3 4 2.57636 0 3 2.57636 1
gene 3 2 9 0.0874864 0 12 0.0874864 1
gene 3 9 4 4.44393 0 13 4.44393 1
gene 1 1 9 0.99518 0 29 0.99518 1
gene 2 3 9 2.27724 0 33 2.27724 1
gene 3 9 23 0.274333 0 52 0.274333 0
gene 3 23 4 4.68434 0 53 4.68434 1
gene 3 9 30 1 0 70 1 1
gene 3 30 23 -0.0178171 0 71 -0.0178171 1
genomeend 135

/* Organism #136 Fitness: 4.00251 Error: 1.99937 */
genomestart 136
trait 1 0.1 0 0.00338852 0 0 0 0 0.000295896 
trait 2 0.2 0 0 0 0 0 0 0 
trait 3 0.3 0.0199778 0 0.00346313 0.0317686 0 0 0.0317155 
node 1 3 1 3
node 2 2 1 1
node 3 1 1 1
node 4 2 0 2
node 9 1 0 0
node 23 1 0 0
node 30 1 0 0
gene 2 1 4 -4.58516 0 1 -4.58516 1
gene 3 2 4 -1.10477 0 2 -1.10477 0
gene 3 3 4 4.27671 0 3 4.27671 1
gene 3 2 9 3.06292 0 12 3.06292 1
gene 3 9 4 0.900061 0 13 0.900061 0
gene 1 1 9 -0.0119497 0 29 -0.0119497 1
gene 2 3 9 -1.5036 0 33 -1.5036 1
gene 3 9 23 -1.93057 0 52 -1.93057 0
gene 3 23 4 -0.810187 0 53 -0.810187 1
gene 3 9 30 0.859541 0 70 0.859541 1
gene 3 30 23 1.31302 0 71 1.31302 1
genomeend 136

/* Organism #137 Fitness: 4 Error: 2 */
genomestart 137
trait 1 0.1 0 0.00338852 0 0 0 0 0.000295896 
trait 2 0.2 0 0 0 0 0 0 0 
trait 3 0.3 0.0199778 0 0.00346313 0.0317686 0 0 0.0317155 
node 1 3 1 3
node 2 2 1 1
node 3 1 1 1
node 4 2 0 2
node 9 1 0 0
node 23 1 0 0
node 30 1 0 0
gene 2 1 4 -0.948354 0 1 -0.948354 1
gene 3 2 4 1.68397 0 2 1.68397 0
gene 3 3 4 4.84243 0 3 4.84243 1
gene 3 2 9 -0.108691 0 12 -0.108691 1
gene 3 9 4 -2.31727 0 13 -2.31727 0
gene 1 1 9 2.42702 0 29 2.42702 1
gene 2 3 9 2.37069 0 33 2.37069 1
gene 3 9 23 0.744175 0 52 0.744175 0
gene 3 23 4 1.45812 0 53 1.45812 1
gene 3 9 30 2.78298 0 70 2.78298 1
gene 3 30 23 -1.03563 0 71 -1.03563 1
genomeend 137

/* Organism #138 Fitness: 3.99938 Error: 2.00015 */
genomestart 138
trait 1 0.1 0 0.00338852 0 0 0 0 0.000295896 
trait 2 0.2 0 0 0 0 0 0 0 
trait 3 0.3 0.0199778 0 0.00346313 0.0317686 0 0 0.0317155 
node 1 3 1 3
node 2 2 1 1
node 3 1 1 1
node 4 2 0 2
node 9 1 0 0
node 23 1 0 0
node 30 1 0 0
gene 2 1 4 -1.40891 0 1 -1.40891 1
gene 3 2 4 1.94241 0 2 1.94241 0
gene 3 3 4 3.0236 0 3 3.0236 1
gene 3 2 9 0.842808 0 12 0.842808 1
gene 3 9 4 2.80113 0 13 2.80113 1
gene 1 1 9 -2.59718 0 29 -2.59718 1
gene 2 3 9 0.33215 0 33 0.33215 1
gene 3 9 23 -2.71812 0 52 -2.71812 0
gene 3 23 4 -1.49092 0 53 -1.49092 1
gene 3 9 30 1.16445 0 70 1.16445 1
gene 3 30 23 -0.0178171 0 71 -0.0178171 1
genomeend 138

/* Species #10 : (Size 11) (AF 4.00787) (Age 2)  */


/* Organism #139 Fitness: 4.00825 Error: 1.99794 */
genomestart 139
trait 1 0.1 0 0.0271082 0 0 0 0 0.00236717 
trait 2 0.1875 0 0.0112574 0.0282795 0 0 0.0547158 0 
trait 3 0.3 0 0 0.00612653 0.0481452 0 0 0 
node 1 1 1 3
node 2 1 1 1
node 3 1 1 1
node 4 3 0 2
node 15 1 0 0
node 33 1 0 0
gene 2 1 4 -2.82407 0 1 -2.82407 1
gene 1 2 4 4.42872 0 2 4.42872 1
gene 3 3 4 3.83785 0 3 3.83785 0
gene 3 3 15 1.99106 0 25 1.99106 0
gene 3 15 4 3.83785 0 26 0 1
gene 1 1 15 -0.136076 0 74 -0.136076 1
gene 3 3 33 1 0 78 0 1
gene 3 33 15 1.99106 0 79 0 1
genomeend 139

/* Organism #140 Fitness: 4.00825 Error: 1.99794 */
genomestart 140
trait 1 0 0 0.0271082 0.635323 0 0 0.29322 0.891954 
trait 2 0.1875 0 0.0112574 0.0282795 0 0 0.0547158 0 
trait 3 0.3 0 0 0.00612653 0.0481452 0 0 0 
node 1 1 1 3
node 2 1 1 1
node 3 1 1 1
node 4 3 0 2
node 15 1 0 0
node 33 1 0 0
gene 2 1 4 -2.82407 0 1 -2.82407 1
gene 1 2 4 4.42872 0 2 4.42872 1
gene 3 3 4 3.83785 0 3 3.83785 0
gene 3 3 15 1.99106 0 25 1.99106 0
gene 3 15 4 3.83785 0 26 0 1
gene 1 1 15 -0.136076 0 74 -0.136076 1
gene 3 3 33 1 0 78 0 1
gene 3 33 15 1.99106 0 79 0 1
genomeend 140

/* Organism #141 Fitness: 4.06147 Error: 1.98469 */
genomestart 141
trait 1 0.1 0 0.0271082 0 0 0 0 0.00236717 
trait 2 0.1875 0 0.0112574 0.0282795 0 0 0.0547158 0 
trait 3 0.3 0 0 0.00612653 0.0481452 0 0 0 
node 1 1 1 3
node 2 1 1 1
node 3 1 1 1
node 4 3 0 2
node 15 1 0 0
node 33 1 0 0
gene 2 1 4 -4.35609 0 1 -4.35609 1
gene 1 2 4 4.69476 0 2 4.69476 1
gene 3 3 4 1.98649 0 3 1.98649 0
gene 3 3 15 3.78918 0 25 3.78918 0
gene 3 15 4 4.70539 0 26 4.70539 1
gene 1 1 15 -2.17928 0 74 -2.17928 1
gene 3 3 33 -0.0779313 0 78 -0.0779313 1
gene 3 33 15 2.40189 0 79 2.40189 1
genomeend 141

/* Organism #142 Fitness: 4.05276 Error: 1.98685 */
genomestart 142
trait 1 0.1 0 0.0271082 0 0 0 0 0.00236717 
trait 2 0.1875 0 0.0112574 0.0282795 0 0 0.0547158 0 
trait 3 0.3 0 0 0.00612653 0.0481452 0 0 0 
node 1 1 1 3
node 2 1 1 1
node 3 1 1 1
node 4 3 0 2
node 15 1 0 0
node 33 1 0 0
gene 2 1 4 -3.47719 0 1 -3.47719 1
gene 3 2 4 2.90805 0 2 2.90805 1
gene 3 3 4 4.87497 0 3 4.87497 0
gene 3 3 15 0.289354 0 25 0.289354 0
gene 3 15 4 2.91296 0 26 2.91296 1
gene 1 1 15 -1.33572 0 74 -1.33572 1
gene 3 3 33 0.221441 0 78 0.221441 1
gene 3 33 15 4.27671 0 79 4.27671 1
genomeend 142

/* Organism #143 Fitness: 3.99782 Error: 2.00054 */
genomestart 143
trait 1 0.1 0 0.0271082 0 0 0 0 0.00236717 
trait 2 0.1875 0 0.0112574 0.0282795 0 0 0.0547158 0 
trait 3 0.3 0 0 0.00612653 0.0481452 0 0 0 
node 1 1 1 3
node 2 1 1 1
node 3 1 1 1
node 4 3 0 2
node 15 1 0 0
node 33 1 0 0
gene 2 1 4 -3.71219 0 1 -3.71219 1
gene 1 2 4 4.42872 0 2 4.42872 1
gene 3 3 4 1.79024 0 3 1.79024 0
gene 3 3 15 -1.44269 0 25 -1.44269 0
gene 3 15 4 6.02033 0 26 6.02033 1
gene 1 1 15 0.358653 0 74 0.358653 1
gene 3 3 33 -1.64549 0 78 -1.64549 1
gene 3 33 15 0.118199 0 79 0.118199 1
genomeend 143

/* Organism #144 Fitness: 4.00001 Error: 2 */
genomestart 144
trait 1 0.1 0 0.0271082 0 0 0 0 0.00236717 
trait 2 0.1875 0 0.0112574 0.0282795 0 0 0.0547158 0 
trait 3 0.3 0 0 0.00612653 0.0481452 0 0 0 
node 1 1 1 3
node 2 1 1 1
node 3 1 1 1
node 4 3 0 2
node 15 1 0 0
node 33 1 0 0
gene 2 1 4 -2.82407 0 1 -2.82407 1
gene 1 2 4 4.42872 0 2 4.42872 1
gene 3 3 4 3.83785 0 3 3.83785 0
gene 3 3 15 1.99106 0 25 1.99106 0
gene 3 15 4 3.83785 0 26 0 1
gene 1 1 15 -0.136076 0 74 -0.136076 1
gene 3 3 33 1 0 78 0 1
gene 3 33 15 1.99106 0 79 0 1
gene 2 1 33 0.765875 0 93 0.765875 1
genomeend 144

/* Organism #145 Fitness: 4 Error: 2 */
genomestart 145
trait 1 0.1 0 0.0271082 0 0 0 0 0.00236717 
trait 2 0.1875 0 0.0112574 0.0282795 0 0 0.0547158 0 
trait 3 0.3 0 0 0.00612653 0.0481452 0 0 0 
node 1 1 1 3
node 2 1 1 1
node 3 1 1 1
node 4 3 0 2
node 15 1 0 0
node 33 1 0 0
gene 2 1 4 -2.21382 0 1 -2.21382 1
gene 1 2 4 2.49407 0 2 2.49407 1
gene 3 3 4 6.19635 0 3 6.19635 0
gene 3 3 15 0.629915 0 25 0.629915 0
gene 3 15 4 5.72782 0 26 5.72782 1
gene 1 1 15 1.38013 0 74 1.38013 1
gene 3 3 33 2.69322 0 78 2.69322 1
gene 3 33 15 0.759979 0 79 0.759979 1
genomeend 145

/* Organism #146 Fitness: 4 Error: 2 */
genomestart 146
trait 1 0.1 0 0.0271082 0 0 0 0 0.00236717 
trait 2 0.1875 0 0.0112574 0.0282795 0 0 0.0547158 0 
trait 3 0.3 0 0 0.00612653 0.0481452 0 0 0 
node 1 1 1 3
node 2 1 1 1
node 3 1 1 1
node 4 3 0 2
node 15 1 0 0
node 33 1 0 0
gene 2 1 4 -2.53193 0 1 -2.53193 1
gene 1 2 4 2.76734 0 2 2.76734 1
gene 3 3 4 3.26435 0 3 3.26435 0
gene 3 3 15 3.42061 0 25 3.42061 0
gene 3 15 4 5.72191 0 26 5.72191 1
gene 1 1 15 -0.474295 0 74 -0.474295 1
gene 3 3 33 -0.0443013 0 78 -0.0443013 1
gene 3 33 15 4.13083 0 79 4.13083 1
genomeend 146

/* Organism #147 Fitness: 3.95801 Error: 2.01053 */
genomestart 147
trait 1 0.1 0 0.0271082 0 0 0 0 0.00236717 
trait 2 0.1875 0 0.0112574 0.0282795 0 0 0.0547158 0 
trait 3 0.3 0 0 0.00612653 0.110613 0 0 0 
node 1 1 1 3
node 2 1 1 1
node 3 1 1 1
node 4 3 0 2
node 15 1 0 0
node 33 1 0 0
gene 2 1 4 -2.83711 0 1 -2.83711 1
gene 3 2 4 4.38851 0 2 4.38851 1
gene 3 3 4 4.84938 0 3 4.84938 0
gene 3 3 15 3.84393 0 25 3.84393 0
gene 3 15 4 1.93667 0 26 1.93667 1
gene 1 1 15 -0.0898061 0 74 -0.0898061 1
gene 3 3 33 -1.40484 0 78 -1.40484 1
gene 3 33 15 2.007 0 79 2.007 1
genomeend 147

/* Organism #148 Fitness: 4 Error: 2 */
genomestart 148
trait 1 0.1 0 0.0271082 0 0 0 0 0.00236717 
trait 2 0.1875 0 0.0112574 0.0282795 0 0 0.0547158 0 
trait 3 0.3 0 0 0.00612653 0.0481452 0 0 0 
node 1 1 1 3
node 2 1 1 1
node 3 1 1 1
node 4 3 0 2
node 15 1 0 0
node 33 1 0 0
gene 2 1 4 -2.64756 0 1 -2.64756 1
gene 1 2 4 5.57178 0 2 5.57178 1
gene 3 3 4 4.37052 0 3 4.37052 0
gene 3 3 15 4.22494 0 25 4.22494 0
gene 3 15 4 6.19851 0 26 6.19851 1
gene 1 1 15 0.291247 0 74 0.291247 1
gene 3 3 33 1.20225 0 78 1.20225 1
gene 3 33 15 0.491849 0 79 0.491849 1
genomeend 148

/* Organism #149 Fitness: 4 Error: 2 */
genomestart 149
trait 1 0.1 0 0.0271082 0 0 0 0 0.00236717 
trait 2 0.1875 0 0.0112574 0.0282795 0 0 0.0547158 0 
trait 3 0.3 0 0 0.00612653 0.0481452 0 0 0 
node 1 1 1 3
node 2 1 1 1
node 3 1 1 1
node 4 3 0 2
node 15 1 0 0
node 33 1 0 0
gene 2 1 4 -4.33284 0 1 -4.33284 1
gene 1 2 4 3.56434 0 2 3.56434 1
gene 3 3 4 5.78954 0 3 5.78954 0
gene 3 3 15 -0.387947 0 25 -0.387947 0
gene 3 15 4 6.02441 0 26 6.02441 1
gene 1 1 15 0.760076 0 74 0.760076 1
gene 3 3 33 -0.0771374 0 78 -0.0771374 1
gene 3 33 15 2.49106 0 79 2.49106 1
genomeend 149
