
/* Species #1 : (Size 12) (AF 7.45255) (Age 21)  */


/* Organism #0 Fitness: 9 Error: 1 */
genomestart 0
trait 1 0.1 0 0.00174517 0 0.13815 0 0.586074 0.835806 
trait 2 0.155885 0 0.0124087 0 0 0.0225817 0 0 
trait 3 0.239593 0 0 0.233431 0.247783 0.0985939 0 0 
node 1 2 1 3
node 2 3 1 1
node 3 1 1 1
node 4 3 0 2
gene 1 1 4 -4.00177 0 1 -4.00177 1
gene 2 2 4 -8 0 2 -8 1
gene 3 3 4 8 0 3 8 1
genomeend 0

/* Organism #1 Fitness: 8.99902 Error: 1.00016 */
genomestart 1
trait 1 0.1 0.228106 0.00136342 0 0.107929 0 0.512815 0.663051 
trait 2 0.155272 0 0.0125811 0 0 0.0228953 0 0 
trait 3 0.204045 0.114343 0 0.261962 0.232296 0.110618 0 0 
node 1 2 1 3
node 2 3 1 1
node 3 1 1 1
node 4 3 0 2
gene 1 1 4 -4.52403 0 1 -4.52403 1
gene 2 2 4 -5.96335 0 2 -5.96335 1
gene 3 3 4 6.29483 0 3 6.29483 1
genomeend 1

/* Organism #2 Fitness: 9 Error: 1 */
genomestart 2
trait 1 0.1 0 0.00174517 0 0.13815 0 0.586074 0.835806 
trait 2 0.155885 0 0.0124087 0 0 0.0225817 0 0 
trait 3 0.239593 0 0 0.233431 0.247783 0.0985939 0 0 
node 1 2 1 3
node 2 3 1 1
node 3 1 1 1
node 4 3 0 2
gene 1 1 4 -3.71568 0 1 -3.71568 1
gene 2 2 4 -7.5069 0 2 -7.5069 1
gene 3 3 4 7.97025 0 3 7.97025 1
genomeend 2

/* Organism #3 Fitness: 4 Error: 2 */
genomestart 3
trait 1 0.1 0.228106 0.00136342 0 0.107929 0 0.512815 0.663051 
trait 2 0.155272 0 0.0125811 0 0 0.0228953 0 0 
trait 3 0.204045 0.114343 0 0.261962 0.232296 0.110618 0 0 
node 1 2 1 3
node 2 3 1 1
node 3 1 1 1
node 4 3 0 2
gene 1 1 4 -3.48989 0 1 -3.48989 1
gene 2 2 4 -8 0 2 -8 1
gene 3 3 4 -2.08044 0 3 -2.08044 1
genomeend 3

/* Organism #4 Fitness: 8.26906 Error: 1.1244 */
genomestart 4
trait 1 0.1 0 0.00174517 0 0.13815 0 0.586074 0.835806 
trait 2 0.155885 0 0.0124087 0 0 0.0225817 0 0 
trait 3 0.239593 0 0 0.233431 0.247783 0.0985939 0 0 
node 1 2 1 3
node 2 3 1 1
node 3 1 1 1
node 4 3 0 2
gene 1 1 4 -6.37585 0 1 -6.37585 1
gene 2 2 4 -6.79658 0 2 -6.79658 1
gene 3 3 4 6.77213 0 3 6.77213 1
genomeend 4

/* Organism #5 Fitness: 9 Error: 1 */
genomestart 5
trait 1 0.1 0.114053 0.00155429 0 0.123039 0 0.549444 0.749428 
trait 2 0 0 0.0124949 0 0 0 0 0.292499 
trait 3 0.221819 0.0571716 0 0.247696 0.240039 0.104606 0 0 
node 1 2 1 3
node 2 3 1 1
node 3 1 1 1
node 4 3 0 2
gene 1 1 4 -4.00177 0 1 -4.00177 1
gene 2 2 4 -8 0 2 -8 1
gene 3 3 4 8 0 3 8 1
genomeend 5

/* Organism #6 Fitness: 8.755 Error: 1.04112 */
genomestart 6
trait 1 0.1 0 0.00174517 0 0.13815 0 0.586074 0.835806 
trait 2 0.155885 0 0.0124087 0 0 0.0225817 0 0 
trait 3 0.239593 0 0 0.233431 0.247783 0.0985939 0 0 
node 1 2 1 3
node 2 3 1 1
node 3 1 1 1
node 4 3 0 2
gene 1 1 4 -1.84354 0 1 -1.84354 1
gene 2 2 4 -5.56935 0 2 -5.56935 1
gene 3 3 4 6.77274 0 3 6.77274 1
genomeend 6

/* Organism #7 Fitness: 9 Error: 1 */
genomestart 7
trait 1 0.1 0.228106 0.00136342 0 0.107929 0 0.512815 0.663051 
trait 2 0.155272 0 0.0125811 0 0 0.0228953 0 0 
trait 3 0.204045 0.114343 0 0.261962 0.232296 0.110618 0 0 
node 1 2 1 3
node 2 3 1 1
node 3 1 1 1
node 4 3 0 2
gene 1 1 4 -4.00177 0 1 -4.00177 1
gene 2 2 4 -8 0 2 -8 1
gene 3 3 4 8 0 3 8 1
genomeend 7

/* Organism #8 Fitness: 3.0842 Error: 2.24381 */
genomestart 8
trait 1 0.1 0.228106 0.00136342 0 0.107929 0 0.512815 0.663051 
trait 2 0.155272 0 0.0125811 0 0 0.0228953 0 0 
trait 3 0.204045 0.114343 0 0.674661 0 0.935498 0 0.0212 
node 1 2 1 3
node 2 3 1 1
node 3 1 1 1
node 4 3 0 2
gene 1 1 4 -0.229161 0 1 -0.229161 1
gene 2 2 4 -6.79039 0 2 -6.79039 1
gene 3 3 4 -1.26521 0 3 -1.26521 1
genomeend 8

/* Organism #9 Fitness: 6.85929 Error: 1.38098 */
genomestart 9
trait 1 0.1 0 0 0 0 0 0 0 
trait 2 0.2 0 0 0 0 0 0 0 
trait 3 0.974033 0 0 0 0 0 0 0 
node 1 2 1 3
node 2 2 1 1
node 3 1 1 1
node 4 1 0 2
gene 1 1 4 -0.56594 0 1 -0.56594 1
gene 3 2 4 0.716285 0 2 0.716285 1
gene 2 3 4 3.02323 0 3 3.02323 1
genomeend 9

/* Organism #10 Fitness: 8.91776 Error: 1.01374 */
genomestart 10
trait 1 0.1 0 0 0 0 0 0 0 
trait 2 0.2 0 0 0 0 0 0 0 
trait 3 0.974033 0 0 0 0 0 0 0 
node 1 2 1 3
node 2 2 1 1
node 3 1 1 1
node 4 1 0 2
gene 1 1 4 -2.89941 0 1 -2.89941 1
gene 3 2 4 8 0 2 8 1
gene 2 3 4 3.7673 0 3 3.7673 1
genomeend 10

/* Organism #11 Fitness: 4.54629 Error: 1.8678 */
genomestart 11
trait 1 0.1 0 0 0 0 0 0 0 
trait 2 0.2 0 0 0 0 0 0 0 
trait 3 0.974033 0 0 0 0 0 0 0 
node 1 2 1 3
node 2 2 1 1
node 3 1 1 1
node 4 1 0 2
gene 1 1 4 -3.69213 0 1 -3.69213 1
gene 3 2 4 -0.316339 0 2 -0.316339 1
gene 2 3 4 3.37718 0 3 3.37718 1
genomeend 11

/* Species #2 : (Size 7) (AF 6.48504) (Age 18)  */


/* Organism #12 Fitness: 8.99289 Error: 1.00119 */
genomestart 12
trait 1 0.1 0 0 0 0 0 0 0 
trait 2 0.2 0 0 0 0 0 0 0 
trait 3 0.974033 0 0 0 0 0 0 0 
node 1 2 1 3
node 2 2 1 1
node 3 1 1 1
node 4 1 0 2
gene 1 1 4 -1.47862 0 1 -1.47862 1
gene 3 2 4 8 0 2 8 1
gene 2 3 4 3.02323 0 3 3.02323 1
genomeend 12

/* Organism #13 Fitness: 4.11406 Error: 1.97168 */
genomestart 13
trait 1 0.1 0 0 0 0 0 0 0 
trait 2 0.2 0 0 0 0 0 0 0 
trait 3 0.974033 0 0 0 0 0 0 0 
node 1 2 1 3
node 2 3 1 1
node 3 1 1 1
node 4 1 0 2
gene 1 1 4 0.153951 0 1 0.153951 1
gene 3 2 4 8 0 2 8 1
gene 2 3 4 0.0271461 0 3 0.0271461 1
genomeend 13

/* Organism #14 Fitness: 4.34933 Error: 1.9145 */
genomestart 14
trait 1 0.1 0 0 0 0 0 0 0 
trait 2 0.2 0 0 0 0 0 0 0 
trait 3 0.974033 0 0 0 0 0 0 0 
node 1 2 1 3
node 2 3 1 1
node 3 1 1 1
node 4 1 0 2
gene 1 1 4 0.481243 0 1 0.481243 1
gene 3 2 4 8 0 2 8 1
gene 2 3 4 2.08091 0 3 2.08091 1
genomeend 14

/* Organism #15 Fitness: 4.15577 Error: 1.96143 */
genomestart 15
trait 1 0.1 0 0 0 0 0 0 0 
trait 2 0.2 0 0 0 0 0 0 0 
trait 3 0.974033 0.10491 0.214881 0 0.00923034 0 0 0.351915 
node 1 2 1 3
node 2 2 1 1
node 3 1 1 1
node 4 1 0 2
gene 1 1 4 0.653077 0 1 0.653077 1
gene 3 2 4 6.80764 0 2 6.80764 1
gene 2 3 4 4.36108 0 3 4.36108 1
genomeend 15

/* Organism #16 Fitness: 6.19235 Error: 1.51156 */
genomestart 16
trait 1 0.1 0 0 0 0 0 0 0 
trait 2 0.2 0 0 0 0 0 0 0 
trait 3 0.974033 0 0 0 0 0 0 0 
node 1 2 1 3
node 2 3 1 1
node 3 1 1 1
node 4 1 0 2
node 68 1 0 0
gene 1 1 4 -1.02028 0 1 -1.02028 1
gene 3 2 4 8 0 2 8 1
gene 2 3 4 2.04834 0 3 2.04834 0
gene 2 3 68 1 0 189 0 1
gene 2 68 4 2.04834 0 190 0 1
genomeend 16

/* Organism #17 Fitness: 8.95476 Error: 1.00755 */
genomestart 17
trait 1 0.1 0 0 0 0 0 0 0 
trait 2 0.2 0 0 0 0 0 0 0 
trait 3 0.974033 0 0 0 0 0 0 0 
node 1 2 1 3
node 2 3 1 1
node 3 1 1 1
node 4 1 0 2
gene 1 1 4 -0.99075 0 1 -0.99075 1
gene 3 2 4 8 0 2 8 1
gene 2 3 4 4.08153 0 3 4.08153 1
genomeend 17

/* Organism #18 Fitness: 8.6361 Error: 1.06128 */
genomestart 18
trait 1 0.1 0 0 0 0 0 0 0 
trait 2 0.2 0 0 0 0 0 0.145205 0 
trait 3 0.317704 0.0230737 0.0476393 0 0 0 0.0643845 0 
node 1 2 1 3
node 2 2 1 1
node 3 1 1 1
node 4 1 0 2
node 7 3 0 0
gene 3 1 4 -1.76858 0 1 -1.76858 1
gene 2 2 4 4.04696 0 2 4.04696 1
gene 2 3 4 2.32344 0 3 2.32344 1
gene 3 2 7 2.94379 0 8 2.94379 1
gene 3 7 4 5.87943 0 9 5.87943 0
genomeend 18

/* Species #4 : (Size 8) (AF 8.32127) (Age 15)  */


/* Organism #19 Fitness: 8.99998 Error: 1 */
genomestart 19
trait 1 0.1 0 0 0 0 0 0 0 
trait 2 0.2 0 0 0 0 0 0 0 
trait 3 0.3 0 0 0.314542 0 0.421014 0 0.468844 
node 1 2 1 3
node 2 3 1 1
node 3 2 1 1
node 4 3 0 2
node 7 1 0 0
node 14 1 0 0
node 37 1 0 0
node 58 1 0 0
gene 1 1 4 -3.0767 0 1 -3.0767 1
gene 3 2 4 6.77967 0 2 6.77967 1
gene 2 3 4 5.55773 0 3 5.55773 1
gene 3 2 7 4.66501 0 8 4.66501 1
gene 3 7 4 -1.36942 0 9 -1.36942 0
gene 3 3 7 7.54588 0 14 7.54588 1
gene 3 7 14 -0.8034 0 27 -0.8034 1
gene 3 14 4 -0.754629 0 28 -0.754629 0
gene 3 14 37 2.76408 0 92 2.76408 0
gene 3 37 4 0.594498 0 93 0.594498 1
gene 3 14 58 1 0 156 1 1
gene 3 58 37 -0.456303 0 157 -0.456303 1
genomeend 19

/* Organism #20 Fitness: 8.99603 Error: 1.00066 */
genomestart 20
trait 1 0.1 0 0 0 0 0 0 0 
trait 2 0.2 0 0 0 0 0 0 0 
trait 3 0.3 0 0 0.314542 0 0.421014 0 0.468844 
node 1 2 1 3
node 2 3 1 1
node 3 2 1 1
node 4 3 0 2
node 7 1 0 0
node 14 1 0 0
node 37 1 0 0
node 58 1 0 0
gene 1 1 4 -4.57744 0 1 -4.57744 1
gene 3 2 4 4.14669 0 2 4.14669 1
gene 2 3 4 5.64629 0 3 5.64629 1
gene 3 2 7 5.7879 0 8 5.7879 1
gene 3 7 4 1.05348 0 9 1.05348 1
gene 3 3 7 5.66867 0 14 5.66867 1
gene 3 7 14 1.6655 0 27 1.6655 1
gene 3 14 4 -2.53232 0 28 -2.53232 0
gene 3 14 37 1.8774 0 92 1.8774 0
gene 3 37 4 1.72637 0 93 1.72637 1
gene 3 14 58 -1.35487 0 156 -1.35487 1
gene 3 58 37 0.317222 0 157 0.317222 1
genomeend 20

/* Organism #21 Fitness: 3.93193 Error: 2.01709 */
genomestart 21
trait 1 0.1 0 0 0 0 0 0 0 
trait 2 0.2 0 0 0 0 0 0 0 
trait 3 0.3 0 0 0.314542 0 0.421014 0 0.468844 
node 1 2 1 3
node 2 3 1 1
node 3 2 1 1
node 4 3 0 2
node 7 1 0 0
node 14 1 0 0
node 37 1 0 0
node 58 1 0 0
gene 3 1 4 -0.759833 0 1 -0.759833 1
gene 3 2 4 -0.300041 0 2 -0.300041 1
gene 2 3 4 6.05369 0 3 6.05369 1
gene 3 2 7 1.08275 0 8 1.08275 1
gene 3 7 4 2.65652 0 9 2.65652 0
gene 3 3 7 7.24298 0 14 7.24298 1
gene 3 7 14 2.21022 0 27 2.21022 1
gene 3 14 4 0.150142 0 28 0.150142 0
gene 3 14 37 -0.576579 0 92 -0.576579 0
gene 3 37 4 -2.24902 0 93 -2.24902 1
gene 3 14 58 2.41111 0 156 2.41111 1
gene 3 58 37 -1.13726 0 157 -1.13726 1
genomeend 21

/* Organism #22 Fitness: 8.99994 Error: 1.00001 */
genomestart 22
trait 1 0.1 0 0 0 0 0 0 0 
trait 2 0.2 0 0 0 0 0 0 0 
trait 3 0.3 0 0 0.314542 0 0.421014 0 0.468844 
node 1 2 1 3
node 2 3 1 1
node 3 2 1 1
node 4 3 0 2
node 7 1 0 0
node 14 1 0 0
node 37 1 0 0
node 58 1 0 0
gene 3 1 4 -2.42596 0 1 -2.42596 1
gene 3 2 4 5.67887 0 2 5.67887 1
gene 2 3 4 4.98032 0 3 4.98032 1
gene 3 2 7 3.98622 0 8 3.98622 1
gene 3 7 4 -0.169358 0 9 -0.169358 0
gene 3 3 7 7.77294 0 14 7.77294 1
gene 3 7 14 -0.181477 0 27 -0.181477 1
gene 3 14 4 -0.302244 0 28 -0.302244 0
gene 3 14 37 1.88264 0 92 1.88264 0
gene 3 37 4 0.0374764 0 93 0.0374764 1
gene 3 14 58 1 0 156 0.5 1
gene 3 58 37 0.27245 0 157 -0.228152 1
genomeend 22

/* Organism #23 Fitness: 8.98411 Error: 1.00265 */
genomestart 23
trait 1 0.1 0 0 0 0 0 0 0 
trait 2 0.2 0 0 0 0 0 0 0 
trait 3 0.3 0 0 0.314542 0 0.421014 0 0.468844 
node 1 2 1 3
node 2 3 1 1
node 3 2 1 1
node 4 3 0 2
node 7 1 0 0
node 14 1 0 0
node 37 1 0 0
node 58 1 0 0
gene 3 1 4 -1.77521 0 1 -1.77521 1
gene 3 2 4 4.57807 0 2 4.57807 1
gene 2 3 4 5.55773 0 3 5.55773 1
gene 3 2 7 4.66501 0 8 4.66501 1
gene 3 7 4 1.03071 0 9 1.03071 0
gene 3 3 7 8 0 14 8 1
gene 3 7 14 -0.8034 0 27 -0.8034 1
gene 3 14 4 -0.754629 0 28 -0.754629 0
gene 3 14 37 1.0012 0 92 1.0012 0
gene 3 37 4 0.594498 0 93 0.594498 1
gene 3 14 58 1 0 156 1 1
gene 3 58 37 1.0012 0 157 0 1
genomeend 23

/* Organism #24 Fitness: 8.99998 Error: 1 */
genomestart 24
trait 1 0.1 0 0 0 0 0 0 0 
trait 2 0.2 0 0 0 0 0 0 0 
trait 3 0.3 0 0 0.314542 0 0.421014 0 0.468844 
node 1 2 1 3
node 2 3 1 1
node 3 2 1 1
node 4 3 0 2
node 7 1 0 0
node 14 1 0 0
node 37 1 0 0
node 58 1 0 0
gene 1 1 4 -3.0767 0 1 -3.0767 1
gene 3 2 4 6.77967 0 2 6.77967 1
gene 2 3 4 5.55773 0 3 5.55773 1
gene 3 2 7 4.66501 0 8 4.66501 1
gene 3 7 4 -1.36942 0 9 -1.36942 0
gene 3 3 7 7.54588 0 14 7.54588 1
gene 3 7 14 -0.8034 0 27 -0.8034 1
gene 3 14 4 -0.754629 0 28 -0.754629 0
gene 3 14 37 2.76408 0 92 2.76408 0
gene 3 37 4 0.594498 0 93 0.594498 1
gene 3 14 58 1 0 156 1 1
gene 3 58 37 -0.456303 0 157 -0.456303 1
genomeend 24

/* Organism #25 Fitness: 8.72199 Error: 1.0467 */
genomestart 25
trait 1 0.1 0 0 0 0 0 0 0 
trait 2 0.2 0 0 0 0 0 0 0 
trait 3 0.3 0 0 0.314542 0 0.421014 0 0.468844 
node 1 2 1 3
node 2 3 1 1
node 3 2 1 1
node 4 3 0 2
node 7 1 0 0
node 14 1 0 0
node 37 1 0 0
node 58 1 0 0
gene 1 1 4 -0.814599 0 1 -0.814599 1
gene 3 2 4 4.72109 0 2 4.72109 1
gene 2 3 4 5.08891 0 3 5.08891 1
gene 3 2 7 2.35678 0 8 2.35678 1
gene 3 7 4 3.17739 0 9 3.17739 0
gene 3 3 7 8 0 14 8 1
gene 3 7 14 1.39255 0 27 1.39255 1
gene 3 14 4 -1.17358 0 28 -1.17358 0
gene 3 14 37 4.24368 0 92 4.24368 0
gene 3 37 4 0.917272 0 93 0.917272 1
gene 3 14 58 -0.479703 0 156 -0.479703 1
gene 3 58 37 -2.78615 0 157 -2.78615 1
genomeend 25

/* Organism #26 Fitness: 8.9362 Error: 1.01065 */
genomestart 26
trait 1 0.1 0 0 0 0 0 0 0 
trait 2 0.2 0 0 0 0 0 0 0 
trait 3 0 0 0.371796 0.314542 0.0496367 0.421014 0.901674 0.812347 
node 1 2 1 3
node 2 3 1 1
node 3 2 1 1
node 4 3 0 2
node 7 1 0 0
node 14 1 0 0
node 37 1 0 0
node 58 1 0 0
gene 1 1 4 -4.34708 0 1 -4.34708 1
gene 3 2 4 4.8736 0 2 4.8736 1
gene 2 3 4 5.34583 0 3 5.34583 1
gene 3 2 7 4.57528 0 8 4.57528 1
gene 3 7 4 -3.85466 0 9 -3.85466 0
gene 3 3 7 5.58559 0 14 5.58559 1
gene 3 7 14 -1.0732 0 27 -1.0732 1
gene 3 14 4 -1.88159 0 28 -1.88159 0
gene 3 14 37 3.81555 0 92 3.81555 0
gene 3 37 4 0.867406 0 93 0.867406 1
gene 3 14 58 0.515193 0 156 0.515193 1
gene 3 58 37 -0.0386528 0 157 -0.0386528 1
genomeend 26

/* Species #6 : (Size 8) (AF 5.24837) (Age 13)  */


/* Organism #27 Fitness: 8.99831 Error: 1.00028 */
genomestart 27
trait 1 0.05 0.215559 0 0 0.319491 0 0 0 
trait 2 0.2 0 0 0 0 0 0 0 
trait 3 0.321236 0 0 0 0 0 0 0 
node 1 2 1 3
node 2 3 1 1
node 3 2 1 1
node 4 3 0 2
node 7 1 0 0
node 17 1 0 0
gene 3 1 4 -1.69324 0 1 -1.69324 1
gene 3 2 4 -2.11906 0 2 -2.11906 0
gene 2 3 4 -1.01764 0 3 -1.01764 1
gene 3 2 7 -1.7047 0 8 -1.7047 0
gene 3 7 4 4.45238 0 9 4.45238 1
gene 3 3 7 2.73123 0 14 2.73123 1
gene 3 2 17 1.15477 0 37 1.15477 1
gene 3 17 7 -3.83566 0 38 -3.83566 1
genomeend 27

/* Organism #28 Fitness: 4 Error: 2 */
genomestart 28
trait 1 0.05 0.215559 0 0 0.319491 0 0 0 
trait 2 0.1 0 0 0 0 0.0148417 0 0.290872 
trait 3 0.321236 0 0 0 0 0 0 0 
node 1 2 1 3
node 2 3 1 1
node 3 2 1 1
node 4 3 0 2
node 7 1 0 0
node 17 1 0 0
gene 3 1 4 -3.81627 0 1 -3.81627 1
gene 3 2 4 -2.6832 0 2 -2.6832 1
gene 2 3 4 -2.51979 0 3 -2.51979 1
gene 3 2 7 -1.85448 0 8 -1.85448 0
gene 3 7 4 3.55703 0 9 3.55703 1
gene 3 3 7 3.90489 0 14 3.90489 1
gene 3 2 17 -0.0514157 0 37 -0.0514157 1
gene 3 17 7 -3.8767 0 38 -3.8767 1
genomeend 28

/* Organism #29 Fitness: 3.96679 Error: 2.00832 */
genomestart 29
trait 1 0.781659 0.714013 0 0 0.530496 0 0 0 
trait 2 0.2 0 0 0 0 0 0 0 
trait 3 0.321236 0 0 0 0 0 0 0 
node 1 2 1 3
node 2 3 1 1
node 3 2 1 1
node 4 3 0 2
node 7 1 0 0
node 17 1 0 0
gene 3 1 4 -0.986058 0 1 -0.986058 1
gene 3 2 4 -1.97174 0 2 -1.97174 0
gene 2 3 4 -1.37207 0 3 -1.37207 1
gene 3 2 7 -0.478021 0 8 -0.478021 0
gene 3 7 4 4.45238 0 9 4.45238 1
gene 3 3 7 1.94312 0 14 1.94312 1
gene 3 2 17 -2.2118 0 37 -2.2118 1
gene 3 17 7 -4.36304 0 38 -4.36304 1
genomeend 29

/* Organism #30 Fitness: 4.01926 Error: 1.99519 */
genomestart 30
trait 1 0.05 0.215559 0.574578 0 0 0 0 0 
trait 2 0.1 0 0 0 0 0.0148417 0 0.290872 
trait 3 0.321236 0 0 0 0 0 0 0 
node 1 1 1 3
node 2 3 1 1
node 3 2 1 1
node 4 3 0 2
node 7 1 0 0
node 17 1 0 0
gene 2 1 4 -3.12752 0 1 -3.12752 1
gene 3 2 4 0.398915 0 2 0.398915 1
gene 2 3 4 1.17444 0 3 1.17444 1
gene 3 2 7 -1.25993 0 8 -1.25993 0
gene 3 7 4 3.36212 0 9 3.36212 1
gene 3 3 7 4.29095 0 14 4.29095 1
gene 3 2 17 -1.77125 0 37 -1.77125 1
gene 3 17 7 -4.00975 0 38 -4.00975 1
genomeend 30

/* Organism #31 Fitness: 4.00498 Error: 1.99875 */
genomestart 31
trait 1 0.05 0.215559 0.168373 0 0.163769 0 0 0 
trait 2 0.1 0 0 0 0 0.0148417 0 0.290872 
trait 3 0.321236 0 0 0 0 0 0 0 
node 1 1 1 3
node 2 3 1 1
node 3 2 1 1
node 4 3 0 2
node 7 1 0 0
node 17 1 0 0
gene 3 1 4 -0.111981 0 1 -0.111981 1
gene 3 2 4 0.425193 0 2 0.425193 0
gene 2 3 4 -0.726553 0 3 -0.726553 1
gene 3 2 7 0.148817 0 8 0.148817 1
gene 3 7 4 8 0 9 8 1
gene 3 3 7 1.08966 0 14 1.08966 1
gene 3 2 17 2.18895 0 37 2.18895 1
gene 3 17 7 -4.68503 0 38 -4.68503 1
genomeend 31

/* Organism #32 Fitness: 8.99758 Error: 1.0004 */
genomestart 32
trait 1 0.05 0.215559 0 0 0.319491 0 0 0 
trait 2 0.2 0 0 0 0 0 0 0 
trait 3 0.321236 0 0 0 0 0 0 0 
node 1 2 1 3
node 2 3 1 1
node 3 2 1 1
node 4 3 0 2
node 7 1 0 0
node 17 1 0 0
gene 3 1 4 -1.6048 0 1 -1.6048 1
gene 3 2 4 -3.19394 0 2 -3.19394 0
gene 2 3 4 0.0159959 0 3 0.0159959 1
gene 3 2 7 -3.55108 0 8 -3.55108 0
gene 3 7 4 6.56765 0 9 6.56765 1
gene 1 3 7 3.64982 0 14 3.64982 1
gene 3 2 17 2.35378 0 37 2.35378 1
gene 3 17 7 -5.34998 0 38 -5.34998 1
genomeend 32

/* Organism #33 Fitness: 4 Error: 2 */
genomestart 33
trait 1 0.05 0.215559 0 0 0.319491 0 0 0 
trait 2 0 0 0 0 0 0.0296835 0 0.581744 
trait 3 0.321236 0 0 0 0 0 0 0 
node 1 1 1 3
node 2 3 1 1
node 3 2 1 1
node 4 3 0 2
node 7 1 0 0
node 17 1 0 0
gene 3 1 4 -2.11153 0 1 -2.11153 1
gene 3 2 4 -0.433982 0 2 -0.433982 0
gene 2 3 4 2.25224 0 3 2.25224 1
gene 3 2 7 -1.9384 0 8 -1.9384 0
gene 3 7 4 7.02279 0 9 7.02279 1
gene 3 3 7 3.73932 0 14 3.73932 1
gene 3 2 17 0.00888217 0 37 0.00888217 1
gene 3 17 7 1.14769 0 38 1.14769 1
genomeend 33

/* Organism #34 Fitness: 4 Error: 2 */
genomestart 34
trait 1 0.05 0.215559 0 0 0.319491 0 0 0 
trait 2 0 0 0 0 0 0.0296835 0 0.581744 
trait 3 0.321236 0 0 0 0 0 0 0 
node 1 1 1 3
node 2 3 1 1
node 3 2 1 1
node 4 3 0 2
node 7 1 0 0
node 17 1 0 0
gene 3 1 4 -3.7443 0 1 -3.7443 1
gene 3 2 4 -2.27908 0 2 -2.27908 0
gene 2 3 4 -1.37798 0 3 -1.37798 1
gene 3 2 7 0.33729 0 8 0.33729 0
gene 3 7 4 6.46297 0 9 6.46297 1
gene 3 3 7 0.470981 0 14 0.470981 1
gene 3 2 17 0.855589 0 37 0.855589 1
gene 3 17 7 -1.45413 0 38 -1.45413 1
genomeend 34

/* Species #7 : (Size 6) (AF 6.5) (Age 13)  */


/* Organism #35 Fitness: 9 Error: 1 */
genomestart 35
trait 1 0.05 0.215559 0.0339564 0 0.289638 0.0252506 0 0 
trait 2 0.2 0 0 0 0 0 0 0 
trait 3 0.321236 0 0 0 0 0 0 0 
node 1 3 1 3
node 2 3 1 1
node 3 2 1 1
node 4 3 0 2
node 7 1 0 0
node 18 1 0 0
gene 3 1 4 -4.06472 0 1 -4.06472 1
gene 3 2 4 -1.54048 0 2 -1.54048 0
gene 2 3 4 -0.24527 0 3 -0.24527 0
gene 3 2 7 -2.57873 0 8 -2.57873 1
gene 3 7 4 6.45857 0 9 6.45857 1
gene 3 3 7 2.58162 0 14 2.58162 1
gene 2 3 18 1.89644 0 40 1.89644 1
gene 2 18 4 0.903141 0 41 0.903141 1
gene 2 1 7 -1.00325 0 145 -1.00325 1
genomeend 35

/* Organism #36 Fitness: 4.00005 Error: 1.99999 */
genomestart 36
trait 1 0.05 0.215559 0.0367861 0 0.287151 0.0273548 0 0 
trait 2 0.2 0 0 0 0 0 0 0 
trait 3 0.321236 0 0 0 0 0 0 0 
node 1 3 1 3
node 2 3 1 1
node 3 2 1 1
node 4 3 0 2
node 7 2 0 0
node 18 1 0 0
gene 3 1 4 -2.31289 0 1 -2.31289 1
gene 3 2 4 1.50815 0 2 1.50815 0
gene 2 3 4 -1.15101 0 3 -1.15101 0
gene 3 2 7 -2.05628 0 8 -2.05628 1
gene 3 7 4 5.95613 0 9 5.95613 1
gene 3 3 7 0.36068 0 14 0.36068 1
gene 2 3 18 3.71974 0 40 3.71974 1
gene 2 18 4 2.04063 0 41 2.04063 1
gene 2 1 7 -2.98931 0 145 -2.98931 1
genomeend 36

/* Organism #37 Fitness: 4 Error: 2 */
genomestart 37
trait 1 0.05 0.215559 0.0339564 0 0.289638 0.0252506 0 0 
trait 2 0.2 0 0 0 0 0 0 0 
trait 3 0.321236 0 0 0 0 0 0 0 
node 1 3 1 3
node 2 3 1 1
node 3 2 1 1
node 4 3 0 2
node 7 1 0 0
node 18 1 0 0
gene 3 1 4 -4.07106 0 1 -4.07106 1
gene 3 2 4 -1.54048 0 2 -1.54048 0
gene 2 3 4 -0.24527 0 3 -0.24527 0
gene 3 2 7 -1.78193 0 8 -1.78193 1
gene 3 7 4 5.22092 0 9 5.22092 1
gene 3 3 7 0.0842356 0 14 0.0842356 1
gene 2 3 18 0.110498 0 40 0.110498 1
gene 2 18 4 2.39324 0 41 2.39324 1
gene 2 1 7 -1.91844 0 145 -1.91844 1
genomeend 37

/* Organism #38 Fitness: 8.99998 Error: 1 */
genomestart 38
trait 1 0.05 0.215559 0.0367861 0 0.287151 0.0273548 0 0 
trait 2 0.2 0 0 0 0 0 0 0 
trait 3 0.321236 0 0 0 0 0 0 0 
node 1 3 1 3
node 2 3 1 1
node 3 2 1 1
node 4 3 0 2
node 7 1 0 0
node 18 1 0 0
node 69 1 0 0
gene 3 1 4 -4.06472 0 1 -4.06472 1
gene 3 2 4 -1.76234 0 2 -1.76234 0
gene 2 3 4 -0.24527 0 3 -0.24527 0
gene 3 2 7 -2.05628 0 8 -2.30628 0
gene 3 7 4 6.45857 0 9 6.45857 1
gene 3 3 7 2.58162 0 14 2.58162 1
gene 2 3 18 1.56097 0 40 1.06097 1
gene 2 18 4 0.903141 0 41 0.903141 1
gene 2 1 7 -1.00325 0 145 -1.00325 1
gene 3 2 69 1 0 191 0 1
gene 3 69 7 -2.05628 0 192 0 1
genomeend 38

/* Organism #39 Fitness: 4 Error: 2 */
genomestart 39
trait 1 0.05 0.215559 0.0339564 0 0.289638 0.0252506 0 0 
trait 2 0.2 0 0 0 0 0 0 0 
trait 3 0.321236 0 0 0 0 0 0 0 
node 1 3 1 3
node 2 3 1 1
node 3 2 1 1
node 4 3 0 2
node 7 1 0 0
node 18 1 0 0
gene 3 1 4 -4.43577 0 1 -4.43577 1
gene 3 2 4 -3.00803 0 2 -3.00803 0
gene 2 3 4 -0.134883 0 3 -0.134883 0
gene 3 2 7 -0.234854 0 8 -0.234854 1
gene 3 7 4 7.79818 0 9 7.79818 1
gene 3 3 7 0.167953 0 14 0.167953 1
gene 2 3 18 3.9416 0 40 3.9416 1
gene 2 18 4 2.64026 0 41 2.64026 1
gene 2 1 7 0.86756 0 145 0.86756 1
genomeend 39

/* Organism #40 Fitness: 9 Error: 1 */
genomestart 40
trait 1 0.05 0.215559 0.0353713 0 0.288394 0.0263027 0 0 
trait 2 0.2 0 0 0 0 0 0 0 
trait 3 0.321236 0 0 0 0 0 0 0 
node 1 3 1 3
node 2 3 1 1
node 3 2 1 1
node 4 3 0 2
node 7 1 0 0
node 18 1 0 0
gene 3 1 4 -4.06472 0 1 -4.06472 1
gene 3 2 4 -1.76234 0 2 -1.76234 0
gene 2 3 4 -0.24527 0 3 -0.24527 0
gene 3 2 7 -2.57873 0 8 -2.57873 1
gene 3 7 4 6.45857 0 9 6.45857 1
gene 3 3 7 2.58162 0 14 2.58162 1
gene 2 3 18 1.89644 0 40 1.89644 1
gene 2 18 4 0.903141 0 41 0.903141 1
gene 2 1 7 -1.00325 0 145 -1.00325 1
genomeend 40

/* Species #8 : (Size 11) (AF 8.81412) (Age 13)  */


/* Organism #41 Fitness: 8.99998 Error: 1 */
genomestart 41
trait 1 0.08125 0 0.0898165 0 0.0623319 0.158872 0 0.034041 
trait 2 0.2 0 0 0 0 0 0 0 
trait 3 0.334508 0.0283984 0.058633 0 0 0 0.103015 0 
node 1 1 1 3
node 2 3 1 1
node 3 2 1 1
node 4 3 0 2
node 7 1 0 0
node 19 1 0 0
gene 3 1 4 -5.4492 0 1 -5.4492 1
gene 3 2 4 -5.57223 0 2 -5.57223 1
gene 2 3 4 8 0 3 8 1
gene 3 2 7 -1.95523 0 8 -1.95523 1
gene 2 7 4 1.73533 0 9 1.73533 0
gene 3 7 19 2.527 0 42 2.527 1
gene 3 19 4 -2.50192 0 43 -2.50192 1
gene 3 1 19 -6.15594 0 60 -6.15594 1
genomeend 41

/* Organism #42 Fitness: 8.99997 Error: 1.00001 */
genomestart 42
trait 1 0.08125 0 0.0898165 0 0.0623319 0.158872 0 0.034041 
trait 2 0.2 0 0 0 0 0 0 0 
trait 3 0.334508 0.0283984 0.876521 0 0 0 0.763471 0 
node 1 1 1 3
node 2 3 1 1
node 3 2 1 1
node 4 3 0 2
node 7 1 0 0
node 19 1 0 0
gene 3 1 4 -5.11126 0 1 -5.11126 1
gene 3 2 4 -5.39452 0 2 -5.39452 1
gene 2 3 4 8 0 3 8 1
gene 3 2 7 -0.478825 0 8 -0.478825 1
gene 3 7 4 3.10824 0 9 3.10824 0
gene 3 7 19 1.64227 0 42 1.64227 1
gene 3 19 4 -0.461609 0 43 -0.461609 1
gene 3 1 19 -4.82624 0 60 -4.82624 1
genomeend 42

/* Organism #43 Fitness: 8.99998 Error: 1 */
genomestart 43
trait 1 0.08125 0 0.0898165 0 0.0623319 0.158872 0 0.034041 
trait 2 0.2 0 0 0 0 0 0 0 
trait 3 0.334508 0.0283984 0.058633 0 0 0 0.103015 0 
node 1 1 1 3
node 2 3 1 1
node 3 2 1 1
node 4 3 0 2
node 7 1 0 0
node 19 1 0 0
gene 3 1 4 -5.28023 0 1 -5.28023 1
gene 3 2 4 -5.48338 0 2 -5.48338 1
gene 2 3 4 8 0 3 8 1
gene 3 2 7 -1.21703 0 8 -1.21703 1
gene 2 7 4 2.42179 0 9 2.42179 0
gene 3 7 19 2.08463 0 42 2.08463 1
gene 3 19 4 -1.48177 0 43 -1.48177 1
gene 3 1 19 -5.49109 0 60 -5.49109 1
genomeend 43

/* Organism #44 Fitness: 9 Error: 1 */
genomestart 44
trait 1 0.08125 0 0.0898165 0 0.0623319 0.158872 0 0.034041 
trait 2 0.2 0 0 0 0 0 0 0 
trait 3 0.334508 0.0283984 0.058633 0 0 0 0.103015 0 
node 1 1 1 3
node 2 3 1 1
node 3 2 1 1
node 4 3 0 2
node 7 1 0 0
node 19 1 0 0
gene 3 1 4 -3.49143 0 1 -3.49143 1
gene 3 2 4 -7.34524 0 2 -7.34524 1
gene 2 3 4 7.5087 0 3 7.5087 1
gene 3 2 7 0.687153 0 8 0.687153 1
gene 2 7 4 3.80701 0 9 3.80701 0
gene 3 7 19 0.17517 0 42 0.17517 1
gene 3 19 4 0.276634 0 43 0.276634 1
gene 3 1 19 -4.55423 0 60 -4.55423 1
genomeend 44

/* Organism #45 Fitness: 8.99809 Error: 1.00032 */
genomestart 45
trait 1 0.08125 0 0.0898165 0 0.0623319 0.158872 0 0.034041 
trait 2 0.2 0 0 0 0 0 0 0 
trait 3 0.334508 0.0283984 0.058633 0 0 0 0.103015 0 
node 1 1 1 3
node 2 3 1 1
node 3 2 1 1
node 4 3 0 2
node 7 1 0 0
node 19 1 0 0
gene 3 1 4 -6.3562 0 1 -6.3562 1
gene 3 2 4 -3.91868 0 2 -3.91868 1
gene 2 3 4 8 0 3 8 1
gene 3 2 7 -1.66165 0 8 -1.66165 1
gene 2 7 4 4.96553 0 9 4.96553 0
gene 3 7 19 1.50082 0 42 1.50082 1
gene 3 19 4 0.343767 0 43 0.343767 1
gene 2 1 19 -4.2734 0 60 -4.2734 1
gene 1 1 7 -2.60168 0 181 -2.60168 1
genomeend 45

/* Organism #46 Fitness: 8.95942 Error: 1.00677 */
genomestart 46
trait 1 0.08125 0 0.0898165 0 0.0623319 0.158872 0 0.034041 
trait 2 0.2 0 0 0 0 0 0 0 
trait 3 0.334508 0.0283984 0.058633 0 0 0 0.103015 0 
node 1 1 1 3
node 2 3 1 1
node 3 2 1 1
node 4 3 0 2
node 7 1 0 0
node 19 1 0 0
gene 3 1 4 -2.74942 0 1 -2.74942 1
gene 2 2 4 -5.74798 0 2 -5.74798 1
gene 2 3 4 7.48436 0 3 7.48436 1
gene 3 2 7 0.401006 0 8 0.401006 1
gene 2 7 4 4.59049 0 9 4.59049 0
gene 3 7 19 -0.321567 0 42 -0.321567 1
gene 3 19 4 -4.31493 0 43 -4.31493 1
gene 3 1 19 -7.52587 0 60 -7.52587 1
genomeend 46

/* Organism #47 Fitness: 8.99997 Error: 1.00001 */
genomestart 47
trait 1 0.08125 0 0.0898165 0 0.0623319 0.158872 0 0.034041 
trait 2 0.2 0 0 0 0 0 0 0 
trait 3 0.334508 0.0283984 0.058633 0 0 0 0.103015 0 
node 1 1 1 3
node 2 3 1 1
node 3 2 1 1
node 4 3 0 2
node 7 1 0 0
node 19 1 0 0
gene 3 1 4 -5.11126 0 1 -5.11126 1
gene 3 2 4 -5.39452 0 2 -5.39452 1
gene 2 3 4 8 0 3 8 1
gene 3 2 7 -0.478825 0 8 -0.478825 1
gene 2 7 4 3.10824 0 9 3.10824 0
gene 3 7 19 1.64227 0 42 1.64227 1
gene 3 19 4 -0.461609 0 43 -0.461609 1
gene 3 1 19 -4.82624 0 60 -4.82624 1
gene 1 1 7 -0.942782 0 181 -0.942782 1
genomeend 47

/* Organism #48 Fitness: 8.91746 Error: 1.01379 */
genomestart 48
trait 1 0.08125 0 0.0898165 0 0.0623319 0.158872 0 0.034041 
trait 2 0.2 0 0 0 0 0 0 0 
trait 3 0.334508 0.0283984 0.058633 0 0 0 0.103015 0 
node 1 1 1 3
node 2 3 1 1
node 3 2 1 1
node 4 3 0 2
node 7 1 0 0
node 19 1 0 0
gene 3 1 4 -7.09404 0 1 -7.09404 1
gene 3 2 4 -4.44354 0 2 -4.44354 1
gene 2 3 4 8 0 3 8 1
gene 3 2 7 -0.472262 0 8 -0.472262 1
gene 2 7 4 2.41621 0 9 2.41621 0
gene 3 7 19 4.28454 0 42 4.28454 1
gene 3 19 4 -1.6231 0 43 -1.6231 1
gene 3 1 19 -2.89546 0 60 -2.89546 1
genomeend 48

/* Organism #49 Fitness: 8.9946 Error: 1.0009 */
genomestart 49
trait 1 0.08125 0 0.0898165 0 0.0623319 0.158872 0 0.034041 
trait 2 0.2 0 0 0 0 0 0 0 
trait 3 0.334508 0.0283984 0.058633 0 0 0 0.103015 0 
node 1 1 1 3
node 2 3 1 1
node 3 2 1 1
node 4 3 0 2
node 7 1 0 0
node 19 1 0 0
gene 3 1 4 -6.43012 0 1 -6.43012 1
gene 3 2 4 -5.05068 0 2 -5.05068 1
gene 2 3 4 7.85428 0 3 7.85428 1
gene 3 2 7 0.40023 0 8 0.40023 1
gene 3 7 4 2.23266 0 9 2.23266 0
gene 3 7 19 2.24184 0 42 2.24184 1
gene 3 19 4 1.18252 0 43 1.18252 1
gene 3 1 19 -5.26341 0 60 -5.26341 1
gene 1 1 7 1.18286 0 181 1.18286 1
genomeend 49

/* Organism #50 Fitness: 7.08582 Error: 1.33808 */
genomestart 50
trait 1 0.08125 0 0.0898165 0 0.0623319 0.158872 0 0.034041 
trait 2 0.808859 0 0 0 0 0 0 0 
trait 3 0.334508 0.0283984 0.058633 0 0 0 0.103015 0 
node 1 1 1 3
node 2 3 1 1
node 3 2 1 1
node 4 3 0 2
node 7 1 0 0
node 19 1 0 0
gene 3 1 4 -5.37365 0 1 -5.37365 1
gene 3 2 4 -5.956 0 2 -5.956 1
gene 2 3 4 5.84763 0 3 5.84763 1
gene 3 2 7 -1.75371 0 8 -1.75371 1
gene 2 7 4 -0.675087 0 9 -0.675087 1
gene 3 7 19 4.06704 0 42 4.06704 1
gene 3 19 4 -0.167564 0 43 -0.167564 1
gene 3 1 19 -4.97969 0 60 -4.97969 1
genomeend 50

/* Organism #51 Fitness: 8.99998 Error: 1 */
genomestart 51
trait 1 0.08125 0 0.0898165 0 0.0623319 0.158872 0 0.034041 
trait 2 0.2 0 0 0 0 0 0 0 
trait 3 0.334508 0.0283984 0.058633 0 0 0 0.103015 0 
node 1 1 1 3
node 2 3 1 1
node 3 2 1 1
node 4 3 0 2
node 7 1 0 0
node 19 1 0 0
gene 3 1 4 -5.28023 0 1 -5.28023 1
gene 3 2 4 -5.48338 0 2 -5.48338 1
gene 2 3 4 8 0 3 8 1
gene 3 2 7 -1.21703 0 8 -1.21703 1
gene 2 7 4 2.42179 0 9 2.42179 0
gene 3 7 19 2.08463 0 42 2.08463 1
gene 3 19 4 -1.48177 0 43 -1.48177 1
gene 3 1 19 -5.49109 0 60 -5.49109 1
genomeend 51

/* Species #9 : (Size 7) (AF 4.63665) (Age 13)  */


/* Organism #52 Fitness: 8.99327 Error: 1.00112 */
genomestart 52
trait 1 0.071875 0.169698 0 0.0414651 0 0 0 0.262558 
trait 2 0.930878 0.736676 0 0 0 0 0 0 
trait 3 0.347781 0 0 0 0 0 0 0 
node 1 1 1 3
node 2 3 1 1
node 3 3 1 1
node 4 2 0 2
node 8 1 0 0
gene 1 1 4 -5.00238 0 1 -5.00238 1
gene 3 2 4 -6.10649 0 2 -6.10649 1
gene 3 3 4 1.17899 0 3 1.17899 0
gene 2 3 8 6.0587 0 10 6.0587 1
gene 2 8 4 6.40947 0 11 6.40947 1
genomeend 52

/* Organism #53 Fitness: 5.18378 Error: 1.72321 */
genomestart 53
trait 1 0.071875 0.169698 0 0.0414651 0 0 0 0.262558 
trait 2 0.930878 0.736676 0 0 0 0 0 0 
trait 3 0.347781 0 0 0 0 0 0 0 
node 1 1 1 3
node 2 3 1 1
node 3 3 1 1
node 4 2 0 2
node 8 1 0 0
gene 1 1 4 -3.55309 0 1 -3.55309 1
gene 3 2 4 -8 0 2 -8 1
gene 3 3 4 -1.2546 0 3 -1.2546 0
gene 2 3 8 3.97334 0 10 3.97334 1
gene 2 8 4 7.49627 0 11 7.49627 1
genomeend 53

/* Organism #54 Fitness: 3.20213 Error: 2.21055 */
genomestart 54
trait 1 0.071875 0.169698 0 0.0414651 0 0 0 0.262558 
trait 2 0.930878 0.736676 0 0 0 0 0 0 
trait 3 0.347781 0 0 0 0 0 0 0 
node 1 1 1 3
node 2 3 1 1
node 3 3 1 1
node 4 2 0 2
node 8 1 0 0
gene 1 1 4 -2.61897 0 1 -2.61897 1
gene 3 2 4 -1.114 0 2 -1.114 1
gene 3 3 4 -0.38638 0 3 -0.38638 0
gene 2 3 8 3.56551 0 10 3.56551 1
gene 2 8 4 8 0 11 8 1
genomeend 54

/* Organism #55 Fitness: 4.00121 Error: 1.9997 */
genomestart 55
trait 1 0.071875 0.169698 0 0.0414651 0 0 0 0.262558 
trait 2 0.930878 0.736676 0 0 0 0 0 0 
trait 3 0.347781 0 0 0 0 0 0 0 
node 1 1 1 3
node 2 3 1 1
node 3 3 1 1
node 4 2 0 2
node 8 1 0 0
node 70 1 0 0
gene 1 1 4 -5.00238 0 1 -5.00238 1
gene 3 2 4 -6.10649 0 2 -6.10649 0
gene 3 3 4 1.17899 0 3 1.17899 0
gene 2 3 8 6.0587 0 10 6.0587 1
gene 2 8 4 6.40947 0 11 6.40947 1
gene 3 2 70 1 0 193 0 1
gene 3 70 4 -6.10649 0 194 0 1
genomeend 55

/* Organism #56 Fitness: 5.17796 Error: 1.72449 */
genomestart 56
trait 1 0.071875 0.169698 0 0.0414651 0 0 0 0.262558 
trait 2 0.930878 0.736676 0 0 0 0 0 0 
trait 3 0.347781 0 0 0 0 0 0 0 
node 1 1 1 3
node 2 3 1 1
node 3 3 1 1
node 4 2 0 2
node 8 1 0 0
gene 1 1 4 -3.3901 0 1 -3.3901 1
gene 3 2 4 -5.46529 0 2 -5.46529 1
gene 3 3 4 -2.56042 0 3 -2.56042 0
gene 2 3 8 3.13496 0 10 3.13496 1
gene 2 8 4 7.17237 0 11 7.17237 1
genomeend 56

/* Organism #57 Fitness: 1.8982 Error: 2.62225 */
genomestart 57
trait 1 0.071875 0.169698 0 0.0414651 0 0 0 0.262558 
trait 2 0.930878 0.736676 0 0 0 0 0 0 
trait 3 0.347781 0 0 0 0 0 0 0 
node 1 1 1 3
node 2 3 1 1
node 3 3 1 1
node 4 2 0 2
node 8 1 0 0
gene 1 1 4 -3.89855 0 1 -3.89855 1
gene 3 2 4 -5.99878 0 2 -5.99878 1
gene 3 3 4 -0.448687 0 3 -0.448687 0
gene 2 3 8 -0.217049 0 10 -0.217049 1
gene 2 8 4 8 0 11 8 1
genomeend 57

/* Organism #58 Fitness: 4 Error: 2 */
genomestart 58
trait 1 0.071875 0.169698 0 0.0414651 0 0 0 0.262558 
trait 2 0.930878 0.736676 0 0 0 0 0 0 
trait 3 0.347781 0 0 0 0 0 0 0 
node 1 1 1 3
node 2 3 1 1
node 3 3 1 1
node 4 2 0 2
node 8 1 0 0
gene 1 1 4 -6.39061 0 1 -6.39061 1
gene 3 2 4 0.654386 0 2 0.654386 1
gene 3 3 4 1.75925 0 3 1.75925 0
gene 2 3 8 -1.82473 0 10 -1.82473 1
gene 2 8 4 -1.61423 0 11 -1.61423 1
genomeend 58

/* Species #10 : (Size 6) (AF 5.21803) (Age 12)  */


/* Organism #59 Fitness: 8.53742 Error: 1.07811 */
genomestart 59
trait 1 0.1 0 0 0 0 0 0 0 
trait 2 0.2 0 0 0 0 0 0.134035 0 
trait 3 0.254163 0.0212988 0.0439748 0 0 0 0.0515076 0 
node 1 2 1 3
node 2 2 1 1
node 3 1 1 1
node 4 1 0 2
node 7 3 0 0
gene 3 1 4 -0.676405 0 1 -0.676405 1
gene 2 2 4 2.36272 0 2 2.36272 1
gene 2 3 4 1.30481 0 3 1.30481 1
gene 3 2 7 0.738731 0 8 0.738731 1
gene 3 7 4 2.78891 0 9 2.78891 0
genomeend 59

/* Organism #60 Fitness: 4.00001 Error: 2 */
genomestart 60
trait 1 0.1 0 0 0 0 0 0 0 
trait 2 0.2 0 0 0 0 0 0.156374 0 
trait 3 0.381244 0.0248486 0.0513039 0 0 0 0.0772613 0 
node 1 2 1 3
node 2 2 1 1
node 3 1 1 1
node 4 1 0 2
node 7 3 0 0
gene 3 1 4 -4.06863 0 1 -4.06863 1
gene 2 2 4 1.30968 0 2 1.30968 1
gene 2 3 4 -1.17197 0 3 -1.17197 1
gene 3 2 7 1.88074 0 8 1.88074 1
gene 3 7 4 5.48435 0 9 5.48435 0
genomeend 60

/* Organism #61 Fitness: 4.02914 Error: 1.99273 */
genomestart 61
trait 1 0.1 0 0 0 0 0 0 0 
trait 2 0.2 0 0 0 0 0 0.134035 0 
trait 3 0.254163 0.0212988 0.0439748 0 0 0 0.0515076 0 
node 1 2 1 3
node 2 2 1 1
node 3 1 1 1
node 4 1 0 2
node 7 3 0 0
gene 3 1 4 -0.691988 0 1 -0.691988 1
gene 2 2 4 0.300845 0 2 0.300845 1
gene 2 3 4 3.76235 0 3 3.76235 1
gene 3 2 7 0.577561 0 8 0.577561 1
gene 3 7 4 3.3807 0 9 3.3807 1
genomeend 61

/* Organism #62 Fitness: 4.00845 Error: 1.99789 */
genomestart 62
trait 1 0.1 0 0 0 0 0 0 0 
trait 2 0.2 0 0 0 0 0 0.156374 0 
trait 3 0.381244 0.0248486 0.0513039 0 0 0 0.0772613 0 
node 1 2 1 3
node 2 2 1 1
node 3 1 1 1
node 4 1 0 2
node 7 3 0 0
gene 3 1 4 -0.980914 0 1 -0.980914 1
gene 2 2 4 0.0484228 0 2 0.0484228 1
gene 2 3 4 -1.97821 0 3 -1.97821 1
gene 3 2 7 -0.81519 0 8 -0.81519 1
gene 3 7 4 6.76312 0 9 6.76312 0
genomeend 62

/* Organism #63 Fitness: 6.73321 Error: 1.40516 */
genomestart 63
trait 1 0.1 0 0 0 0 0 0 0 
trait 2 0.2 0 0 0 0 0 0.145205 0 
trait 3 0.317704 0.0230737 0.0476393 0 0 0 0.0643845 0 
node 1 2 1 3
node 2 2 1 1
node 3 1 1 1
node 4 1 0 2
node 7 3 0 0
gene 3 1 4 -2.05278 0 1 -2.05278 1
gene 2 2 4 2.36272 0 2 2.36272 1
gene 2 3 4 -0.55927 0 3 -0.55927 1
gene 3 2 7 0.738731 0 8 0.738731 1
gene 3 7 4 2.78891 0 9 2.78891 0
genomeend 63

/* Organism #64 Fitness: 3.99994 Error: 2.00002 */
genomestart 64
trait 1 0.1 0 0 0 0 0 0 0 
trait 2 0.2 0 0 0 0 0 0 0 
trait 3 0.3 0 0 0 0 0 0 0 
node 1 3 1 3
node 2 3 1 1
node 3 2 1 1
node 4 3 0 2
node 7 1 0 0
gene 3 1 4 -0.965162 0 1 -0.965162 1
gene 3 2 4 -1.90328 0 2 -1.90328 0
gene 2 3 4 -2.06299 0 3 -2.06299 1
gene 3 2 7 0.489174 0 8 0.489174 1
gene 3 7 4 -0.950306 0 9 -0.950306 1
gene 3 3 7 -0.591452 0 14 -0.591452 1
gene 1 1 7 0.64241 0 39 0.64241 1
genomeend 64

/* Species #11 : (Size 7) (AF 8.19672) (Age 12)  */


/* Organism #65 Fitness: 8.99644 Error: 1.00059 */
genomestart 65
trait 1 0.41741 0 0 0 0 0 0 0 
trait 2 0.2 0 0 0 0 0 0 0 
trait 3 0.225 0 0 0 0 0 0 0 
node 1 2 1 3
node 2 3 1 1
node 3 2 1 1
node 4 1 0 2
node 7 1 0 0
node 22 1 0 0
gene 3 1 4 -1.73163 0 1 -1.73163 1
gene 3 2 4 -3.49404 0 2 -3.49404 1
gene 2 3 4 3.55638 0 3 3.55638 1
gene 3 2 7 -0.911158 0 8 -0.911158 1
gene 3 7 4 1.09466 0 9 1.09466 1
gene 3 2 22 -0.524433 0 49 -0.524433 1
gene 3 22 7 -1.76051 0 50 -1.76051 1
gene 1 3 7 -0.553318 0 129 0 1
gene 1 1 7 -0.523342 0 169 0 1
genomeend 65

/* Organism #66 Fitness: 8.58905 Error: 1.06929 */
genomestart 66
trait 1 0.41741 0 0 0 0 0 0 0 
trait 2 0.2 0 0 0 0 0 0 0 
trait 3 0.225 0 0 0 0 0 0 0 
node 1 2 1 3
node 2 3 1 1
node 3 2 1 1
node 4 1 0 2
node 7 1 0 0
node 22 1 0 0
gene 3 1 4 -1.52589 0 1 -1.52589 1
gene 3 2 4 -3.13081 0 2 -3.13081 1
gene 2 3 4 4.12746 0 3 4.12746 1
gene 3 2 7 -1.53641 0 8 -1.53641 1
gene 3 7 4 3.11166 0 9 3.11166 1
gene 3 2 22 -1.19212 0 49 -1.19212 1
gene 3 22 7 -2.15295 0 50 -2.15295 1
gene 1 3 7 0.8052 0 129 0.8052 1
gene 1 1 7 -2.39654 0 169 -2.39654 1
genomeend 66

/* Organism #67 Fitness: 4.00766 Error: 1.99809 */
genomestart 67
trait 1 0.576116 0 0 0 0 0 0 0 
trait 2 0.2 0 0 0 0 0 0 0 
trait 3 0.225 0 0 0 0 0 0 0 
node 1 2 1 3
node 2 3 1 1
node 3 2 1 1
node 4 1 0 2
node 7 1 0 0
node 22 1 0 0
gene 3 1 4 -1.66682 0 1 -1.66682 1
gene 3 2 4 -0.0584984 0 2 -0.0584984 1
gene 2 3 4 0.551167 0 3 0.551167 1
gene 3 2 7 0.14682 0 8 0.14682 1
gene 3 7 4 0.933921 0 9 0.933921 1
gene 3 2 22 0.340162 0 49 0.340162 0
gene 3 22 7 -3.56036 0 50 -3.56036 1
gene 1 3 7 -0.553318 0 129 -0.553318 1
genomeend 67

/* Organism #68 Fitness: 8.93411 Error: 1.011 */
genomestart 68
trait 1 0.41741 0 0 0 0 0 0 0 
trait 2 0.2 0 0 0 0 0 0 0 
trait 3 0.225 0 0 0 0 0 0 0 
node 1 2 1 3
node 2 3 1 1
node 3 2 1 1
node 4 1 0 2
node 7 1 0 0
node 22 1 0 0
gene 3 1 4 -1.73163 0 1 -1.73163 1
gene 3 2 4 -3.49404 0 2 -3.49404 1
gene 2 3 4 2.64919 0 3 2.64919 1
gene 3 2 7 -1.06448 0 8 -1.06448 1
gene 3 7 4 0.808633 0 9 0.808633 1
gene 3 2 22 0.556862 0 49 0.556862 1
gene 3 22 7 -2.92797 0 50 -2.92797 1
gene 1 3 7 -2.18379 0 129 -2.18379 1
gene 1 1 7 0.595584 0 169 0.595584 1
genomeend 68

/* Organism #69 Fitness: 8.86544 Error: 1.02251 */
genomestart 69
trait 1 0.41741 0 0 0 0 0 0 0 
trait 2 0.2 0 0 0 0 0 0 0 
trait 3 0.225 0 0 0 0 0 0 0 
node 1 2 1 3
node 2 3 1 1
node 3 2 1 1
node 4 1 0 2
node 7 1 0 0
node 22 1 0 0
gene 3 1 4 -3.77506 0 1 -3.77506 1
gene 3 2 4 -4.18859 0 2 -4.18859 1
gene 2 3 4 5.29079 0 3 5.29079 1
gene 3 2 7 1.54272 0 8 1.54272 1
gene 3 7 4 1.90613 0 9 1.90613 1
gene 3 2 22 1.18308 0 49 1.18308 1
gene 3 22 7 -0.00664179 0 50 -0.00664179 1
gene 1 3 7 1.873 0 129 1.873 1
gene 1 1 7 2.07384 0 169 2.07384 1
genomeend 69

/* Organism #70 Fitness: 8.99674 Error: 1.00054 */
genomestart 70
trait 1 0.496763 0 0 0 0 0 0 0 
trait 2 0.2 0 0 0 0 0 0 0 
trait 3 0.225 0 0 0 0 0 0 0 
node 1 2 1 3
node 2 3 1 1
node 3 2 1 1
node 4 1 0 2
node 7 1 0 0
node 22 1 0 0
gene 3 1 4 -1.82778 0 1 -1.82778 1
gene 3 2 4 -3.49404 0 2 -3.49404 1
gene 2 3 4 3.55638 0 3 3.55638 1
gene 3 2 7 -0.911158 0 8 -0.911158 1
gene 3 7 4 1.09466 0 9 1.09466 1
gene 3 2 22 -0.524433 0 49 -0.524433 0
gene 3 22 7 -1.76051 0 50 -1.76051 1
gene 1 3 7 -0.553318 0 129 0 1
gene 1 1 7 -0.523342 0 169 0 1
genomeend 70

/* Organism #71 Fitness: 8.98757 Error: 1.00207 */
genomestart 71
trait 1 0.41741 0 0 0 0 0 0 0 
trait 2 0.2 0 0 0 0 0 0 0 
trait 3 0.225 0 0 0 0 0 0 0 
node 1 2 1 3
node 2 3 1 1
node 3 2 1 1
node 4 1 0 2
node 7 1 0 0
node 22 1 0 0
gene 3 1 4 -3.96519 0 1 -3.96519 1
gene 3 2 4 -4.20528 0 2 -4.20528 1
gene 2 3 4 5.2196 0 3 5.2196 1
gene 3 2 7 -3.34737 0 8 -3.34737 1
gene 3 7 4 3.18679 0 9 3.18679 1
gene 3 2 22 1.58744 0 49 1.58744 1
gene 3 22 7 -2.73679 0 50 -2.73679 1
gene 1 3 7 -2.118 0 129 -2.118 1
gene 1 1 7 -2.45733 0 169 -2.45733 1
genomeend 71

/* Species #12 : (Size 6) (AF 4.71778) (Age 12)  */


/* Organism #72 Fitness: 5.68527 Error: 1.61562 */
genomestart 72
trait 1 0.1 0 0 0 0 0 0 0 
trait 2 0.2 0 0 0 0 0 0 0 
trait 3 0.3 0 0 0 0 0 0 0 
node 1 3 1 3
node 2 3 1 1
node 3 2 1 1
node 4 3 0 2
node 7 1 0 0
node 14 1 0 0
node 16 1 0 0
node 23 1 0 0
gene 3 1 4 -2.22821 0 1 -2.22821 1
gene 3 2 4 1.93703 0 2 1.93703 1
gene 2 3 4 1.60766 0 3 1.60766 0
gene 3 2 7 1.96559 0 8 1.96559 1
gene 3 7 4 0.830491 0 9 0.830491 0
gene 3 3 7 -1.2201 0 14 -1.2201 1
gene 3 7 14 -1.1386 0 27 -1.1386 1
gene 3 14 4 1.18643 0 28 1.18643 1
gene 2 3 16 0.24024 0 33 0.24024 0
gene 2 16 4 1.60485 0 34 1.60485 1
gene 2 3 23 0.0347258 0 52 0.0347258 1
gene 2 23 16 1 0 53 1 1
gene 3 1 23 0.658731 0 110 0.658731 1
genomeend 72

/* Organism #73 Fitness: 5.68433 Error: 1.61582 */
genomestart 73
trait 1 0.1 0 0 0 0 0 0 0 
trait 2 0.2 0 0 0 0 0 0 0 
trait 3 0.0320062 0 0 0 0 0.656647 0 0.702036 
node 1 3 1 3
node 2 3 1 1
node 3 2 1 1
node 4 3 0 2
node 7 1 0 0
node 14 1 0 0
node 16 1 0 0
node 23 1 0 0
gene 3 1 4 -2.22821 0 1 -2.22821 1
gene 3 2 4 1.93703 0 2 1.93703 0
gene 2 3 4 1.60766 0 3 1.60766 0
gene 3 2 7 1.96559 0 8 1.96559 1
gene 3 7 4 0.830491 0 9 0.830491 0
gene 3 3 7 -1.2201 0 14 -1.2201 1
gene 3 7 14 -1.1386 0 27 -1.1386 1
gene 3 14 4 1.18643 0 28 1.18643 1
gene 2 3 16 0.24024 0 33 0.24024 0
gene 2 16 4 1.60485 0 34 1.60485 1
gene 2 3 23 0.0347258 0 52 0.0347258 1
gene 2 23 16 1 0 53 1 1
gene 3 1 23 0.658731 0 110 0.658731 1
genomeend 73

/* Organism #74 Fitness: 3.99999 Error: 2 */
genomestart 74
trait 1 0.1 0 0 0 0 0 0 0 
trait 2 0.2 0 0 0 0 0 0 0 
trait 3 0.3 0 0 0 0 0 0 0 
node 1 3 1 3
node 2 3 1 1
node 3 2 1 1
node 4 3 0 2
node 7 1 0 0
node 14 1 0 0
node 16 1 0 0
node 23 1 0 0
gene 3 1 4 -4.47775 0 1 -4.47775 1
gene 3 2 4 1.56464 0 2 1.56464 0
gene 2 3 4 1.42738 0 3 1.42738 0
gene 3 2 7 3.78403 0 8 3.78403 1
gene 3 7 4 0.830491 0 9 0.830491 0
gene 3 3 7 0.920482 0 14 0.920482 1
gene 3 7 14 -0.0941347 0 27 -0.0941347 1
gene 3 14 4 3.30568 0 28 3.30568 1
gene 2 3 16 1.82236 0 33 1.82236 0
gene 2 16 4 0.757917 0 34 0.757917 1
gene 2 3 23 1.21921 0 52 1.21921 1
gene 2 23 16 -0.391199 0 53 -0.391199 1
gene 3 1 23 -0.662787 0 110 -0.662787 1
genomeend 74

/* Organism #75 Fitness: 4 Error: 2 */
genomestart 75
trait 1 0.1 0 0 0 0 0 0 0 
trait 2 0.2 0 0 0 0 0 0 0 
trait 3 0.3 0 0 0 0 0 0 0 
node 1 3 1 3
node 2 3 1 1
node 3 2 1 1
node 4 3 0 2
node 7 1 0 0
node 14 1 0 0
node 16 1 0 0
node 23 1 0 0
gene 3 1 4 -4.25324 0 1 -4.25324 1
gene 3 2 4 0.069936 0 2 0.069936 0
gene 2 3 4 3.93073 0 3 3.93073 0
gene 3 2 7 2.36519 0 8 2.36519 1
gene 3 7 4 -1.41635 0 9 -1.41635 0
gene 3 3 7 -1.34388 0 14 -1.34388 1
gene 3 7 14 -0.624665 0 27 -0.624665 1
gene 3 14 4 2.70283 0 28 2.70283 1
gene 2 3 16 2.32494 0 33 2.32494 0
gene 2 16 4 1.42795 0 34 1.42795 1
gene 2 3 23 0.301091 0 52 0.301091 1
gene 2 23 16 -0.665961 0 53 -0.665961 1
gene 3 1 23 0.658731 0 110 0.658731 1
genomeend 75

/* Organism #76 Fitness: 4.93623 Error: 1.77824 */
genomestart 76
trait 1 0.1 0 0 0 0 0 0 0 
trait 2 0 0 0 0.357977 0 0 0 0 
trait 3 0.3 0 0 0 0 0 0 0 
node 1 3 1 3
node 2 3 1 1
node 3 2 1 1
node 4 3 0 2
node 7 1 0 0
node 14 1 0 0
node 16 1 0 0
node 23 1 0 0
gene 3 1 4 -1.10486 0 1 -1.10486 1
gene 1 2 4 0.62203 0 2 0.62203 1
gene 2 3 4 1.46746 0 3 1.46746 0
gene 3 2 7 0.527948 0 8 0.527948 1
gene 3 7 4 0.929358 0 9 0.929358 1
gene 3 3 7 2.36587 0 14 2.36587 1
gene 3 7 14 -1.09429 0 27 -1.09429 1
gene 3 14 4 1.18643 0 28 1.18643 1
gene 2 3 16 0.00502234 0 33 0.00502234 0
gene 2 16 4 0.991825 0 34 0.991825 1
gene 2 3 23 0.0347258 0 52 0.0347258 1
gene 2 23 16 -0.959772 0 53 -0.959772 1
gene 3 1 23 0.821478 0 110 0.821478 1
genomeend 76

/* Organism #77 Fitness: 4.00084 Error: 1.99979 */
genomestart 77
trait 1 0.1 0 0 0 0 0 0 0 
trait 2 0.2 0 0 0 0 0 0 0 
trait 3 0.3 0 0 0 0 0 0 0 
node 1 3 1 3
node 2 3 1 1
node 3 2 1 1
node 4 3 0 2
node 7 1 0 0
node 14 1 0 0
node 16 1 0 0
node 23 1 0 0
gene 3 1 4 -2.63621 0 1 -2.63621 1
gene 3 2 4 2.34504 0 2 2.34504 0
gene 2 3 4 -0.0402932 0 3 -0.0402932 0
gene 3 2 7 2.96078 0 8 2.96078 1
gene 3 7 4 0.559951 0 9 0.559951 0
gene 3 3 7 -0.359934 0 14 -0.359934 1
gene 3 7 14 -1.91154 0 27 -1.91154 1
gene 3 14 4 3.52379 0 28 3.52379 1
gene 2 3 16 -0.621314 0 33 -0.621314 0
gene 2 16 4 0.207225 0 34 0.207225 1
gene 2 3 23 0.795445 0 52 0.795445 1
gene 2 23 16 2.74334 0 53 2.74334 1
gene 3 1 23 2.61444 0 110 2.61444 1
genomeend 77

/* Species #13 : (Size 6) (AF 6.00745) (Age 12)  */


/* Organism #78 Fitness: 7.0666 Error: 1.34169 */
genomestart 78
trait 1 0.1 0 0 0 0 0 0 0 
trait 2 0.1 0 0 0 0 0 0 0 
trait 3 0.3 0 0 0 0 0 0 0 
node 1 3 1 3
node 2 3 1 1
node 3 2 1 1
node 4 3 0 2
node 7 1 0 0
node 14 1 0 0
node 16 1 0 0
node 24 1 0 0
gene 3 1 4 3.10405 0 1 3.10405 1
gene 3 2 4 -1.53342 0 2 -1.53342 0
gene 2 3 4 -0.590732 0 3 -0.590732 0
gene 3 2 7 -0.556452 0 8 -0.556452 1
gene 3 7 4 1.74206 0 9 1.74206 1
gene 3 3 7 -0.541549 0 14 -0.541549 1
gene 3 7 14 -0.397753 0 27 -0.397753 1
gene 3 14 4 -2.28582 0 28 -2.28582 1
gene 2 3 16 1.23201 0 33 1.23201 1
gene 2 16 4 -2.69805 0 34 -2.69805 1
gene 3 3 24 2.29194 0 54 2.29194 1
gene 3 24 7 0.646548 0 55 0.646548 1
gene 2 1 14 -0.119481 0 132 -0.119481 1
genomeend 78

/* Organism #79 Fitness: 7.0666 Error: 1.34169 */
genomestart 79
trait 1 0.1 0 0 0 0 0 0 0 
trait 2 0.1 0 0 0 0 0 0 0 
trait 3 0.3 0 0 0 0 0 0 0 
node 1 3 1 3
node 2 3 1 1
node 3 2 1 1
node 4 3 0 2
node 7 1 0 0
node 14 1 0 0
node 16 1 0 0
node 24 1 0 0
gene 3 1 4 3.10405 0 1 3.10405 1
gene 3 2 4 -1.53342 0 2 -1.53342 0
gene 2 3 4 -0.590732 0 3 -0.590732 0
gene 3 2 7 -0.556452 0 8 -0.556452 1
gene 3 7 4 1.74206 0 9 1.74206 1
gene 3 3 7 -0.541549 0 14 -0.541549 1
gene 3 7 14 -0.397753 0 27 -0.397753 1
gene 3 14 4 -2.28582 0 28 -2.28582 1
gene 2 3 16 1.23201 0 33 1.23201 1
gene 2 16 4 -2.69805 0 34 -2.69805 1
gene 3 3 24 2.29194 0 54 2.29194 1
gene 3 24 7 0.646548 0 55 0.646548 1
gene 2 1 14 -0.119481 0 132 -0.119481 1
genomeend 79

/* Organism #80 Fitness: 4.00024 Error: 1.99994 */
genomestart 80
trait 1 0.1 0 0 0 0 0 0 0 
trait 2 0.1 0 0 0 0 0 0 0 
trait 3 0.3 0 0 0 0 0 0 0 
node 1 3 1 3
node 2 3 1 1
node 3 2 1 1
node 4 3 0 2
node 7 1 0 0
node 14 1 0 0
node 16 1 0 0
node 24 1 0 0
gene 3 1 4 2.82268 0 1 2.82268 1
gene 3 2 4 -3.42177 0 2 -3.42177 0
gene 2 3 4 -1.43275 0 3 -1.43275 0
gene 3 2 7 0.785864 0 8 0.785864 1
gene 3 7 4 2.92569 0 9 2.92569 1
gene 3 3 7 -1.27966 0 14 -1.27966 1
gene 3 7 14 1.67681 0 27 1.67681 1
gene 3 14 4 -4.7432 0 28 -4.7432 1
gene 2 3 16 3.14196 0 33 3.14196 1
gene 2 16 4 -2.32213 0 34 -2.32213 1
gene 3 3 24 1.21552 0 54 1.21552 1
gene 3 24 7 -1.77219 0 55 -1.77219 1
gene 2 1 14 2.28418 0 132 2.28418 1
genomeend 80

/* Organism #81 Fitness: 4 Error: 2 */
genomestart 81
trait 1 0.1 0 0 0 0 0 0 0 
trait 2 0.1 0 0 0 0 0 0 0 
trait 3 0.3 0 0 0 0 0 0 0 
node 1 3 1 3
node 2 3 1 1
node 3 2 1 1
node 4 3 0 2
node 7 1 0 0
node 14 1 0 0
node 16 1 0 0
node 24 1 0 0
gene 3 1 4 2.13706 0 1 2.13706 1
gene 3 2 4 0.769254 0 2 0.769254 0
gene 2 3 4 -0.973337 0 3 -0.973337 0
gene 3 2 7 -0.70833 0 8 -0.70833 1
gene 3 7 4 3.83797 0 9 3.83797 1
gene 3 3 7 -1.08795 0 14 -1.08795 1
gene 3 7 14 0.893732 0 27 0.893732 1
gene 3 14 4 0.0717928 0 28 0.0717928 1
gene 2 3 16 -1.22357 0 33 -1.22357 1
gene 2 16 4 -2.25856 0 34 -2.25856 1
gene 3 3 24 4.31744 0 54 4.31744 1
gene 3 24 7 2.17737 0 55 2.17737 1
gene 2 1 14 -0.119481 0 132 -0.119481 1
genomeend 81

/* Organism #82 Fitness: 7.0666 Error: 1.34169 */
genomestart 82
trait 1 0.1 0 0 0 0 0 0 0 
trait 2 0.1 0 0 0 0 0 0 0 
trait 3 0.3 0 0 0 0 0 0 0 
node 1 3 1 3
node 2 3 1 1
node 3 2 1 1
node 4 3 0 2
node 7 1 0 0
node 14 2 0 0
node 16 1 0 0
node 24 1 0 0
gene 3 1 4 3.10405 0 1 3.10405 1
gene 3 2 4 -1.53342 0 2 -1.53342 0
gene 2 3 4 -0.590732 0 3 -0.590732 0
gene 3 2 7 -0.556452 0 8 -0.556452 1
gene 3 7 4 1.74206 0 9 1.74206 1
gene 3 3 7 -0.541549 0 14 -0.541549 1
gene 3 7 14 -0.397753 0 27 -0.397753 1
gene 3 14 4 -2.28582 0 28 -2.28582 1
gene 2 3 16 1.23201 0 33 1.23201 1
gene 2 16 4 -2.69805 0 34 -2.69805 1
gene 3 3 24 2.29194 0 54 2.29194 1
gene 3 24 7 0.646548 0 55 0.646548 1
gene 2 1 14 -0.119481 0 132 -0.119481 1
genomeend 82

/* Organism #83 Fitness: 6.84464 Error: 1.38377 */
genomestart 83
trait 1 0.1 0 0 0 0 0 0 0 
trait 2 0.1 0 0 0 0 0 0 0 
trait 3 0.3 0 0 0 0 0 0 0 
node 1 3 1 3
node 2 3 1 1
node 3 2 1 1
node 4 3 0 2
node 7 1 0 0
node 14 1 0 0
node 16 1 0 0
node 24 1 0 0
gene 3 1 4 2.01801 0 1 2.01801 1
gene 3 2 4 -1.5496 0 2 -1.5496 0
gene 2 3 4 -0.0987495 0 3 -0.0987495 0
gene 3 2 7 -0.953273 0 8 -0.953273 1
gene 3 7 4 1.68001 0 9 1.68001 0
gene 3 3 7 0.208869 0 14 0.208869 1
gene 3 7 14 0.461831 0 27 0.461831 1
gene 3 14 4 -1.647 0 28 -1.647 1
gene 2 3 16 0.84397 0 33 0.84397 1
gene 2 16 4 -1.84989 0 34 -1.84989 1
gene 3 3 24 1.64597 0 54 1.64597 1
gene 3 24 7 0.646548 0 55 0.646548 1
gene 2 1 14 -0.119481 0 132 -0.119481 1
genomeend 83

/* Species #15 : (Size 10) (AF 6.763) (Age 11)  */


/* Organism #84 Fitness: 8.99995 Error: 1.00001 */
genomestart 84
trait 1 0.05 0.215559 0 0 0.319491 0 0 0 
trait 2 0 0.365224 0 0 0.904319 0.973075 0 0 
trait 3 0.321236 0 0 0 0 0 0 0 
node 1 3 1 3
node 2 3 1 1
node 3 2 1 1
node 4 3 0 2
node 7 1 0 0
node 18 1 0 0
node 30 1 0 0
gene 3 1 4 -2.38735 0 1 -2.38735 1
gene 3 2 4 -2.86583 0 2 -2.86583 1
gene 2 3 4 2.09781 0 3 2.09781 1
gene 3 2 7 -3.35802 0 8 -3.35802 1
gene 3 7 4 5.27717 0 9 5.27717 1
gene 3 3 7 3.62983 0 14 3.62983 1
gene 2 3 18 0.969742 0 40 0.969742 1
gene 2 18 4 -1.56314 0 41 -1.56314 1
gene 3 3 30 2.32236 0 70 2.32236 1
gene 3 30 7 -0.714887 0 71 -0.714887 1
gene 3 2 30 -0.0848346 0 99 -0.0848346 1
genomeend 84

/* Organism #85 Fitness: 8.12402 Error: 1.14973 */
genomestart 85
trait 1 0.05 0.215559 0 0 0.319491 0 0 0 
trait 2 0 0.365224 0 0 0.904319 0.973075 0 0 
trait 3 0.321236 0 0 0 0 0 0 0 
node 1 3 1 3
node 2 2 1 1
node 3 2 1 1
node 4 3 0 2
node 7 1 0 0
node 18 1 0 0
node 30 1 0 0
gene 3 1 4 -2.74578 0 1 -2.74578 1
gene 3 2 4 -2.86583 0 2 -2.86583 1
gene 2 3 4 2.53778 0 3 2.53778 1
gene 3 2 7 -3.77834 0 8 -3.77834 1
gene 3 7 4 4.17903 0 9 4.17903 1
gene 3 3 7 1.65918 0 14 1.65918 1
gene 2 3 18 0.969742 0 40 0.969742 1
gene 2 18 4 -1.21408 0 41 -1.21408 1
gene 3 3 30 4.69873 0 70 4.69873 1
gene 3 30 7 0.379378 0 71 0.379378 1
gene 3 2 30 -1.63356 0 99 -1.63356 1
genomeend 85

/* Organism #86 Fitness: 8.91392 Error: 1.01438 */
genomestart 86
trait 1 0.05 0.215559 0 0 0.319491 0 0 0 
trait 2 0 0.365224 0 0 0.904319 0.973075 0 0 
trait 3 0.321236 0 0 0 0 0 0 0 
node 1 3 1 3
node 2 3 1 1
node 3 2 1 1
node 4 3 0 2
node 7 1 0 0
node 18 1 0 0
node 30 1 0 0
gene 3 1 4 -4.41855 0 1 -4.41855 1
gene 3 2 4 -3.12065 0 2 -3.12065 1
gene 2 3 4 2.09781 0 3 2.09781 1
gene 3 2 7 -2.28183 0 8 -2.28183 1
gene 3 7 4 5.08476 0 9 5.08476 1
gene 3 3 7 5.24549 0 14 5.24549 1
gene 2 3 18 1.63691 0 40 1.63691 1
gene 2 18 4 -0.50214 0 41 -0.50214 1
gene 3 3 30 -0.173511 0 70 -0.173511 1
gene 3 30 7 -0.714887 0 71 -0.714887 1
gene 3 2 30 1.8013 0 99 1.8013 1
genomeend 86

/* Organism #87 Fitness: 4.09043 Error: 1.97752 */
genomestart 87
trait 1 0.05 0.215559 0 0 0.319491 0 0 0 
trait 2 0 0.365224 0 0 0.904319 0.973075 0 0 
trait 3 0.321236 0 0 0 0 0 0 0 
node 1 3 1 3
node 2 3 1 1
node 3 2 1 1
node 4 3 0 2
node 7 1 0 0
node 18 1 0 0
node 30 1 0 0
gene 3 1 4 -3.66295 0 1 -3.66295 1
gene 3 2 4 -1.99304 0 2 -1.99304 1
gene 2 3 4 1.373 0 3 1.373 1
gene 3 2 7 -3.35802 0 8 -3.35802 1
gene 3 7 4 6.37494 0 9 6.37494 1
gene 3 3 7 3.62983 0 14 3.62983 1
gene 2 3 18 -1.07765 0 40 -1.07765 1
gene 2 18 4 -0.247203 0 41 -0.247203 1
gene 3 3 30 0.314353 0 70 0.314353 1
gene 3 30 7 -2.15721 0 71 -2.15721 1
gene 3 2 30 -2.56046 0 99 -2.56046 1
genomeend 87

/* Organism #88 Fitness: 8.90652 Error: 1.01562 */
genomestart 88
trait 1 0.05 0.215559 0 0 0.319491 0 0 0 
trait 2 0 0.365224 0 0 0.904319 0.973075 0 0 
trait 3 0.321236 0 0 0 0 0 0 0 
node 1 3 1 3
node 2 2 1 1
node 3 2 1 1
node 4 3 0 2
node 7 1 0 0
node 18 1 0 0
node 30 1 0 0
gene 3 1 4 -4.47955 0 1 -4.47955 1
gene 3 2 4 -0.445278 0 2 -0.445278 1
gene 2 3 4 0.435581 0 3 0.435581 1
gene 3 2 7 -4.32657 0 8 -4.32657 1
gene 3 7 4 5.04595 0 9 5.04595 1
gene 3 3 7 4.93194 0 14 4.93194 1
gene 2 3 18 1.17323 0 40 1.17323 1
gene 2 18 4 -0.161034 0 41 -0.161034 1
gene 3 3 30 0.237808 0 70 0.237808 1
gene 3 30 7 -2.72 0 71 -2.72 1
gene 3 2 30 1.74843 0 99 1.74843 1
genomeend 88

/* Organism #89 Fitness: 1.00025 Error: 2.99987 */
genomestart 89
trait 1 0.05 0.215559 0 0 0.319491 0 0 0 
trait 2 0 0.365224 0 0 0.904319 0.973075 0 0 
trait 3 0.321236 0 0 0 0 0 0 0 
node 1 3 1 3
node 2 2 1 1
node 3 2 1 1
node 4 3 0 2
node 7 1 0 0
node 18 1 0 0
node 30 1 0 0
gene 3 1 4 -1.1206 0 1 -1.1206 1
gene 3 2 4 -2.3319 0 2 -2.3319 1
gene 2 3 4 -0.751699 0 3 -0.751699 1
gene 3 2 7 -2.54168 0 8 -2.54168 1
gene 3 7 4 3.94641 0 9 3.94641 1
gene 3 3 7 4.27712 0 14 4.27712 1
gene 2 3 18 2.36547 0 40 2.36547 1
gene 2 18 4 2.09284 0 41 2.09284 1
gene 3 3 30 0.443096 0 70 0.443096 1
gene 3 30 7 0.535361 0 71 0.535361 1
gene 3 2 30 -0.0848346 0 99 -0.0848346 1
genomeend 89

/* Organism #90 Fitness: 9 Error: 1 */
genomestart 90
trait 1 0.05 0.215559 0 0 0.319491 0 0 0 
trait 2 0 0.365224 0 0 0.904319 0.973075 0 0 
trait 3 0.321236 0 0 0 0 0 0 0 
node 1 3 1 3
node 2 3 1 1
node 3 2 1 1
node 4 3 0 2
node 7 1 0 0
node 18 1 0 0
node 30 1 0 0
gene 3 1 4 -3.0589 0 1 -3.0589 1
gene 3 2 4 -4.7858 0 2 -4.7858 1
gene 2 3 4 3.39565 0 3 3.39565 1
gene 3 2 7 -5.72346 0 8 -5.72346 1
gene 3 7 4 6.11031 0 9 6.11031 1
gene 3 3 7 5.98752 0 14 5.98752 1
gene 2 3 18 -1.30644 0 40 -1.30644 1
gene 2 18 4 -1.31059 0 41 -1.31059 1
gene 3 3 30 4.59767 0 70 4.59767 1
gene 3 30 7 -1.69527 0 71 -1.69527 1
gene 3 2 30 2.04096 0 99 2.04096 1
genomeend 90

/* Organism #91 Fitness: 8.99992 Error: 1.00001 */
genomestart 91
trait 1 0.05 0.215559 0 0 0.319491 0 0 0 
trait 2 0 0.365224 0 0 0.904319 0.973075 0 0 
trait 3 0.437769 0 0 0 0.450145 0 0 0 
node 1 3 1 3
node 2 3 1 1
node 3 2 1 1
node 4 3 0 2
node 7 1 0 0
node 18 1 0 0
node 30 1 0 0
gene 3 1 4 -1.42911 0 1 -1.42911 1
gene 3 2 4 -4.61386 0 2 -4.61386 1
gene 2 3 4 2.09781 0 3 2.09781 1
gene 3 2 7 -1.25987 0 8 -1.25987 1
gene 3 7 4 4.0616 0 9 4.0616 1
gene 3 3 7 1.23473 0 14 1.23473 1
gene 2 3 18 -1.39034 0 40 -1.39034 1
gene 2 18 4 -2.32389 0 41 -2.32389 1
gene 3 3 30 2.32236 0 70 2.32236 1
gene 3 30 7 -1.29332 0 71 -1.29332 1
gene 3 2 30 0.639173 0 99 0.639173 1
genomeend 91

/* Organism #92 Fitness: 5.59356 Error: 1.63493 */
genomestart 92
trait 1 0.05 0.215559 0 0 0.319491 0 0 0 
trait 2 0 0.365224 0 0 0.904319 0.973075 0 0 
trait 3 0.321236 0 0 0 0 0 0 0 
node 1 3 1 3
node 2 3 1 1
node 3 2 1 1
node 4 3 0 2
node 7 1 0 0
node 18 1 0 0
node 30 1 0 0
gene 3 1 4 -4.73629 0 1 -4.73629 1
gene 3 2 4 -3.19822 0 2 -3.19822 1
gene 2 3 4 4.10567 0 3 4.10567 1
gene 3 2 7 -5.19138 0 8 -5.19138 1
gene 3 7 4 3.18479 0 9 3.18479 1
gene 3 3 7 4.42735 0 14 4.42735 1
gene 2 3 18 2.27561 0 40 2.27561 1
gene 2 18 4 -2.66659 0 41 -2.66659 1
gene 3 3 30 1.40352 0 70 1.40352 1
gene 3 30 7 -0.714887 0 71 -0.714887 1
gene 3 2 30 1.38198 0 99 1.38198 1
genomeend 92

/* Organism #93 Fitness: 4.00144 Error: 1.99964 */
genomestart 93
trait 1 0.05 0.215559 0 0 0.319491 0 0 0 
trait 2 0 0.365224 0 0 0.904319 0.973075 0 0 
trait 3 0.321236 0 0 0 0 0 0 0 
node 1 3 1 3
node 2 2 1 1
node 3 2 1 1
node 4 3 0 2
node 7 1 0 0
node 18 1 0 0
node 30 1 0 0
gene 3 1 4 -4.44496 0 1 -4.44496 1
gene 3 2 4 -2.32715 0 2 -2.32715 1
gene 2 3 4 2.61228 0 3 2.61228 1
gene 3 2 7 -5.1886 0 8 -5.1886 1
gene 3 7 4 3.23008 0 9 3.23008 1
gene 3 3 7 3.46365 0 14 3.46365 1
gene 2 3 18 2.97307 0 40 2.97307 1
gene 2 18 4 -3.00746 0 41 -3.00746 1
gene 3 3 30 0.0807682 0 70 0.0807682 1
gene 3 30 7 -0.434614 0 71 -0.434614 1
gene 3 2 30 2.28024 0 99 2.28024 1
genomeend 93

/* Species #16 : (Size 9) (AF 7.14833) (Age 11)  */


/* Organism #94 Fitness: 8.99976 Error: 1.00004 */
genomestart 94
trait 1 0.075 0 0.119755 0 0.0831092 0.211829 0 0.045388 
trait 2 0.2 0 0.976896 0 0 0 0 0 
trait 3 0.273118 0.0378646 0.61411 0 0 0.673791 0.137354 0 
node 1 3 1 3
node 2 3 1 1
node 3 2 1 1
node 4 3 0 2
node 7 1 0 0
node 19 1 0 0
node 31 1 0 0
gene 3 1 4 -2.09887 0 1 -2.09887 1
gene 3 2 4 5.79567 0 2 5.79567 1
gene 2 3 4 6.32245 0 3 6.32245 1
gene 3 2 7 -1.04298 0 8 -1.04298 0
gene 3 7 4 -4.37266 0 9 -4.37266 1
gene 3 7 19 1.94535 0 42 1.94535 1
gene 3 19 4 3.24896 0 43 3.24896 0
gene 3 2 31 -0.771367 0 72 -0.771367 1
gene 3 31 7 -8 0 73 -8 1
genomeend 94

/* Organism #95 Fitness: 8.95741 Error: 1.00711 */
genomestart 95
trait 1 0.075 0 0.119755 0 0.0831092 0.211829 0 0.045388 
trait 2 0.2 0 0.976896 0 0 0 0 0 
trait 3 0.273118 0.0378646 0.61411 0 0 0.673791 0.137354 0 
node 1 3 1 3
node 2 3 1 1
node 3 2 1 1
node 4 3 0 2
node 7 1 0 0
node 19 1 0 0
node 31 1 0 0
gene 3 1 4 -1.17752 0 1 -1.17752 1
gene 3 2 4 8 0 2 8 1
gene 2 3 4 5.40864 0 3 5.40864 1
gene 3 2 7 -0.229954 0 8 -0.229954 0
gene 3 7 4 -4.58198 0 9 -4.58198 1
gene 3 7 19 4.48632 0 42 4.48632 1
gene 3 19 4 0.348836 0 43 0.348836 1
gene 3 2 31 2.02181 0 72 2.02181 1
gene 3 31 7 -8 0 73 -8 1
genomeend 95

/* Organism #96 Fitness: 8.9998 Error: 1.00003 */
genomestart 96
trait 1 0.075 0 0.119755 0 0.0831092 0.211829 0 0.045388 
trait 2 0.2 0 0.976896 0 0 0 0 0 
trait 3 0.273118 0.0378646 0.61411 0 0 0.673791 0.137354 0 
node 1 3 1 3
node 2 3 1 1
node 3 2 1 1
node 4 3 0 2
node 7 1 0 0
node 19 1 0 0
node 31 1 0 0
gene 3 1 4 -2.09804 0 1 -2.09804 1
gene 3 2 4 5.79567 0 2 5.79567 1
gene 2 3 4 5.96224 0 3 5.96224 1
gene 3 2 7 0.190172 0 8 0.190172 0
gene 3 7 4 -3.32915 0 9 -3.32915 1
gene 3 7 19 2.88709 0 42 2.88709 1
gene 3 19 4 3.71087 0 43 3.71087 0
gene 3 2 31 0.616447 0 72 0.616447 1
gene 3 31 7 -7.03893 0 73 -7.03893 1
genomeend 96

/* Organism #97 Fitness: 8.98881 Error: 1.00187 */
genomestart 97
trait 1 0.075 0 0.119755 0 0.0831092 0.211829 0 0.045388 
trait 2 0.2 0 0.976896 0 0 0 0 0 
trait 3 0.273118 0.0378646 0.61411 0 0 0.673791 0.137354 0 
node 1 3 1 3
node 2 3 1 1
node 3 2 1 1
node 4 3 0 2
node 7 1 0 0
node 19 1 0 0
node 31 1 0 0
gene 3 1 4 -1.37696 0 1 -1.37696 1
gene 3 2 4 6.31374 0 2 6.31374 1
gene 2 3 4 2.83737 0 3 2.83737 1
gene 3 2 7 1.34374 0 8 1.34374 0
gene 3 7 4 -2.56075 0 9 -2.56075 1
gene 3 7 19 2.98162 0 42 2.98162 1
gene 3 19 4 -0.0270545 0 43 -0.0270545 1
gene 3 2 31 1.53997 0 72 1.53997 1
gene 3 31 7 -8 0 73 -8 1
genomeend 97

/* Organism #98 Fitness: 8.99963 Error: 1.00006 */
genomestart 98
trait 1 0.075 0 0.119755 0 0.0831092 0.211829 0 0.045388 
trait 2 0.2 0 0.976896 0 0 0 0 0 
trait 3 0.273118 0.0378646 0.61411 0 0 0.673791 0.137354 0 
node 1 3 1 3
node 2 3 1 1
node 3 2 1 1
node 4 3 0 2
node 7 1 0 0
node 19 1 0 0
node 31 1 0 0
gene 3 1 4 -4.16501 0 1 -4.16501 1
gene 3 2 4 7.24374 0 2 7.24374 1
gene 2 3 4 4.70977 0 3 4.70977 1
gene 3 2 7 -0.392404 0 8 -0.392404 0
gene 3 7 4 -2.43456 0 9 -2.43456 1
gene 3 7 19 2.03024 0 42 2.03024 1
gene 3 19 4 2.85304 0 43 2.85304 1
gene 3 2 31 3.5048 0 72 3.5048 1
gene 3 31 7 -8 0 73 -8 1
genomeend 98

/* Organism #99 Fitness: 3.60955 Error: 2.10012 */
genomestart 99
trait 1 0.075 0 0.119755 0 0.0831092 0.211829 0 0.045388 
trait 2 0.2 0 0.976896 0 0 0 0 0 
trait 3 0.273118 0.0378646 0.61411 0 0 0.673791 0.137354 0 
node 1 3 1 3
node 2 3 1 1
node 3 2 1 1
node 4 3 0 2
node 7 1 0 0
node 19 1 0 0
node 31 1 0 0
gene 3 1 4 -2.8599 0 1 -2.8599 1
gene 3 2 4 2.42408 0 2 2.42408 1
gene 2 3 4 3.13532 0 3 3.13532 1
gene 3 2 7 -1.61933 0 8 -1.61933 1
gene 3 7 4 2.34965 0 9 2.34965 1
gene 3 7 19 1.42049 0 42 1.42049 1
gene 3 19 4 2.31068 0 43 2.31068 0
gene 3 2 31 -0.570137 0 72 -0.570137 1
gene 3 31 7 -8 0 73 -8 1
genomeend 99

/* Organism #100 Fitness: 8.99998 Error: 1 */
genomestart 100
trait 1 0.075 0 0.119755 0 0.0831092 0.211829 0 0.045388 
trait 2 0.2 0 0.976896 0 0 0 0 0 
trait 3 0.273118 0.0378646 0.61411 0 0 0.673791 0.137354 0 
node 1 3 1 3
node 2 3 1 1
node 3 2 1 1
node 4 3 0 2
node 7 1 0 0
node 19 1 0 0
node 31 1 0 0
gene 3 1 4 -5.08656 0 1 -5.08656 1
gene 3 2 4 8 0 2 8 1
gene 2 3 4 5.49322 0 3 5.49322 1
gene 3 2 7 -3.68318 0 8 -3.68318 0
gene 3 7 4 -5.71665 0 9 -5.71665 1
gene 3 7 19 2.09271 0 42 2.09271 1
gene 3 19 4 4.47998 0 43 4.47998 1
gene 3 2 31 2.03389 0 72 2.03389 1
gene 3 31 7 -6.2255 0 73 -6.2255 1
genomeend 100

/* Organism #101 Fitness: 4.22949 Error: 1.94343 */
genomestart 101
trait 1 0.075 0 0.119755 0 0.0831092 0.211829 0 0.045388 
trait 2 0.2 0 0.976896 0 0 0 0 0 
trait 3 0.273118 0.0378646 0.61411 0 0 0.673791 0.137354 0 
node 1 3 1 3
node 2 3 1 1
node 3 2 1 1
node 4 3 0 2
node 7 1 0 0
node 19 1 0 0
node 31 1 0 0
gene 3 1 4 -2.67448 0 1 -2.67448 1
gene 3 2 4 2.10306 0 2 2.10306 1
gene 2 3 4 7.74489 0 3 7.74489 1
gene 3 2 7 -0.886258 0 8 -0.886258 0
gene 3 7 4 -3.80012 0 9 -3.80012 1
gene 3 7 19 2.38041 0 42 2.38041 1
gene 3 19 4 0.670582 0 43 0.670582 0
gene 3 2 31 -0.168416 0 72 -0.168416 1
gene 3 31 7 -8 0 73 -8 1
genomeend 101

/* Organism #102 Fitness: 2.55052 Error: 2.40296 */
genomestart 102
trait 1 0.075 0 0.119755 0 0.0831092 0.211829 0 0.045388 
trait 2 0.2 0 0.976896 0 0 0 0 0 
trait 3 0.273118 0.0378646 0.61411 0 0 0.673791 0.137354 0 
node 1 3 1 3
node 2 3 1 1
node 3 2 1 1
node 4 3 0 2
node 7 1 0 0
node 19 1 0 0
node 31 1 0 0
gene 3 1 4 -4.02216 0 1 -4.02216 1
gene 3 2 4 5.79567 0 2 5.79567 1
gene 2 3 4 4.06171 0 3 4.06171 1
gene 3 2 7 0.803679 0 8 0.803679 0
gene 3 7 4 -5.01252 0 9 -5.01252 1
gene 3 7 19 2.08816 0 42 2.08816 1
gene 3 19 4 3.50625 0 43 3.50625 0
gene 3 2 31 -1.20815 0 72 -1.20815 1
gene 3 31 7 -8 0 73 -8 1
genomeend 102

/* Species #17 : (Size 6) (AF 6.79584) (Age 7)  */


/* Organism #103 Fitness: 8.99901 Error: 1.00016 */
genomestart 103
trait 1 0.05 0.215559 0 0 0.319491 0 0 0 
trait 2 0.2 0 0 0 0 0 0 0 
trait 3 0.321236 0 0 0 0 0 0 0 
node 1 3 1 3
node 2 3 1 1
node 3 2 1 1
node 4 3 0 2
node 7 1 0 0
node 18 1 0 0
node 44 1 0 0
gene 3 1 4 -5.82381 0 1 -5.82381 1
gene 3 2 4 -1.2169 0 2 -1.2169 0
gene 2 3 4 -0.701962 0 3 -0.701962 0
gene 3 2 7 1.53487 0 8 1.53487 1
gene 3 7 4 7.6563 0 9 7.6563 1
gene 3 3 7 0.865828 0 14 0.865828 1
gene 2 3 18 2.38182 0 40 2.38182 1
gene 2 18 4 0.731077 0 41 0.731077 1
gene 2 2 18 0.0716877 0 104 0.0716877 0
gene 2 2 44 2.27632 0 118 2.27632 1
gene 2 44 18 -2.36713 0 119 -2.36713 1
genomeend 103

/* Organism #104 Fitness: 8.4302 Error: 1.09652 */
genomestart 104
trait 1 0.05 0.215559 0 0 0.319491 0 0 0 
trait 2 0.2 0 0 0 0 0 0 0 
trait 3 0.321236 0 0 0 0 0 0 0 
node 1 3 1 3
node 2 3 1 1
node 3 2 1 1
node 4 3 0 2
node 7 1 0 0
node 18 1 0 0
node 44 1 0 0
gene 3 1 4 -3.67803 0 1 -3.67803 1
gene 3 2 4 -0.551717 0 2 -0.551717 0
gene 2 3 4 -2.72059 0 3 -2.72059 0
gene 3 2 7 1.50702 0 8 1.50702 1
gene 3 7 4 6.91902 0 9 6.91902 1
gene 3 3 7 2.10314 0 14 2.10314 1
gene 2 3 18 3.16378 0 40 3.16378 1
gene 2 18 4 -2.55071 0 41 -2.55071 1
gene 2 2 18 2.33703 0 104 2.33703 0
gene 2 2 44 -0.051125 0 118 -0.051125 1
gene 2 44 18 -0.00224205 0 119 -0.00224205 1
gene 3 44 4 -2.21167 0 185 -2.21167 1
genomeend 104

/* Organism #105 Fitness: 4.03344 Error: 1.99166 */
genomestart 105
trait 1 0.05 0.215559 0 0 0.319491 0 0 0 
trait 2 0.2 0 0 0 0 0 0 0 
trait 3 0.321236 0 0 0 0 0 0 0 
node 1 3 1 3
node 2 3 1 1
node 3 2 1 1
node 4 3 0 2
node 7 1 0 0
node 18 3 0 0
node 44 1 0 0
gene 3 1 4 -6.11747 0 1 -6.11747 1
gene 3 2 4 -0.0316197 0 2 -0.0316197 0
gene 2 3 4 -0.730649 0 3 -0.730649 1
gene 3 2 7 0.132583 0 8 0.132583 1
gene 3 7 4 7.82815 0 9 7.82815 1
gene 3 3 7 -0.226392 0 14 -0.226392 1
gene 2 3 18 -0.918602 0 40 -0.918602 1
gene 2 18 4 -1.30745 0 41 -1.30745 1
gene 2 2 18 -1.72904 0 104 -1.72904 0
gene 2 2 44 2.32696 0 118 2.32696 1
gene 2 44 18 -1.5542 0 119 -1.5542 1
genomeend 105

/* Organism #106 Fitness: 2.68164 Error: 2.36243 */
genomestart 106
trait 1 0.05 0.215559 0 0 0.319491 0 0 0 
trait 2 0.2 0 0 0 0 0 0 0 
trait 3 0.321236 0 0 0 0 0 0 0 
node 1 3 1 3
node 2 3 1 1
node 3 2 1 1
node 4 3 0 2
node 7 1 0 0
node 18 1 0 0
node 44 1 0 0
gene 3 1 4 0.662194 0 1 0.662194 1
gene 3 2 4 -0.533013 0 2 -0.533013 0
gene 2 3 4 0.0472279 0 3 0.0472279 1
gene 3 2 7 4.61227 0 8 4.61227 1
gene 3 7 4 -1.39792 0 9 -1.39792 1
gene 3 3 7 -1.75364 0 14 -1.75364 1
gene 2 3 18 3.59834 0 40 3.59834 1
gene 2 18 4 -1.22523 0 41 -1.22523 1
gene 2 2 18 -1.59535 0 104 -1.59535 0
gene 2 2 44 2.81267 0 118 2.81267 1
gene 2 44 18 -3.80692 0 119 -3.80692 1
genomeend 106

/* Organism #107 Fitness: 12.601 Error: 0.450217 */
/* ##------$ WINNER 107 SPECIES #17 $------## */
genomestart 107
trait 1 0.05 0.215559 0 0 0.319491 0 0 0 
trait 2 0.2 0 0 0 0 0 0 0 
trait 3 0.321236 0 0 0 0 0 0 0 
node 1 3 1 3
node 2 3 1 1
node 3 2 1 1
node 4 3 0 2
node 7 1 0 0
node 18 1 0 0
node 44 1 0 0
gene 3 1 4 -4.64438 0 1 -4.64438 1
gene 3 2 4 -2.69691 0 2 -2.69691 1
gene 2 3 4 -1.56678 0 3 -1.56678 1
gene 2 2 7 3.53451 0 8 3.53451 1
gene 3 7 4 8 0 9 8 1
gene 3 3 7 2.96222 0 14 2.96222 1
gene 2 3 18 2.63205 0 40 2.63205 1
gene 2 18 4 0.805717 0 41 0.805717 1
gene 2 2 18 -0.783811 0 104 -0.783811 0
gene 2 2 44 -0.0591848 0 118 -0.0591848 1
gene 2 44 18 -3.57867 0 119 -3.57867 1
genomeend 107

/* Organism #108 Fitness: 4.02976 Error: 1.99257 */
genomestart 108
trait 1 0.05 0.843621 0 0.701326 0.319491 0 0 0.113752 
trait 2 0.2 0 0 0 0 0 0 0 
trait 3 0.321236 0 0 0 0 0 0 0 
node 1 3 1 3
node 2 3 1 1
node 3 2 1 1
node 4 3 0 2
node 7 1 0 0
node 18 1 0 0
node 44 1 0 0
gene 3 1 4 -7.58471 0 1 -7.58471 1
gene 3 2 4 -0.74626 0 2 -0.74626 1
gene 2 3 4 -1.7713 0 3 -1.7713 0
gene 3 2 7 -0.247355 0 8 -0.247355 1
gene 3 7 4 8 0 9 8 1
gene 3 3 7 0.248639 0 14 0.248639 1
gene 2 3 18 1.80198 0 40 1.80198 1
gene 2 18 4 0.407989 0 41 0.407989 1
gene 2 2 18 -0.439816 0 104 -0.439816 1
gene 2 2 44 1.38001 0 118 1.38001 1
gene 2 44 18 0.0380265 0 119 0.0380265 1
genomeend 108

/* Species #19 : (Size 4) (AF 4.44052) (Age 5)  */


/* Organism #109 Fitness: 5.5858 Error: 1.63657 */
genomestart 109
trait 1 0.1 0 0 0 0 0 0 0 
trait 2 0.2 0 0 0 0 0 0 0 
trait 3 0.3 0 0 0 0 0 0 0 
node 1 3 1 3
node 2 3 1 1
node 3 2 1 1
node 4 3 0 2
node 7 1 0 0
gene 3 1 4 2.16708 0 1 2.16708 1
gene 3 2 4 0.105285 0 2 0.105285 0
gene 3 3 4 -2.2399 0 3 -2.2399 1
gene 3 2 7 -4.07524 0 8 -4.07524 1
gene 3 7 4 -2.05328 0 9 -2.05328 1
gene 3 3 7 2.09394 0 14 2.09394 1
gene 1 1 7 2.89493 0 39 2.89493 1
genomeend 109

/* Organism #110 Fitness: 3.9999 Error: 2.00003 */
genomestart 110
trait 1 0.1 0 0 0 0 0 0 0 
trait 2 0.2 0 0 0 0 0 0 0 
trait 3 0.3 0 0 0 0 0 0 0 
node 1 3 1 3
node 2 3 1 1
node 3 2 1 1
node 4 3 0 2
node 7 1 0 0
gene 3 1 4 3.35913 0 1 3.35913 1
gene 3 2 4 -4.72829 0 2 -4.72829 0
gene 3 3 4 -2.04356 0 3 -2.04356 1
gene 3 2 7 -2.0137 0 8 -2.0137 1
gene 3 7 4 -0.977108 0 9 -0.977108 1
gene 3 3 7 2.14881 0 14 2.14881 1
gene 1 1 7 1.8653 0 39 1.8653 1
genomeend 110

/* Organism #111 Fitness: 4.17851 Error: 1.95586 */
genomestart 111
trait 1 0.1 0 0 0 0 0 0 0 
trait 2 0.2 0 0 0 0 0 0 0 
trait 3 0.3 0 0 0 0 0 0 0 
node 1 3 1 3
node 2 3 1 1
node 3 2 1 1
node 4 3 0 2
node 7 1 0 0
gene 3 1 4 1.55071 0 1 1.55071 1
gene 3 2 4 -4.57603 0 2 -4.57603 0
gene 3 3 4 -0.601065 0 3 -0.601065 1
gene 3 2 7 -3.01314 0 8 -3.01314 1
gene 3 7 4 -3.36604 0 9 -3.36604 1
gene 3 3 7 -5.36985 0 14 -5.36985 1
gene 1 1 7 -0.195998 0 39 -0.195998 1
genomeend 111

/* Organism #112 Fitness: 3.99789 Error: 2.00053 */
genomestart 112
trait 1 0.1 0 0 0 0 0 0 0 
trait 2 0.2 0 0 0 0 0 0 0 
trait 3 0.3 0 0 0 0 0 0 0 
node 1 3 1 3
node 2 3 1 1
node 3 2 1 1
node 4 3 0 2
node 7 1 0 0
gene 3 1 4 -1.75818 0 1 -1.75818 1
gene 3 2 4 0.255918 0 2 0.255918 0
gene 2 3 4 0.280185 0 3 0.280185 1
gene 3 2 7 -3.90062 0 8 -3.90062 1
gene 3 7 4 -2.52692 0 9 -2.52692 1
gene 3 3 7 -2.1526 0 14 -2.1526 1
gene 1 1 7 2.83573 0 39 2.83573 1
genomeend 112

/* Species #20 : (Size 6) (AF 5.22396) (Age 5)  */


/* Organism #113 Fitness: 8.99981 Error: 1.00003 */
genomestart 113
trait 1 0.05 0.215559 0 0 0.319491 0 0 0 
trait 2 0 0.365224 0 0 0.904319 0.973075 0 0 
trait 3 0.321236 0 0 0 0 0 0 0 
node 1 3 1 3
node 2 3 1 1
node 3 2 1 1
node 4 3 0 2
node 7 1 0 0
node 18 1 0 0
node 30 1 0 0
node 50 1 0 0
node 56 1 0 0
gene 3 1 4 -2.2079 0 1 -2.2079 1
gene 3 2 4 -4.73044 0 2 -4.73044 1
gene 2 3 4 4.82267 0 3 4.82267 1
gene 3 2 7 -1.3375 0 8 -1.3375 1
gene 3 7 4 3.64772 0 9 3.64772 0
gene 3 3 7 2.65748 0 14 2.65748 0
gene 2 3 18 -2.33804 0 40 -2.33804 1
gene 2 18 4 -8 0 41 -8 1
gene 3 3 30 2.81264 0 70 2.81264 1
gene 3 30 7 1.18514 0 71 1.18514 1
gene 3 2 30 -0.137519 0 99 -0.137519 1
gene 3 7 50 -2.53523 0 133 -2.53523 1
gene 3 50 4 3.62597 0 134 3.62597 1
gene 3 3 56 3.41893 0 149 3.41893 1
gene 3 56 7 1.19669 0 150 1.19669 1
genomeend 113

/* Organism #114 Fitness: 7.25444 Error: 1.30659 */
genomestart 114
trait 1 0.0719314 0.41167 0 0 0.239618 0 0 0 
trait 2 0 0.182612 0.292846 0 0.904319 0.986538 0.449386 0 
trait 3 0.321236 0 0 0 0 0 0 0 
node 1 3 1 3
node 2 3 1 1
node 3 2 1 1
node 4 3 0 2
node 7 1 0 0
node 18 1 0 0
node 30 1 0 0
node 50 1 0 0
node 56 1 0 0
gene 3 1 4 1.09371 0 1 1.09371 1
gene 3 2 4 -6.49046 0 2 -6.49046 1
gene 2 3 4 1.53278 0 3 1.53278 1
gene 3 2 7 -4.49914 0 8 -4.49914 1
gene 3 7 4 2.76381 0 9 2.76381 0
gene 3 3 7 3.78471 0 14 3.78471 0
gene 2 3 18 -5.49779 0 40 -5.49779 1
gene 2 18 4 -7.75738 0 41 -7.75738 1
gene 3 3 30 2.64103 0 70 2.64103 1
gene 3 30 7 0.862908 0 71 0.862908 1
gene 3 2 30 2.16263 0 99 2.16263 1
gene 3 7 50 1.00704 0 133 1.00704 1
gene 3 50 4 2.64203 0 134 2.64203 1
gene 3 3 56 2.95412 0 149 2.95412 1
gene 3 56 7 0.395989 0 150 0.395989 1
genomeend 114

/* Organism #115 Fitness: 8.99475 Error: 1.00088 */
genomestart 115
trait 1 0.05 0.215559 0 0 0.319491 0 0 0 
trait 2 0 0.365224 0 0 0.904319 0.973075 0 0 
trait 3 0.321236 0 0 0 0 0 0 0 
node 1 3 1 3
node 2 3 1 1
node 3 2 1 1
node 4 3 0 2
node 7 1 0 0
node 18 1 0 0
node 30 1 0 0
node 50 1 0 0
node 56 1 0 0
gene 3 1 4 -1.01328 0 1 -1.01328 1
gene 3 2 4 -3.29858 0 2 -3.29858 1
gene 2 3 4 2.92189 0 3 2.92189 1
gene 3 2 7 -0.311506 0 8 -0.311506 1
gene 3 7 4 4.96271 0 9 4.96271 0
gene 3 3 7 1.35147 0 14 1.35147 0
gene 2 3 18 -0.964682 0 40 -0.964682 1
gene 2 18 4 -8 0 41 -8 1
gene 3 3 30 1.15672 0 70 1.15672 1
gene 3 30 7 1.26988 0 71 1.26988 1
gene 3 2 30 1.90707 0 99 1.90707 1
gene 3 7 50 -4.1969 0 133 -4.1969 1
gene 3 50 4 1.31839 0 134 1.31839 1
gene 3 3 56 3.41893 0 149 3.41893 1
gene 3 56 7 1.87057 0 150 1.87057 1
genomeend 115

/* Organism #116 Fitness: 4.00002 Error: 1.99999 */
genomestart 116
trait 1 0.05 0.215559 0 0 0.319491 0 0 0 
trait 2 0 0.365224 0 0 0.904319 0.973075 0 0 
trait 3 0.321236 0 0 0 0 0 0 0 
node 1 3 1 3
node 2 3 1 1
node 3 2 1 1
node 4 3 0 2
node 7 1 0 0
node 18 1 0 0
node 30 1 0 0
node 50 1 0 0
node 56 1 0 0
gene 3 1 4 -0.861157 0 1 -0.861157 1
gene 3 2 4 -3.96424 0 2 -3.96424 1
gene 2 3 4 5.62149 0 3 5.62149 1
gene 3 2 7 -0.421328 0 8 -0.421328 1
gene 3 7 4 3.64772 0 9 3.64772 0
gene 3 3 7 0.588122 0 14 0.588122 0
gene 2 3 18 -2.64666 0 40 -2.64666 1
gene 2 18 4 -8 0 41 -8 1
gene 3 3 30 -2.16911 0 70 -2.16911 1
gene 3 30 7 1.88783 0 71 1.88783 1
gene 3 2 30 -1.38616 0 99 -1.38616 1
gene 3 7 50 -1.53787 0 133 -1.53787 1
gene 3 50 4 3.33606 0 134 3.33606 1
gene 3 3 56 7.73152 0 149 7.73152 1
gene 3 56 7 -2.14235 0 150 -2.14235 1
genomeend 116

/* Organism #117 Fitness: 1 Error: 3 */
genomestart 117
trait 1 0.05 0.215559 0 0 0.319491 0 0 0 
trait 2 0 0.365224 0 0 0.904319 0.973075 0 0 
trait 3 0.321236 0 0 0 0 0 0 0 
node 1 3 1 3
node 2 3 1 1
node 3 2 1 1
node 4 3 0 2
node 7 1 0 0
node 18 1 0 0
node 30 1 0 0
node 50 1 0 0
node 56 1 0 0
gene 3 1 4 0.0699074 0 1 0.0699074 1
gene 3 2 4 -8 0 2 -8 1
gene 2 3 4 7.2804 0 3 7.2804 1
gene 3 2 7 -2.82342 0 8 -2.82342 1
gene 3 7 4 3.01768 0 9 3.01768 1
gene 3 3 7 2.45588 0 14 2.45588 1
gene 2 3 18 -2.27302 0 40 -2.27302 1
gene 2 18 4 -8 0 41 -8 1
gene 3 3 30 2.91275 0 70 2.91275 1
gene 3 30 7 -0.0616712 0 71 -0.0616712 1
gene 3 2 30 -0.135248 0 99 -0.135248 1
gene 3 7 50 1.06099 0 133 1.06099 1
gene 3 50 4 5.36537 0 134 5.36537 1
gene 3 3 56 5.51745 0 149 5.51745 1
gene 3 56 7 2.87003 0 150 2.87003 1
genomeend 117

/* Organism #118 Fitness: 1.09473 Error: 2.95371 */
genomestart 118
trait 1 0.05 0.215559 0 0 0.319491 0 0 0 
trait 2 0 0.365224 0 0 0.904319 0.973075 0 0 
trait 3 0.321236 0 0 0 0.141746 0 0 0 
node 1 3 1 3
node 2 3 1 1
node 3 2 1 1
node 4 3 0 2
node 7 1 0 0
node 18 1 0 0
node 30 1 0 0
node 50 1 0 0
node 56 3 0 0
gene 3 1 4 1.2198 0 1 1.2198 1
gene 3 2 4 -5.55211 0 2 -5.55211 1
gene 2 3 4 6.56123 0 3 6.56123 1
gene 3 2 7 -5.13674 0 8 -5.13674 1
gene 3 7 4 -1.30949 0 9 -1.30949 1
gene 3 3 7 3.22576 0 14 3.22576 1
gene 2 3 18 -2.64666 0 40 -2.64666 1
gene 2 18 4 -8 0 41 -8 1
gene 3 3 30 2.87956 0 70 2.87956 1
gene 3 30 7 3.71107 0 71 3.71107 1
gene 3 2 30 -0.140209 0 99 -0.140209 1
gene 3 7 50 2.01672 0 133 2.01672 1
gene 3 50 4 4.70429 0 134 4.70429 1
gene 3 3 56 0.803715 0 149 0.803715 1
gene 3 56 7 1.16597 0 150 1.16597 1
genomeend 118

/* Species #21 : (Size 9) (AF 7.97869) (Age 3)  */


/* Organism #119 Fitness: 8.99997 Error: 1.00001 */
genomestart 119
trait 1 0.1 0 0 0 0 0 0 0 
trait 2 0 0 0.236414 0 0 0 0.768884 0 
trait 3 0.3 0 0 0.314542 0 0.421014 0 0.468844 
node 1 2 1 3
node 2 3 1 1
node 3 2 1 1
node 4 3 0 2
node 7 1 0 0
node 14 1 0 0
node 37 1 0 0
gene 3 1 4 -3.27088 0 1 -3.27088 1
gene 3 2 4 5.12309 0 2 5.12309 1
gene 2 3 4 6.72518 0 3 6.72518 1
gene 3 2 7 0.971919 0 8 0.971919 1
gene 3 7 4 1.60547 0 9 1.60547 1
gene 3 3 7 7.33198 0 14 7.33198 1
gene 3 7 14 1.11533 0 27 1.11533 1
gene 3 14 4 -1.12432 0 28 -1.12432 0
gene 3 14 37 -1.25258 0 92 -1.25258 1
gene 3 37 4 -0.317601 0 93 -0.317601 1
gene 1 1 14 1.5665 0 166 1.5665 1
genomeend 119

/* Organism #120 Fitness: 8.99865 Error: 1.00022 */
genomestart 120
trait 1 0.1 0 0 0 0 0 0 0 
trait 2 0.1 0 0.118207 0 0 0 0.384442 0 
trait 3 0.3 0 0 0.314542 0 0.421014 0 0.468844 
node 1 2 1 3
node 2 3 1 1
node 3 2 1 1
node 4 3 0 2
node 7 1 0 0
node 14 1 0 0
node 37 1 0 0
gene 3 1 4 -5.02168 0 1 -5.02168 1
gene 3 2 4 5.29024 0 2 5.29024 1
gene 2 3 4 5.27212 0 3 5.27212 1
gene 3 2 7 0.826577 0 8 0.826577 1
gene 3 7 4 1.42744 0 9 1.42744 1
gene 3 3 7 8 0 14 8 1
gene 3 7 14 0.985397 0 27 0.985397 1
gene 3 14 4 0.292318 0 28 0.292318 0
gene 3 14 37 0.785803 0 92 0.785803 1
gene 3 37 4 0.297009 0 93 0.297009 1
gene 1 1 14 -1.46462 0 166 -1.46462 1
genomeend 120

/* Organism #121 Fitness: 8.99952 Error: 1.00008 */
genomestart 121
trait 1 0.1 0 0 0 0 0 0 0 
trait 2 0.2 0 0 0 0 0 0 0 
trait 3 0.3 0 0 0.314542 0 0.421014 0 0.468844 
node 1 2 1 3
node 2 3 1 1
node 3 2 1 1
node 4 3 0 2
node 7 1 0 0
node 14 1 0 0
node 37 1 0 0
gene 3 1 4 -2.25636 0 1 -2.25636 1
gene 3 2 4 4.27027 0 2 4.27027 1
gene 2 3 4 5.57596 0 3 5.57596 1
gene 3 2 7 3.12125 0 8 3.12125 1
gene 3 7 4 0.0625687 0 9 0.0625687 1
gene 3 3 7 7.27957 0 14 7.27957 1
gene 3 7 14 0.612088 0 27 0.612088 1
gene 3 14 4 0.226026 0 28 0.226026 0
gene 3 14 37 1.00921 0 92 1.00921 1
gene 3 37 4 0.297009 0 93 0.297009 1
gene 1 1 14 0.78389 0 166 0.78389 1
gene 3 1 37 -0.320937 0 186 -0.320937 1
genomeend 121

/* Organism #122 Fitness: 4.08111 Error: 1.97982 */
genomestart 122
trait 1 0.1 0 0 0 0 0 0 0 
trait 2 0.1 0 0.118207 0 0 0 0.384442 0 
trait 3 0.3 0 0 0.314542 0 0.421014 0 0.468844 
node 1 2 1 3
node 2 3 1 1
node 3 2 1 1
node 4 3 0 2
node 7 1 0 0
node 14 1 0 0
node 37 1 0 0
gene 3 1 4 -0.680149 0 1 -0.680149 1
gene 3 2 4 2.06159 0 2 2.06159 1
gene 2 3 4 6.29396 0 3 6.29396 1
gene 3 2 7 3.63364 0 8 3.63364 1
gene 3 7 4 -2.17319 0 9 -2.17319 1
gene 3 3 7 5.66311 0 14 5.66311 1
gene 3 7 14 -1.3703 0 27 -1.3703 1
gene 3 14 4 0.135334 0 28 0.135334 0
gene 3 14 37 -0.753434 0 92 -0.753434 1
gene 3 37 4 0.207829 0 93 0.207829 1
gene 1 1 14 3.52869 0 166 3.52869 1
genomeend 122

/* Organism #123 Fitness: 8.99915 Error: 1.00014 */
genomestart 123
trait 1 0.1 0 0 0 0 0 0 0 
trait 2 0 0 0.236414 0 0 0 0.768884 0 
trait 3 0.3 0 0 0.314542 0 0.421014 0 0.468844 
node 1 2 1 3
node 2 3 1 1
node 3 2 1 1
node 4 3 0 2
node 7 1 0 0
node 14 1 0 0
node 37 1 0 0
node 69 1 0 0
gene 3 1 4 -3.27088 0 1 -3.27088 1
gene 3 2 4 5.12309 0 2 5.12309 1
gene 2 3 4 6.72518 0 3 6.72518 1
gene 3 2 7 0.971919 0 8 0.971919 0
gene 3 7 4 1.60547 0 9 1.60547 1
gene 3 3 7 7.33198 0 14 7.33198 1
gene 3 7 14 1.11533 0 27 1.11533 1
gene 3 14 4 -1.12432 0 28 -1.12432 0
gene 3 14 37 -1.25258 0 92 -1.25258 1
gene 3 37 4 -0.317601 0 93 -0.317601 1
gene 1 1 14 1.5665 0 166 1.5665 1
gene 3 2 69 1 0 191 0 1
gene 3 69 7 0.971919 0 192 0 1
genomeend 123

/* Organism #124 Fitness: 8.9741 Error: 1.00432 */
genomestart 124
trait 1 0.1 0 0 0 0 0 0 0 
trait 2 0.1 0 0.118207 0 0 0 0.384442 0 
trait 3 0.3 0 0 0.314542 0 0.421014 0 0.468844 
node 1 2 1 3
node 2 3 1 1
node 3 2 1 1
node 4 3 0 2
node 7 1 0 0
node 14 1 0 0
node 37 1 0 0
gene 3 1 4 -2.76362 0 1 -2.76362 1
gene 3 2 4 3.74455 0 2 3.74455 1
gene 2 3 4 1.21912 0 3 1.21912 1
gene 3 2 7 0.119254 0 8 0.119254 1
gene 3 7 4 3.29983 0 9 3.29983 1
gene 3 3 7 8 0 14 8 1
gene 3 7 14 1.31762 0 27 1.31762 1
gene 3 14 4 -1.94683 0 28 -1.94683 0
gene 3 14 37 -1.57006 0 92 -1.57006 1
gene 3 37 4 1.03325 0 93 1.03325 1
gene 1 1 14 1.17519 0 166 1.17519 1
genomeend 124

/* Organism #125 Fitness: 8.99388 Error: 1.00102 */
genomestart 125
trait 1 0.1 0 0 0 0 0 0 0 
trait 2 0 0 0.236414 0 0 0 0.768884 0 
trait 3 0.3 0 0 0.314542 0 0.421014 0 0.468844 
node 1 2 1 3
node 2 3 1 1
node 3 2 1 1
node 4 3 0 2
node 7 1 0 0
node 14 1 0 0
node 37 1 0 0
gene 3 1 4 -4.963 0 1 -4.963 1
gene 3 2 4 6.42996 0 2 6.42996 1
gene 2 3 4 8 0 3 8 1
gene 3 2 7 2.56118 0 8 2.56118 1
gene 3 7 4 -0.0683624 0 9 -0.0683624 1
gene 3 3 7 6.91861 0 14 6.91861 1
gene 3 7 14 -0.20695 0 27 -0.20695 1
gene 3 14 4 -1.95524 0 28 -1.95524 0
gene 3 14 37 -2.24578 0 92 -2.24578 1
gene 3 37 4 1.98247 0 93 1.98247 1
gene 1 1 14 2.40197 0 166 2.40197 1
genomeend 125

/* Organism #126 Fitness: 4.76228 Error: 1.81774 */
genomestart 126
trait 1 0.1 0 0 0 0 0 0 0 
trait 2 0.2 0 0 0 0 0 0 0 
trait 3 0.3 0 0 0.314542 0 0.421014 0 0.468844 
node 1 2 1 3
node 2 3 1 1
node 3 2 1 1
node 4 3 0 2
node 7 1 0 0
node 14 1 0 0
node 37 1 0 0
gene 3 1 4 -0.412695 0 1 -0.412695 1
gene 3 2 4 2.53529 0 2 2.53529 1
gene 2 3 4 4.4678 0 3 4.4678 1
gene 3 2 7 4.77136 0 8 4.77136 1
gene 3 7 4 1.50063 0 9 1.50063 1
gene 3 3 7 7.97081 0 14 7.97081 1
gene 3 7 14 2.834 0 27 2.834 1
gene 3 14 4 -2.29217 0 28 -2.29217 0
gene 3 14 37 -0.642614 0 92 -0.642614 1
gene 3 37 4 -0.67733 0 93 -0.67733 1
gene 1 1 14 0.0736596 0 166 0.0736596 1
gene 3 1 37 0.0373351 0 186 0.0373351 1
genomeend 126

/* Organism #127 Fitness: 8.99952 Error: 1.00008 */
genomestart 127
trait 1 0.1 0 0 0 0 0 0 0 
trait 2 0.2 0 0 0 0 0 0 0 
trait 3 0.3 0 0 0.314542 0 0.421014 0 0.468844 
node 1 2 1 3
node 2 3 1 1
node 3 2 1 1
node 4 3 0 2
node 7 1 0 0
node 14 1 0 0
node 37 1 0 0
gene 3 1 4 -2.25636 0 1 -2.25636 1
gene 3 2 4 4.27027 0 2 4.27027 1
gene 2 3 4 5.57596 0 3 5.57596 1
gene 3 2 7 3.12125 0 8 3.12125 1
gene 3 7 4 0.0625687 0 9 0.0625687 1
gene 3 3 7 7.27957 0 14 7.27957 1
gene 3 7 14 0.612088 0 27 0.612088 1
gene 3 14 4 0.226026 0 28 0.226026 0
gene 3 14 37 1.00921 0 92 1.00921 1
gene 3 37 4 0.297009 0 93 0.297009 1
gene 1 1 14 0.78389 0 166 0.78389 1
gene 3 1 37 -0.320937 0 186 -0.320937 1
genomeend 127

/* Species #22 : (Size 11) (AF 5.66533) (Age 2)  */


/* Organism #128 Fitness: 8.99523 Error: 1.0008 */
genomestart 128
trait 1 0.41741 0 0 0 0 0 0 0 
trait 2 0.2 0 0 0 0 0 0 0 
trait 3 0.225 0 0 0 0 0 0 0 
node 1 2 1 3
node 2 3 1 1
node 3 2 1 1
node 4 1 0 2
node 7 1 0 0
node 22 1 0 0
node 62 1 0 0
gene 3 1 4 -1.73163 0 1 -1.73163 1
gene 3 2 4 -3.49404 0 2 -3.49404 1
gene 2 3 4 3.55638 0 3 3.55638 1
gene 3 2 7 -0.911158 0 8 -0.911158 1
gene 3 7 4 1.09466 0 9 1.09466 1
gene 3 2 22 -0.524433 0 49 -0.524433 0
gene 3 22 7 -1.76051 0 50 -1.76051 1
gene 1 3 7 -0.553318 0 129 0 1
gene 3 2 62 1 0 170 0 1
gene 3 62 22 -0.524433 0 171 0 1
genomeend 128

/* Organism #129 Fitness: 4.02849 Error: 1.99289 */
genomestart 129
trait 1 0.41741 0 0 0 0 0 0 0 
trait 2 0.2 0 0 0 0 0 0 0 
trait 3 0.225 0 0 0 0 0 0 0 
node 1 2 1 3
node 2 3 1 1
node 3 2 1 1
node 4 1 0 2
node 7 1 0 0
node 22 1 0 0
node 62 1 0 0
gene 3 1 4 -4.04315 0 1 -4.04315 1
gene 3 2 4 -5.42778 0 2 -5.42778 1
gene 2 3 4 2.85031 0 3 2.85031 1
gene 3 2 7 -1.89019 0 8 -1.89019 1
gene 3 7 4 1.09466 0 9 1.09466 1
gene 3 2 22 -0.524433 0 49 -0.524433 0
gene 3 22 7 -1.1529 0 50 -1.1529 1
gene 1 3 7 -0.315601 0 129 -0.315601 1
gene 3 2 62 0.157843 0 170 0.157843 1
gene 3 62 22 -2.68126 0 171 -2.68126 1
genomeend 129

/* Organism #130 Fitness: 8.99523 Error: 1.0008 */
genomestart 130
trait 1 0.41741 0 0 0 0 0 0 0 
trait 2 0.524294 0 0.0542102 0 0.348991 0 0 0 
trait 3 0.225 0 0 0 0 0 0 0 
node 1 2 1 3
node 2 3 1 1
node 3 2 1 1
node 4 1 0 2
node 7 1 0 0
node 22 1 0 0
node 62 1 0 0
gene 3 1 4 -1.73163 0 1 -1.73163 1
gene 3 2 4 -3.49404 0 2 -3.49404 1
gene 2 3 4 3.55638 0 3 3.55638 1
gene 3 2 7 -0.911158 0 8 -0.911158 1
gene 3 7 4 1.09466 0 9 1.09466 1
gene 3 2 22 -0.524433 0 49 -0.524433 0
gene 3 22 7 -1.76051 0 50 -1.76051 1
gene 1 3 7 -0.553318 0 129 0 1
gene 3 2 62 1 0 170 0 1
gene 3 62 22 -0.524433 0 171 0 1
genomeend 130

/* Organism #131 Fitness: 4 Error: 2 */
genomestart 131
trait 1 0.41741 0 0 0 0 0 0 0 
trait 2 0.2 0 0 0 0 0 0 0 
trait 3 0.225 0 0 0 0 0 0 0 
node 1 2 1 3
node 2 3 1 1
node 3 2 1 1
node 4 1 0 2
node 7 1 0 0
node 22 1 0 0
node 62 1 0 0
gene 3 1 4 -3.12149 0 1 -3.12149 1
gene 3 2 4 -4.12993 0 2 -4.12993 1
gene 2 3 4 0.0166227 0 3 0.0166227 1
gene 3 2 7 -1.10265 0 8 -1.10265 1
gene 3 7 4 -0.717817 0 9 -0.717817 1
gene 3 2 22 -2.42239 0 49 -2.42239 0
gene 3 22 7 -3.50589 0 50 -3.50589 1
gene 1 3 7 0.612943 0 129 0.612943 1
gene 3 2 62 -1.09434 0 170 -1.09434 1
gene 3 62 22 -0.288751 0 171 -0.288751 1
genomeend 131

/* Organism #132 Fitness: 4.0154 Error: 1.99615 */
genomestart 132
trait 1 0.41741 0 0 0 0 0 0 0 
trait 2 0.2 0 0 0 0 0 0 0 
trait 3 0.225 0 0 0 0 0 0 0 
node 1 2 1 3
node 2 3 1 1
node 3 2 1 1
node 4 1 0 2
node 7 1 0 0
node 22 1 0 0
node 62 1 0 0
gene 3 1 4 -2.94484 0 1 -2.94484 1
gene 3 2 4 -4.1448 0 2 -4.1448 1
gene 2 3 4 1.81642 0 3 1.81642 1
gene 3 2 7 -2.13908 0 8 -2.13908 1
gene 3 7 4 1.52186 0 9 1.52186 1
gene 3 2 22 1.37121 0 49 1.37121 0
gene 3 22 7 -1.15242 0 50 -1.15242 1
gene 1 3 7 -1.26371 0 129 -1.26371 1
gene 3 2 62 1.44859 0 170 1.44859 1
gene 3 62 22 1.67898 0 171 1.67898 1
genomeend 132

/* Organism #133 Fitness: 8.67344 Error: 1.05493 */
genomestart 133
trait 1 0.41741 0 0 0 0 0 0 0 
trait 2 0.2 0 0 0 0 0 0 0 
trait 3 0.225 0 0 0 0 0 0 0 
node 1 2 1 3
node 2 3 1 1
node 3 2 1 1
node 4 1 0 2
node 7 1 0 0
node 22 1 0 0
node 62 1 0 0
gene 3 1 4 -1.41028 0 1 -1.41028 1
gene 3 2 4 -4.6963 0 2 -4.6963 1
gene 2 3 4 5.5246 0 3 5.5246 1
gene 3 2 7 -1.69428 0 8 -1.69428 1
gene 3 7 4 1.09466 0 9 1.09466 1
gene 3 2 22 -2.55857 0 49 -2.55857 0
gene 3 22 7 -3.50059 0 50 -3.50059 1
gene 1 3 7 -0.394104 0 129 -0.394104 1
gene 3 2 62 -0.729116 0 170 -0.729116 1
gene 3 62 22 -0.485457 0 171 -0.485457 1
genomeend 133

/* Organism #134 Fitness: 5.50078 Error: 1.65463 */
genomestart 134
trait 1 0.41741 0 0 0 0 0 0 0 
trait 2 0.2 0 0 0 0 0 0 0 
trait 3 0.225 0 0 0 0 0 0 0 
node 1 2 1 3
node 2 3 1 1
node 3 2 1 1
node 4 1 0 2
node 7 1 0 0
node 22 1 0 0
node 62 1 0 0
gene 3 1 4 0.086095 0 1 0.086095 1
gene 3 2 4 -5.38259 0 2 -5.38259 1
gene 2 3 4 2.31827 0 3 2.31827 1
gene 3 2 7 1.33423 0 8 1.33423 1
gene 3 7 4 0.0885488 0 9 0.0885488 1
gene 3 2 22 1.26061 0 49 1.26061 0
gene 3 22 7 -0.63535 0 50 -0.63535 1
gene 1 3 7 -1.33995 0 129 -1.33995 1
gene 3 2 62 2.65037 0 170 2.65037 1
gene 3 62 22 -1.98231 0 171 -1.98231 1
genomeend 134

/* Organism #135 Fitness: 2.27662 Error: 2.49115 */
genomestart 135
trait 1 0.41741 0 0 0 0 0 0 0 
trait 2 0.2 0 0 0 0 0 0 0 
trait 3 0.225 0 0 0 0 0 0 0 
node 1 2 1 3
node 2 3 1 1
node 3 2 1 1
node 4 1 0 2
node 7 1 0 0
node 22 1 0 0
node 62 1 0 0
gene 3 1 4 -0.0225004 0 1 -0.0225004 1
gene 3 2 4 -2.4058 0 2 -2.4058 1
gene 2 3 4 1.92194 0 3 1.92194 1
gene 3 2 7 0.266441 0 8 0.266441 1
gene 3 7 4 1.98564 0 9 1.98564 1
gene 3 2 22 -0.263855 0 49 -0.263855 0
gene 3 22 7 -0.883278 0 50 -0.883278 1
gene 1 3 7 0.270386 0 129 0.270386 1
gene 3 2 62 0.152683 0 170 0.152683 1
gene 3 62 22 0.195335 0 171 0.195335 1
genomeend 135

/* Organism #136 Fitness: 4.44335 Error: 1.89208 */
genomestart 136
trait 1 0.41741 0 0 0 0 0 0 0 
trait 2 0.2 0 0 0 0 0 0 0 
trait 3 0.225 0 0 0 0 0 0 0 
node 1 2 1 3
node 2 3 1 1
node 3 2 1 1
node 4 1 0 2
node 7 1 0 0
node 22 1 0 0
node 62 1 0 0
gene 3 1 4 -0.646451 0 1 -0.646451 1
gene 3 2 4 -2.58471 0 2 -2.58471 1
gene 2 3 4 3.55638 0 3 3.55638 1
gene 3 2 7 -0.911158 0 8 -0.911158 1
gene 3 7 4 1.09466 0 9 1.09466 1
gene 3 2 22 2.37361 0 49 2.37361 0
gene 3 22 7 -0.506846 0 50 -0.506846 1
gene 1 3 7 -2.39617 0 129 -2.39617 1
gene 3 2 62 1 0 170 1 1
gene 3 62 22 1.59522 0 171 1.59522 1
genomeend 136

/* Organism #137 Fitness: 8.93505 Error: 1.01084 */
genomestart 137
trait 1 0.41741 0 0 0 0 0 0 0 
trait 2 0.2 0 0 0 0 0 0 0 
trait 3 0.225 0 0 0 0 0 0 0 
node 1 2 1 3
node 2 3 1 1
node 3 2 1 1
node 4 1 0 2
node 7 1 0 0
node 22 1 0 0
node 62 1 0 0
node 71 1 0 0
gene 3 1 4 -1.73163 0 1 -1.73163 1
gene 3 2 4 -3.49404 0 2 -3.49404 1
gene 2 3 4 3.55638 0 3 3.55638 1
gene 3 2 7 -0.911158 0 8 -0.911158 1
gene 3 7 4 1.09466 0 9 1.09466 0
gene 3 2 22 -0.524433 0 49 -0.524433 0
gene 3 22 7 -1.76051 0 50 -1.76051 1
gene 1 3 7 -0.553318 0 129 0 1
gene 3 2 62 1 0 170 0 1
gene 3 62 22 -0.524433 0 171 0 1
gene 3 7 71 1 0 195 0 1
gene 3 71 4 1.09466 0 196 0 1
genomeend 137

/* Organism #138 Fitness: 2.45503 Error: 2.43315 */
genomestart 138
trait 1 0.41741 0 0 0 0 0 0 0 
trait 2 0.2 0 0 0 0 0 0 0 
trait 3 0.225 0 0 0 0 0 0 0 
node 1 2 1 3
node 2 3 1 1
node 3 2 1 1
node 4 1 0 2
node 7 1 0 0
node 22 1 0 0
node 62 1 0 0
gene 3 1 4 0.00495217 0 1 0.00495217 1
gene 3 2 4 -1.09643 0 2 -1.09643 1
gene 2 3 4 4.8711 0 3 4.8711 1
gene 3 2 7 -0.95314 0 8 -0.95314 1
gene 3 7 4 -1.40408 0 9 -1.40408 1
gene 3 2 22 -0.709023 0 49 -0.709023 0
gene 3 22 7 -2.99958 0 50 -2.99958 1
gene 1 3 7 1.91248 0 129 1.91248 1
gene 1 2 62 -1.18249 0 170 -1.18249 1
gene 3 62 22 -0.524433 0 171 -0.524433 1
genomeend 138

/* Species #23 : (Size 11) (AF 8.57418) (Age 2)  */


/* Organism #139 Fitness: 8.9768 Error: 1.00387 */
genomestart 139
trait 1 0.075 0 0.119755 0 0.0831092 0.211829 0 0.045388 
trait 2 0.2 0 0.976896 0 0 0 0 0 
trait 3 0.273118 0.0378646 0.61411 0 0 0.673791 0.137354 0 
node 1 3 1 3
node 2 3 1 1
node 3 2 1 1
node 4 3 0 2
node 7 1 0 0
node 19 1 0 0
node 31 1 0 0
node 63 1 0 0
gene 3 1 4 -3.04221 0 1 -3.04221 1
gene 3 2 4 6.18743 0 2 6.18743 1
gene 2 3 4 4.92562 0 3 4.92562 1
gene 3 2 7 -2.19568 0 8 -2.19568 0
gene 3 7 4 -3.28929 0 9 -3.28929 1
gene 3 7 19 3.32585 0 42 3.32585 1
gene 3 19 4 2.07821 0 43 2.07821 0
gene 3 2 31 1.53997 0 72 1.53997 1
gene 3 31 7 -7.54653 0 73 -7.54653 1
gene 3 19 63 1 0 173 0 1
gene 3 63 4 2.07821 0 174 0 1
gene 3 2 63 -0.744145 0 184 -0.744145 1
genomeend 139

/* Organism #140 Fitness: 8.94678 Error: 1.00888 */
genomestart 140
trait 1 0.075 0 0.119755 0 0.0831092 0.211829 0 0.045388 
trait 2 0.2 0 0.976896 0 0 0 0 0 
trait 3 0.273118 0.0378646 0.61411 0 0 0.673791 0.137354 0 
node 1 3 1 3
node 2 3 1 1
node 3 2 1 1
node 4 3 0 2
node 7 1 0 0
node 19 1 0 0
node 31 1 0 0
node 63 1 0 0
gene 3 1 4 -5.00247 0 1 -5.00247 1
gene 3 2 4 5.94963 0 2 5.94963 1
gene 2 3 4 7.19886 0 3 7.19886 1
gene 3 2 7 -3.85805 0 8 -3.85805 0
gene 3 7 4 -4.24406 0 9 -4.24406 1
gene 3 7 19 4.73441 0 42 4.73441 1
gene 3 19 4 3.72919 0 43 3.72919 0
gene 3 2 31 3.46637 0 72 3.46637 1
gene 3 31 7 -8 0 73 -8 1
gene 3 19 63 3.29083 0 173 3.29083 1
gene 3 63 4 0.0141418 0 174 0.0141418 1
gene 3 2 63 -1.41222 0 184 -1.41222 1
genomeend 140

/* Organism #141 Fitness: 8.98999 Error: 1.00167 */
genomestart 141
trait 1 0.075 0 0.119755 0 0.0831092 0.211829 0 0.045388 
trait 2 0.2 0 0.976896 0 0 0 0 0 
trait 3 0.273118 0.0378646 0.61411 0 0 0.673791 0.137354 0 
node 1 3 1 3
node 2 3 1 1
node 3 2 1 1
node 4 3 0 2
node 7 1 0 0
node 19 1 0 0
node 31 1 0 0
node 63 1 0 0
gene 3 1 4 -2.10889 0 1 -2.10889 1
gene 3 2 4 4.31955 0 2 4.31955 1
gene 2 3 4 3.12717 0 3 3.12717 1
gene 3 2 7 -2.30564 0 8 -2.30564 0
gene 3 7 4 -1.64492 0 9 -1.64492 1
gene 3 7 19 4.02207 0 42 4.02207 1
gene 3 19 4 3.62747 0 43 3.62747 0
gene 3 2 31 0.637901 0 72 0.637901 1
gene 3 31 7 -6.81836 0 73 -6.81836 1
gene 3 19 63 -0.19757 0 173 -0.19757 1
gene 3 63 4 2.07821 0 174 2.07821 1
gene 3 2 63 -0.744145 0 184 -0.744145 1
genomeend 141

/* Organism #142 Fitness: 8.86721 Error: 1.02221 */
genomestart 142
trait 1 0.075 0 0.119755 0 0.0831092 0.211829 0 0.045388 
trait 2 0.2 0 0.976896 0 0 0 0 0 
trait 3 0.273118 0.0378646 0.61411 0 0 0.673791 0.137354 0 
node 1 3 1 3
node 2 3 1 1
node 3 2 1 1
node 4 3 0 2
node 7 1 0 0
node 19 1 0 0
node 31 1 0 0
node 63 1 0 0
gene 3 1 4 -5.41148 0 1 -5.41148 1
gene 3 2 4 6.16227 0 2 6.16227 1
gene 2 3 4 6.34798 0 3 6.34798 1
gene 3 2 7 0.0308283 0 8 0.0308283 0
gene 3 7 4 -3.09539 0 9 -3.09539 1
gene 3 7 19 3.78279 0 42 3.78279 1
gene 3 19 4 2.83948 0 43 2.83948 0
gene 3 2 31 1.76231 0 72 1.76231 1
gene 3 31 7 -8 0 73 -8 1
gene 3 19 63 -0.349974 0 173 -0.349974 1
gene 3 63 4 2.07821 0 174 2.07821 1
gene 3 2 63 -0.744145 0 184 -0.744145 1
genomeend 142

/* Organism #143 Fitness: 8.9768 Error: 1.00387 */
genomestart 143
trait 1 0.075 0 0.119755 0 0.0831092 0.211829 0 0.045388 
trait 2 0.2 0 0.976896 0 0 0 0 0 
trait 3 0.273118 0.0378646 0.61411 0 0 0.673791 0.137354 0 
node 1 3 1 3
node 2 3 1 1
node 3 2 1 1
node 4 3 0 2
node 7 1 0 0
node 19 1 0 0
node 31 1 0 0
node 63 1 0 0
node 72 1 0 0
gene 3 1 4 -3.04221 0 1 -3.04221 1
gene 3 2 4 6.18743 0 2 6.18743 1
gene 2 3 4 4.92562 0 3 4.92562 1
gene 3 2 7 -2.19568 0 8 -2.19568 0
gene 3 7 4 -3.28929 0 9 -3.28929 1
gene 3 7 19 3.32585 0 42 3.32585 1
gene 3 19 4 2.07821 0 43 2.07821 0
gene 3 2 31 1.53997 0 72 1.53997 1
gene 3 31 7 -7.54653 0 73 -7.54653 0
gene 3 19 63 1 0 173 0 1
gene 3 63 4 2.07821 0 174 0 1
gene 3 2 63 -0.744145 0 184 -0.744145 1
gene 3 31 72 1 0 197 0 1
gene 3 72 7 -7.54653 0 198 0 1
genomeend 143

/* Organism #144 Fitness: 8.90122 Error: 1.01651 */
genomestart 144
trait 1 0.075 0 0.119755 0 0.0831092 0.211829 0 0.045388 
trait 2 0.2 0 0.976896 0 0 0 0 0 
trait 3 0.273118 0.0378646 0.61411 0 0 0.673791 0.137354 0 
node 1 3 1 3
node 2 3 1 1
node 3 2 1 1
node 4 3 0 2
node 7 1 0 0
node 19 1 0 0
node 31 1 0 0
node 63 1 0 0
gene 3 1 4 -2.08424 0 1 -2.08424 1
gene 3 2 4 7.12189 0 2 7.12189 1
gene 2 3 4 7.21006 0 3 7.21006 1
gene 3 2 7 -2.25244 0 8 -2.25244 0
gene 3 7 4 -3.28929 0 9 -3.28929 1
gene 3 7 19 1.74373 0 42 1.74373 1
gene 3 19 4 3.6635 0 43 3.6635 0
gene 3 2 31 3.58537 0 72 3.58537 1
gene 3 31 7 0.0768385 0 73 0.0768385 1
gene 3 19 63 2.44781 0 173 2.44781 1
gene 3 63 4 3.054 0 174 3.054 1
gene 3 2 63 -0.744145 0 184 -0.744145 1
genomeend 144

/* Organism #145 Fitness: 8.98855 Error: 1.00191 */
genomestart 145
trait 1 0.075 0 0.119755 0 0.0831092 0.211829 0 0.045388 
trait 2 0.2 0 0.976896 0 0 0 0 0 
trait 3 0.273118 0.0378646 0.61411 0 0 0.673791 0.137354 0 
node 1 3 1 3
node 2 3 1 1
node 3 2 1 1
node 4 3 0 2
node 7 1 0 0
node 19 1 0 0
node 31 1 0 0
node 63 1 0 0
gene 3 1 4 -3.04221 0 1 -3.04221 1
gene 3 2 4 6.18743 0 2 6.18743 1
gene 2 3 4 4.92562 0 3 4.92562 1
gene 3 2 7 -2.19568 0 8 -2.19568 0
gene 3 7 4 -3.28929 0 9 -3.28929 1
gene 3 7 19 3.32585 0 42 3.32585 1
gene 3 19 4 2.07821 0 43 2.07821 0
gene 3 2 31 1.53997 0 72 1.53997 1
gene 3 31 7 -7.54653 0 73 -7.54653 1
gene 3 19 63 1 0 173 0 1
gene 3 63 4 2.07821 0 174 0 1
gene 3 2 63 -0.744145 0 184 -0.744145 1
gene 1 31 63 -0.288268 0 199 -0.288268 1
genomeend 145

/* Organism #146 Fitness: 8.069 Error: 1.1594 */
genomestart 146
trait 1 0.075 0 0.119755 0 0.0831092 0.211829 0 0.045388 
trait 2 0.2 0 0.976896 0 0 0 0 0 
trait 3 0.784199 0.587028 1 0.781506 0 0.673791 0.137354 0 
node 1 3 1 3
node 2 3 1 1
node 3 2 1 1
node 4 3 0 2
node 7 1 0 0
node 19 1 0 0
node 31 1 0 0
node 63 1 0 0
gene 3 1 4 -5.47524 0 1 -5.47524 1
gene 3 2 4 6.702 0 2 6.702 1
gene 2 3 4 5.65407 0 3 5.65407 1
gene 3 2 7 -0.754278 0 8 -0.754278 0
gene 3 7 4 -4.55285 0 9 -4.55285 1
gene 3 7 19 1.56491 0 42 1.56491 1
gene 3 19 4 -0.716703 0 43 -0.716703 0
gene 3 2 31 1.43356 0 72 1.43356 1
gene 3 31 7 -0.672195 0 73 -0.672195 1
gene 3 19 63 -0.127745 0 173 -0.127745 1
gene 3 63 4 2.358 0 174 2.358 1
gene 3 2 63 -1.40883 0 184 -1.40883 1
genomeend 146

/* Organism #147 Fitness: 8.99939 Error: 1.0001 */
genomestart 147
trait 1 0.075 0 0.119755 0 0.0831092 0.211829 0 0.045388 
trait 2 0.2 0 0.976896 0 0 0 0 0 
trait 3 0.273118 0.0378646 0.61411 0 0 0.673791 0.137354 0 
node 1 3 1 3
node 2 3 1 1
node 3 2 1 1
node 4 3 0 2
node 7 1 0 0
node 19 1 0 0
node 31 1 0 0
node 63 1 0 0
gene 3 1 4 -3.04221 0 1 -3.04221 1
gene 3 2 4 6.52614 0 2 6.52614 1
gene 2 3 4 4.92562 0 3 4.92562 1
gene 3 2 7 -0.957155 0 8 -0.957155 0
gene 3 7 4 -0.711668 0 9 -0.711668 1
gene 3 7 19 3.44369 0 42 3.44369 1
gene 3 19 4 -0.0385964 0 43 -0.0385964 0
gene 3 2 31 -0.687793 0 72 -0.687793 1
gene 3 31 7 -7.82492 0 73 -7.82492 1
gene 3 19 63 1.13254 0 173 1.13254 1
gene 3 63 4 1.24764 0 174 1.24764 1
gene 3 2 63 2.07943 0 184 2.07943 1
genomeend 147

/* Organism #148 Fitness: 8.9768 Error: 1.00387 */
genomestart 148
trait 1 0.075 0 0.119755 0 0.0831092 0.211829 0 0.045388 
trait 2 0.2 0 0.976896 0 0 0 0 0 
trait 3 0.273118 0.0378646 0.61411 0 0 0.673791 0.137354 0 
node 1 3 1 3
node 2 3 1 1
node 3 2 1 1
node 4 3 0 2
node 7 1 0 0
node 19 1 0 0
node 31 1 0 0
node 63 1 0 0
gene 3 1 4 -3.04221 0 1 -3.04221 1
gene 3 2 4 6.18743 0 2 6.18743 1
gene 2 3 4 4.92562 0 3 4.92562 1
gene 3 2 7 -2.19568 0 8 -2.19568 0
gene 3 7 4 -3.28929 0 9 -3.28929 1
gene 3 7 19 3.32585 0 42 3.32585 1
gene 3 19 4 2.07821 0 43 2.07821 0
gene 3 2 31 1.53997 0 72 1.53997 1
gene 3 31 7 -7.54653 0 73 -7.54653 1
gene 3 19 63 1 0 173 0 1
gene 3 63 4 2.07821 0 174 0 1
gene 3 2 63 -0.744145 0 184 -0.744145 1
gene 2 3 63 0.359984 0 200 0.359984 1
genomeend 148

/* Organism #149 Fitness: 5.62341 Error: 1.62863 */
genomestart 149
trait 1 0.075 0 0 0 0.797076 0 0 0 
trait 2 0.2 0 0.976896 0 0 0 0 0 
trait 3 0.273118 0.0378646 0.61411 0 0 0.673791 0.137354 0 
node 1 3 1 3
node 2 3 1 1
node 3 2 1 1
node 4 3 0 2
node 7 1 0 0
node 19 1 0 0
node 31 1 0 0
node 63 1 0 0
gene 3 1 4 0.0318787 0 1 0.0318787 1
gene 3 2 4 6.92182 0 2 6.92182 1
gene 2 3 4 0.898098 0 3 0.898098 1
gene 3 2 7 -3.10971 0 8 -3.10971 0
gene 3 7 4 -2.10222 0 9 -2.10222 1
gene 3 7 19 1.74313 0 42 1.74313 1
gene 3 19 4 4.18355 0 43 4.18355 0
gene 3 2 31 2.32584 0 72 2.32584 1
gene 3 31 7 -7.32218 0 73 -7.32218 1
gene 3 19 63 -1.41699 0 173 -1.41699 1
gene 3 63 4 2.3189 0 174 2.3189 1
gene 3 2 63 -2.90246 0 184 -2.90246 1
genomeend 149
